id,age,gender,race,label,y_true,y_pred,logits,conf
angry_08e3f0a3bdb61ad94d5489195ff65b4a,40-49,Male,White,angry,0,1,"[5.757716655731201, 7.190858840942383, -1.158790111541748, -6.067862033843994, -4.975996971130371, 1.9952584505081177, -4.535196781158447]",tensor(0.8036)
neutral_66e0caef40889012857562f63b60144d,00-02,Female,White,neutral,4,5,"[-0.746090292930603, -3.604471206665039, -1.572472333908081, -4.212803363800049, 3.239607572555542, 4.179338455200195, -3.022594451904297]",tensor(0.7130)
neutral_caaabab610effc9afd66f8646bee63a8,50-59,Male,White,neutral,4,5,"[0.15694092214107513, -3.557427406311035, -4.8192033767700195, -3.708169460296631, 3.5421791076660156, 6.7040324211120605, -4.241905689239502]",tensor(0.9580)
sad_3ef4246c003733a4c541cecd34645d10,03-09,Female,White,sad,5,5,"[-2.2915103435516357, -3.6321401596069336, -3.497009754180908, -1.425561785697937, 1.5192029476165771, 7.4169182777404785, -3.3482749462127686]",tensor(0.9970)
surprise_f781b3d2bf28cee826a2f69846cdad14,30-39,Male,Latino_Hispanic,surprise,6,4,"[-2.391434907913208, -2.178494691848755, -4.008842945098877, 0.39439576864242554, 2.189168930053711, 0.6895902156829834, 0.0693192258477211]",tensor(0.6517)
sad_efc64a29e7c7a0cbbb0405ea41ad14de,20-29,Female,White,sad,5,5,"[-0.72757488489151, -1.2696337699890137, -0.6884015202522278, -2.2196006774902344, 0.7171036005020142, 3.3050622940063477, -3.458012580871582]",tensor(0.8875)
neutral_38f86f8a2893190a1f145865406f8f37,20-29,Male,Black,neutral,4,4,"[0.7548605799674988, -4.818666934967041, -2.6952905654907227, -4.207866191864014, 5.8007025718688965, 2.576704263687134, -3.2547783851623535]",tensor(0.9555)
fear_93f8b18fd1b7f176390ded6f218471b7,30-39,Male,White,fear,2,6,"[-0.5419898629188538, -5.949739456176758, 4.715578079223633, -6.47556734085083, -0.172943115234375, -3.983187675476074, 5.1661152839660645]",tensor(0.6077)
disgust_5cb1df32c8b8689a28a69149c45fd888,30-39,Male,White,disgust,1,1,"[0.6624321341514587, 3.4987168312072754, -5.258309364318848, -0.0795985758304596, 1.1716886758804321, 0.38169941306114197, -4.956298351287842]",tensor(0.8138)
disgust_28a936d658ae8ff9dac679faf3c8f903,00-02,Female,White,disgust,1,0,"[3.9905707836151123, 1.1140925884246826, -1.7860831022262573, -2.546757459640503, -4.051707744598389, -2.123328685760498, 0.7484369874000549]",tensor(0.9070)
sad_4c587936ac4987a55491bb01ee3d1da2,20-29,Male,White,sad,5,4,"[-4.17372465133667, -5.260603904724121, -4.06786584854126, 2.5679540634155273, 6.4590020179748535, -0.7004592418670654, -1.8632934093475342]",tensor(0.9789)
sad_4a47f5e74a384fc2bf93c640109828ad,40-49,Female,White,sad,5,4,"[-1.6973927021026611, -5.004782676696777, -4.9830193519592285, -0.03400323912501335, 7.03041410446167, -0.28525543212890625, -2.484510898590088]",tensor(0.9982)
angry_8600572a953707a7533674d7fc8b1888,20-29,Male,White,angry,0,0,"[4.808956623077393, 0.6144814491271973, -1.4756320714950562, -2.5097126960754395, -4.53906774520874, 0.34207335114479065, -4.366074085235596]",tensor(0.9716)
sad_1327bcfe0277f78b29a2df45c7e0831d,03-09,Female,Latino_Hispanic,sad,5,3,"[-0.4728069007396698, -3.1571314334869385, -3.096827507019043, 2.7860870361328125, 1.9198849201202393, 0.7840589284896851, -3.99122953414917]",tensor(0.6248)
surprise_0fed3ae87d5386f9f92dc06da6b17a05,00-02,Female,White,surprise,6,4,"[-3.526409149169922, -4.94793701171875, -2.2330689430236816, 0.12449200451374054, 5.772822856903076, -0.5313637256622314, -0.9059719443321228]",tensor(0.9930)
sad_1e37650d755df59c5bdb98b39e799db0,20-29,Female,White,sad,5,5,"[-2.288299798965454, -4.116722106933594, -2.0689399242401123, -4.138861179351807, 3.9817311763763428, 4.577401638031006, -0.4588509798049927]",tensor(0.6409)
happy_0a0d340ac5758306630d1929c2061b86,20-29,Male,Black,happy,3,4,"[-1.7840051651000977, -1.6009784936904907, -3.871685028076172, 1.6070882081985474, 4.389665126800537, -6.106065273284912, 0.6178560853004456]",tensor(0.9176)
sad_37d7474ff3ebeb96dd73ba7ee54d80fe,30-39,Male,Black,sad,5,5,"[-2.0141348838806152, -1.2410376071929932, -0.683969259262085, 1.7456740140914917, -4.106499195098877, 4.957040309906006, -4.429089546203613]",tensor(0.9551)
sad_b086178f7543c61b8eb4b94234610ae6,20-29,Male,Indian,sad,5,3,"[-4.045608997344971, -4.093937397003174, -3.6343765258789062, 6.489346027374268, -0.28719234466552734, 1.359574794769287, -4.287914276123047]",tensor(0.9929)
fear_7260bc8a6ec76062afaae21382971c2a,20-29,Female,Middle Eastern,fear,2,5,"[0.44407182931900024, -2.9955341815948486, 1.2033387422561646, -2.24753999710083, -2.234844446182251, 4.509509563446045, -2.637216091156006]",tensor(0.9456)
fear_39557e046a2d525841885d5ec2371af7,40-49,Male,White,fear,2,4,"[-3.2785651683807373, -5.699870586395264, -1.5014545917510986, -4.320835113525391, 4.571461200714111, 2.4878780841827393, 2.3845691680908203]",tensor(0.8067)
happy_02a9db2ba06584040b93452eb83223a8,70+,Female,White,happy,3,3,"[-3.1254324913024902, -2.4265990257263184, -0.7922391891479492, 5.567183971405029, -3.426952600479126, 0.15822091698646545, -1.7174310684204102]",tensor(0.9925)
angry_12d16864047ae490e5a6856daa9cba20,20-29,Male,White,angry,0,3,"[-0.8945832848548889, -3.04451060295105, -4.931999206542969, 4.728095531463623, 3.3196938037872314, -3.539019823074341, -1.704180121421814]",tensor(0.7997)
sad_dd3d9f690b55b0595e69952b82f47237,20-29,Female,White,sad,5,3,"[-4.09927225112915, -3.2586166858673096, -1.7989587783813477, 4.263848781585693, -2.1133196353912354, 3.3740553855895996, -2.9925730228424072]",tensor(0.7061)
sad_d8828cde6855e18c8a87bed6af0d1510,20-29,Female,White,sad,5,5,"[-1.0459227561950684, 0.8230735063552856, -0.599271833896637, -0.4507572650909424, -3.8138267993927, 3.2887954711914062, -3.6819958686828613]",tensor(0.8741)
sad_abcecb40c3d45bc9ed36256231b81a92,20-29,Male,White,sad,5,4,"[-1.4828636646270752, -2.9176182746887207, -5.2874226570129395, 2.6440587043762207, 3.5898709297180176, -1.28998601436615, -0.9994029402732849]",tensor(0.7072)
angry_565cf5ca201f3b3202bd8bf46e10d011,20-29,Male,White,angry,0,4,"[1.6201547384262085, -4.208049774169922, -3.772031545639038, -3.0397870540618896, 5.195607662200928, 2.2378857135772705, -2.3600361347198486]",tensor(0.9251)
neutral_43d0852bcf5dc649d42bbc5a84cb08b3,20-29,Female,White,neutral,4,4,"[-2.5085740089416504, -4.975807189941406, -3.6075806617736816, 0.16048404574394226, 8.178590774536133, -1.9622093439102173, -1.4132392406463623]",tensor(0.9995)
happy_696cd15844d851ff470324433d58a4b0,20-29,Male,White,happy,3,3,"[-2.293524980545044, -2.4073309898376465, -3.121441125869751, 5.611168384552002, -0.5357417464256287, -2.2946860790252686, -1.2479901313781738]",tensor(0.9956)
disgust_c29db77f146467675b9a547a32f78fe2,30-39,Male,Middle Eastern,disgust,1,1,"[2.3736281394958496, 4.362057685852051, 2.57489013671875, -5.330091953277588, -3.606245756149292, -3.8512916564941406, 0.026644760742783546]",tensor(0.7587)
neutral_0476ad07c5310846beeff6457b2bf43a,30-39,Male,White,neutral,4,4,"[-1.948621392250061, -4.930171012878418, -5.708057403564453, 3.0834639072418213, 7.748967170715332, -2.9034833908081055, -3.351036548614502]",tensor(0.9906)
neutral_3d9f9c418a11c8a91b213f5496d97533,00-02,Female,East Asian,neutral,4,6,"[-2.631357431411743, -4.411423683166504, -1.1723992824554443, -3.5403337478637695, 1.4777247905731201, 1.72589111328125, 4.238602161407471]",tensor(0.8693)
sad_652893c8033269a4b24b6b364cdabb83,03-09,Female,White,sad,5,5,"[-3.3228743076324463, -1.7685744762420654, 0.018853887915611267, -3.6168456077575684, -1.4581401348114014, 7.414086818695068, -2.526948928833008]",tensor(0.9991)
angry_9b1fd1d4116b851364760884d7054205,20-29,Male,White,angry,0,0,"[5.1343865394592285, 1.2962077856063843, 2.127690315246582, -3.543402671813965, -6.192302227020264, -3.8085460662841797, 0.21530723571777344]",tensor(0.9271)
neutral_d15d502b9f88281164f98e049d82925d,40-49,Male,White,neutral,4,5,"[0.7249918580055237, -1.2754472494125366, -1.4578773975372314, -4.692301273345947, 1.5918402671813965, 2.676022529602051, -0.6849810481071472]",tensor(0.6448)
fear_520946fe2484192e409466f3000b1336,40-49,Male,Latino_Hispanic,fear,2,4,"[-0.40146204829216003, -1.568892240524292, -3.209357261657715, -1.9755884408950806, 4.0061235427856445, -0.9867427349090576, -0.2759002447128296]",tensor(0.9617)
happy_41e82c1791f48cca03c7421aeb8dcf40,10-19,Female,Black,happy,3,3,"[-2.791811227798462, -2.3883233070373535, -3.2878241539001465, 7.520683765411377, -1.2697343826293945, -2.3872761726379395, -1.7776062488555908]",tensor(0.9996)
sad_c3f84c5cd353aa656e452524fe2573d8,60-69,Female,Latino_Hispanic,sad,5,4,"[-1.8909602165222168, -4.965333938598633, -5.944412708282471, 3.242016315460205, 4.665737152099609, -1.1004235744476318, -3.8043298721313477]",tensor(0.8028)
sad_99ce705dcad1eae1529aab03c6b59358,40-49,Male,White,sad,5,4,"[-4.520039081573486, -3.6208608150482178, 1.598694086074829, -2.2418556213378906, 2.210688829421997, 1.2187201976776123, 0.9098976254463196]",tensor(0.4543)
neutral_61d116bcb660d2fcbf5584ae4e7ccd9d,10-19,Female,White,neutral,4,4,"[-3.4447920322418213, -6.220451354980469, -3.8308300971984863, -0.1245257556438446, 6.318233966827393, 1.939334750175476, -1.4224138259887695]",tensor(0.9855)
surprise_21bad02af387b852fe64a020be410de9,40-49,Female,Latino_Hispanic,surprise,6,3,"[-2.8824055194854736, -1.6364338397979736, -2.8747713565826416, 5.471463680267334, -0.15133950114250183, -3.5703437328338623, -0.7141900062561035]",tensor(0.9930)
angry_84d57890bca8fd9408779cef0c7741a1,40-49,Male,White,angry,0,4,"[2.0887720584869385, -3.3578696250915527, -4.084711074829102, -2.5158801078796387, 3.981142520904541, 2.8880045413970947, -2.5791008472442627]",tensor(0.6712)
neutral_283940eda3c5f01d5f4967ec9323fcb1,20-29,Male,White,neutral,4,4,"[-1.5966308116912842, -1.901661992073059, -5.263687610626221, 2.5349349975585938, 4.603699684143066, -0.8178368806838989, -3.662102222442627]",tensor(0.8814)
angry_1922d58aa5992eec184510d06555922f,30-39,Male,White,angry,0,4,"[-2.4015262126922607, -4.951489448547363, -2.596339464187622, -0.9015787243843079, 4.8694281578063965, 1.3362144231796265, -2.4977645874023438]",tensor(0.9669)
neutral_a70fefe1e93bc5f210779d2f5ba68ffe,30-39,Male,White,neutral,4,4,"[-0.4870464503765106, -3.6181623935699463, -2.8901476860046387, -2.7878928184509277, 4.9367241859436035, 1.8189311027526855, -2.100876808166504]",tensor(0.9519)
fear_37d661a673fc4ef4576bef21346648b1,30-39,Male,East Asian,fear,2,4,"[-3.697653293609619, -2.7599127292633057, 2.621532440185547, -4.2621917724609375, 3.2460873126983643, -1.736242651939392, 1.5214695930480957]",tensor(0.5799)
surprise_ca92dcd52a632220d10067ff666110dc,50-59,Male,White,surprise,6,6,"[-1.4055510759353638, -5.540005683898926, 0.10262367129325867, -3.8750362396240234, -3.208394765853882, -3.1955885887145996, 10.324403762817383]",tensor(1.0000)
fear_f3d15a6ced65385f05fd84637005fa41,20-29,Male,Black,fear,2,4,"[-4.2862043380737305, -5.983308792114258, -1.9368958473205566, -1.4480434656143188, 5.8796467781066895, -0.505831241607666, 1.74903404712677]",tensor(0.9815)
neutral_4ee05381ef769590559d1db313a85bb1,30-39,Male,White,neutral,4,4,"[-1.3429205417633057, -5.065192222595215, -4.109850883483887, -1.2094916105270386, 6.7494049072265625, 1.4878586530685425, -2.4485769271850586]",tensor(0.9941)
angry_4adc0ec97bd04d70b1332fb9cc751ddb,40-49,Female,White,angry,0,0,"[5.130865573883057, 0.7199351191520691, -3.0906617641448975, -3.0327274799346924, 1.0591961145401, -0.9354877471923828, -3.5104706287384033]",tensor(0.9688)
sad_9f93ee921a061ac82c751e82d2859cc0,30-39,Female,White,sad,5,5,"[-2.7060108184814453, -1.270875096321106, -2.3124277591705322, 0.47910967469215393, 0.28741925954818726, 4.0560736656188965, -4.078235149383545]",tensor(0.9442)
angry_c844d7ec472fe7f5b3662d2f417d134c,00-02,Male,White,angry,0,0,"[8.997617721557617, -0.6681287884712219, -4.724894046783447, -5.40505313873291, 0.9927550554275513, 1.0314735174179077, -4.818087100982666]",tensor(0.9993)
fear_6fecc023ff51384a6f52077c584e484d,40-49,Male,White,fear,2,1,"[-0.7944158315658569, 2.5077571868896484, 0.6567288637161255, -2.764058828353882, -0.24014048278331757, -0.5667190551757812, -3.714677333831787]",tensor(0.7626)
sad_21b703dfd83a9e22c544873fb9f0e556,10-19,Female,East Asian,sad,5,5,"[-0.23013193905353546, -3.064457893371582, -3.517927885055542, -1.932374358177185, 2.3583531379699707, 6.519343852996826, -5.352048397064209]",tensor(0.9832)
surprise_a365ac8f68409d39175f65b644d804ee,10-19,Male,Latino_Hispanic,surprise,6,6,"[-5.084498882293701, -4.5110321044921875, -2.955188751220703, 1.1953237056732178, 1.0594613552093506, -0.8346867561340332, 4.241441249847412]",tensor(0.9122)
neutral_bd732638ba3f2dea51bb3fc72e01bd93,20-29,Male,White,neutral,4,4,"[-1.8954354524612427, -4.34287166595459, -1.8975871801376343, -2.3209457397460938, 6.049820423126221, -0.32264742255210876, 0.009617621079087257]",tensor(0.9950)
neutral_2e2634225567f75683576e47a0ab07f7,40-49,Male,Black,neutral,4,4,"[3.066326379776001, -3.707820415496826, -3.43927001953125, 1.0698145627975464, 3.1600406169891357, -1.3088794946670532, -4.128653526306152]",tensor(0.4881)
fear_0ba5b19f8f5e813a278b2d080a1dda98,50-59,Male,White,fear,2,4,"[0.4331386089324951, -0.2366630882024765, -3.751662254333496, 1.6660951375961304, 2.1203410625457764, -1.6990052461624146, -4.017543792724609]",tensor(0.5150)
surprise_6088514f7a1443ebaeee774e02a54885,20-29,Female,White,surprise,6,6,"[-4.865597724914551, -4.6399078369140625, 0.47699859738349915, 3.804795742034912, -3.8350329399108887, -5.847418308258057, 6.62962007522583]",tensor(0.9421)
sad_ca15b756d7a80bfac293e5f485b75b72,20-29,Female,East Asian,sad,5,4,"[-3.808626413345337, -5.092115879058838, -3.1593017578125, 0.35687553882598877, 5.328404903411865, -1.5024017095565796, 1.2168431282043457]",tensor(0.9759)
angry_528293b416764fa31115a97005138f9a,50-59,Male,White,angry,0,4,"[0.825079083442688, 0.662078857421875, -4.922189235687256, 0.18921615183353424, 2.309715986251831, -2.8244216442108154, -3.1327755451202393]",tensor(0.6452)
sad_9f8447f5e42b58f7a1e7fcae17c9c45e,20-29,Male,White,sad,5,5,"[0.42545968294143677, -0.5303986072540283, -4.277675151824951, -1.525742769241333, 2.7343156337738037, 4.035416603088379, -4.371398448944092]",tensor(0.7610)
fear_a146944256e673864cc88f3f02f253cd,03-09,Male,Latino_Hispanic,fear,2,3,"[-5.857652187347412, -4.181260108947754, -1.6733322143554688, 3.4153542518615723, 2.611870527267456, -1.0925685167312622, 0.5805552005767822]",tensor(0.6560)
fear_052cd5bc602c0768c064ab36e11e4b41,20-29,Female,White,fear,2,5,"[-3.4644358158111572, -1.9350632429122925, 1.9089728593826294, 0.42563822865486145, -2.9365804195404053, 2.651158094406128, -1.8327146768569946]",tensor(0.6205)
disgust_120f3c7fe05e870eeabe651ba7ff18ed,03-09,Male,Latino_Hispanic,disgust,1,5,"[2.3824877738952637, 1.1554025411605835, -2.252767562866211, -3.5190470218658447, -0.07036004960536957, 3.014775037765503, -3.8005971908569336]",tensor(0.5745)
sad_8cc0d3b0415ae460b8594ee9d58fe388,20-29,Male,White,sad,5,5,"[-2.318092107772827, -1.6655577421188354, 0.7115362286567688, -1.3954747915267944, -4.5376105308532715, 9.05919361114502, -3.6116201877593994]",tensor(0.9997)
neutral_12c21c169b91e02287eb9a9bc5d2a4aa,00-02,Female,East Asian,neutral,4,4,"[-2.5760884284973145, -5.681066989898682, -1.6070351600646973, -3.3878226280212402, 6.322605609893799, 0.5838280916213989, 0.4575352668762207]",tensor(0.9934)
neutral_c2caf6d1a33eb2c16c3744c447fcf9bb,20-29,Female,White,neutral,4,4,"[-2.5896522998809814, -4.576369762420654, -3.2276663780212402, -1.2495580911636353, 6.696097373962402, 0.9970543384552002, -0.5550777316093445]",tensor(0.9955)
sad_0afa687d5f9cd351fc7237fd429e051a,40-49,Male,Latino_Hispanic,sad,5,5,"[-0.9257413744926453, -3.6146528720855713, -3.401700735092163, -0.03576360270380974, 1.9390640258789062, 5.425057888031006, -4.756245136260986]",tensor(0.9644)
angry_4990cab0027df055ba4428822ee97e69,20-29,Female,White,angry,0,0,"[4.160486221313477, 0.35518133640289307, -3.2494726181030273, -5.247951030731201, 1.6493415832519531, -0.8908123970031738, -1.5938788652420044]",tensor(0.8979)
surprise_b196b99997ac5fbc43119d3beda3fc45,20-29,Female,Indian,surprise,6,4,"[-3.371800184249878, -4.843711853027344, 0.9830495119094849, -4.028769493103027, 3.0919406414031982, 1.985387921333313, 0.19895967841148376]",tensor(0.6622)
angry_5cbace41405fd86b688aca64dd343f35,40-49,Female,White,angry,0,6,"[-1.3290494680404663, -2.9495022296905518, 0.8474566340446472, -0.5685100555419922, -1.8584833145141602, -2.3359107971191406, 1.7976865768432617]",tensor(0.6350)
neutral_8d1a1d5f1af5203f7895e796e00ab8f0,03-09,Male,Latino_Hispanic,neutral,4,3,"[-2.4272236824035645, -1.6723520755767822, -3.4517085552215576, 3.4196743965148926, 2.101578950881958, -2.7538297176361084, -1.4626309871673584]",tensor(0.7768)
happy_d5b04d140984cbca009f2ed28eb0c783,03-09,Male,White,happy,3,3,"[-4.074925899505615, -3.6635241508483887, -2.3387413024902344, 7.1929545402526855, -2.3174097537994385, -1.812558650970459, -0.2176414430141449]",tensor(0.9991)
sad_19b2f12c9fab1c7183c248820249b6f4,70+,Female,White,sad,5,5,"[-1.1454442739486694, -3.7593095302581787, -1.7378604412078857, -6.912566661834717, 1.6632282733917236, 5.117611408233643, 0.070004902780056]",tensor(0.9605)
sad_059200fc216036a0a2d128e51da1b173,40-49,Male,White,sad,5,4,"[-0.7745671272277832, -3.496319055557251, -4.977700710296631, 3.7176783084869385, 4.866109371185303, -2.024050712585449, -3.557966709136963]",tensor(0.7563)
happy_d9f18ac0f69e07e5b916550bf9d001d9,60-69,Male,Black,happy,3,3,"[-1.5959935188293457, -2.040573835372925, -3.0736570358276367, 6.85934591293335, -1.4928910732269287, -1.9916490316390991, -2.4872841835021973]",tensor(0.9991)
happy_e697e154a87f34e800735c53ae39fe78,10-19,Male,Indian,happy,3,3,"[-3.938809394836426, -2.7952558994293213, -2.014479637145996, 7.2562713623046875, -3.069427013397217, -4.4226789474487305, 1.564273715019226]",tensor(0.9964)
fear_42f29d8e367e26a307937c8c18844a7e,60-69,Male,White,fear,2,6,"[-2.6022164821624756, -4.247304916381836, 1.6086757183074951, 0.9479140639305115, -3.0423786640167236, -3.0274744033813477, 4.391097068786621]",tensor(0.9123)
neutral_5b119f046c8631a06388370aa2aea118,20-29,Female,White,neutral,4,4,"[-4.568244457244873, -4.604085922241211, -4.2433037757873535, 1.929079294204712, 5.0444207191467285, -0.5394959449768066, 0.9476068615913391]",tensor(0.9390)
angry_4eb4adeb1519e0b3dfc7dfdd07a088a1,03-09,Male,White,angry,0,4,"[3.389910936355591, -3.4292337894439697, -5.439391613006592, -1.3804349899291992, 4.582197189331055, 2.2894535064697266, -5.122018814086914]",tensor(0.7105)
fear_d610a66cd4e30c9f5ecc775735c6a859,20-29,Male,White,fear,2,2,"[1.423838496208191, -1.408108115196228, 5.956090450286865, -3.1377601623535156, -5.228806495666504, -0.19319450855255127, -1.8725519180297852]",tensor(0.9861)
sad_a7e55b6ca1cb842c3d3442b59d4fa41f,00-02,Female,White,sad,5,5,"[-2.2410061359405518, -2.181344747543335, -1.2631957530975342, -2.278268575668335, -1.3893415927886963, 8.996785163879395, -3.2256264686584473]",tensor(0.9999)
fear_c11427bd8190e64abf026f96731b78de,50-59,Male,Indian,fear,2,4,"[-3.3248679637908936, -5.050115585327148, -2.0913403034210205, 1.7380690574645996, 3.893841028213501, -1.3705390691757202, -1.3202906847000122]",tensor(0.8851)
neutral_57fbfa2b0a527d0ad77175e45cd748fc,60-69,Male,White,neutral,4,4,"[-3.2648699283599854, -2.2083823680877686, -3.0649304389953613, -0.525970995426178, 2.3402116298675537, 1.6900660991668701, 0.8938809633255005]",tensor(0.5455)
fear_736d5f6dce63954ecab0e960b080df90,30-39,Male,White,fear,2,5,"[-3.492199659347534, -3.442756414413452, -0.9334099292755127, -1.0855549573898315, 1.3901288509368896, 3.134614944458008, -0.7566205263137817]",tensor(0.8132)
neutral_2a56a5a6db49f7b3f871a2029283a3e4,40-49,Male,White,neutral,4,4,"[2.638139009475708, -5.314383029937744, -2.207472324371338, -5.713016033172607, 5.842404365539551, 1.951039433479309, -4.580346584320068]",tensor(0.9422)
happy_5f1c2dff17b16f088e1ae0d8602029e0,20-29,Female,White,happy,3,3,"[-2.015479326248169, -2.204401731491089, -3.1313982009887695, 6.333567142486572, -0.846576452255249, -1.934585452079773, -2.258551836013794]",tensor(0.9983)
happy_f2f55be9274fb1b72b8d2b3fe544e0ca,20-29,Female,Latino_Hispanic,happy,3,3,"[-2.290365219116211, -2.140340566635132, -2.5708985328674316, 6.458907604217529, -2.2281482219696045, -2.135122776031494, -1.0803985595703125]",tensor(0.9987)
surprise_990426989ecdc19cae83c8745ef5ac8c,30-39,Male,Middle Eastern,surprise,6,2,"[-1.10086989402771, -2.2601583003997803, 3.899146795272827, -3.590397596359253, -1.1253347396850586, -2.9336323738098145, 3.1168136596679688]",tensor(0.6782)
surprise_3222ab252253390aef9a6c1aec7e63d9,40-49,Female,White,surprise,6,4,"[-2.149930715560913, -3.402451276779175, -3.522716760635376, 1.0529226064682007, 3.4109625816345215, -4.993494510650635, 2.4089248180389404]",tensor(0.6813)
sad_f3439788c3048f9eb8c28f1799876fb9,30-39,Male,White,sad,5,4,"[-0.17396534979343414, -3.8023297786712646, -2.162590265274048, -5.473679065704346, 4.163221836090088, 1.5472866296768188, -0.20923581719398499]",tensor(0.9083)
sad_957b6e4e4c5989f6e8e911e52e57582c,40-49,Male,White,sad,5,4,"[-0.9253568649291992, -0.9179966449737549, -0.7351945042610168, -3.069594383239746, 1.6116214990615845, 1.3619312047958374, 0.20319440960884094]",tensor(0.4372)
fear_c40f3eb38d1ddf84dc315ff032ea35f9,40-49,Male,Latino_Hispanic,fear,2,4,"[1.5952975749969482, -4.597537994384766, -4.372668743133545, -2.7782399654388428, 5.358367919921875, 3.245835304260254, -2.4647085666656494]",tensor(0.8734)
fear_9fbd266dfb07190a56f35e0976d412da,00-02,Male,White,fear,2,6,"[-3.0054328441619873, -2.2615110874176025, 0.7550680637359619, -2.3230884075164795, 0.1363527923822403, -0.14282211661338806, 2.26027774810791]",tensor(0.6858)
disgust_cacf1c839acc416cca16edb849a912eb,50-59,Female,White,disgust,1,3,"[-0.3231475055217743, -0.47342872619628906, -2.9718239307403564, 3.8603250980377197, -0.4613819718360901, -3.337292194366455, -1.3026243448257446]",tensor(0.9531)
fear_f3384f54862daaf431ee4b944a721da7,40-49,Male,White,fear,2,5,"[-1.7080066204071045, -2.678314447402954, 2.040395498275757, -4.966006755828857, 0.006398199591785669, 2.4842123985290527, 0.20224089920520782]",tensor(0.5408)
neutral_75431a80a9d0a3d877ba690bc6e93eb3,30-39,Male,White,neutral,4,4,"[-4.012143611907959, -4.72614860534668, -5.681373119354248, 5.031826496124268, 7.536762237548828, -3.794182300567627, -2.22658109664917]",tensor(0.9244)
sad_d0abffe2511f6ec440c3502847a0fc1e,20-29,Female,White,sad,5,4,"[-1.8758536577224731, -3.309687852859497, -4.268102169036865, 2.348357915878296, 4.615914821624756, -1.2261216640472412, -2.0065338611602783]",tensor(0.9011)
fear_a6d6c72e1651e420edc41e7e4422d6a3,30-39,Female,White,fear,2,2,"[-2.394474744796753, -1.9465769529342651, 6.349412441253662, -3.771615743637085, -4.480246543884277, 1.1280174255371094, 0.33651745319366455]",tensor(0.9918)
disgust_587eb1c9dd9a5dac2669e7ac4d741442,20-29,Male,White,disgust,1,4,"[2.1735100746154785, -1.2094279527664185, -1.9707130193710327, -5.7973551750183105, 4.10602331161499, -1.839979887008667, -0.9511936902999878]",tensor(0.8613)
neutral_1f177f29503e7095bb481aa15bc31068,20-29,Female,White,neutral,4,4,"[-3.4217488765716553, -4.292033672332764, -1.4033477306365967, -3.752751350402832, 4.366319179534912, -0.5460741519927979, 2.642127752304077]",tensor(0.8406)
sad_7ebab22eb789b9bb8266d5cbf6140b29,30-39,Female,Middle Eastern,sad,5,4,"[-3.5480964183807373, -5.3818559646606445, -3.763947010040283, 1.4946268796920776, 3.6746270656585693, 0.6063644886016846, -0.4849242568016052]",tensor(0.8499)
happy_8264ef0d95c01baa8b6e46c67975acb9,20-29,Female,White,happy,3,3,"[-4.0235066413879395, -4.308293342590332, -4.597910404205322, 5.118010997772217, 5.037547588348389, -2.962920665740967, -1.738932490348816]",tensor(0.5197)
neutral_e4be8b1542f4e384eee951d3d2880a24,10-19,Female,White,neutral,4,4,"[-2.467634916305542, -3.916247606277466, -4.6689229011535645, 1.2291254997253418, 3.77402663230896, 2.1756656169891357, -2.9736995697021484]",tensor(0.7785)
surprise_b8c4c5287ee1c777ae22590068be923b,20-29,Female,White,surprise,6,3,"[-2.922753095626831, -2.2601873874664307, -2.5465641021728516, 6.953157424926758, -3.0086166858673096, -3.135056495666504, 0.8165578246116638]",tensor(0.9975)
sad_f35345be61d282d8d45a7251b7841abb,00-02,Female,White,sad,5,5,"[-3.205373525619507, -3.854328155517578, -3.5846805572509766, 1.8345259428024292, 2.1395740509033203, 2.892958641052246, -2.252624988555908]",tensor(0.5469)
fear_1a451f15d3225bc36ac96d66185cc657,03-09,Male,Latino_Hispanic,fear,2,3,"[-6.187675952911377, -4.162892818450928, -1.2438737154006958, 3.5351510047912598, 1.5066230297088623, -2.451303243637085, 1.9966078996658325]",tensor(0.7366)
sad_2e35535b548561dca1c51b3f4c34802c,30-39,Male,Middle Eastern,sad,5,5,"[-3.4653894901275635, -4.235057830810547, 0.9712179899215698, -0.7711484432220459, -0.4956764578819275, 1.9048882722854614, 0.9284778833389282]",tensor(0.5165)
surprise_86160871972b163bb8342ca657c44832,20-29,Female,White,surprise,6,3,"[-2.428450345993042, -1.9861379861831665, -2.126188278198242, 5.947088718414307, -2.5715889930725098, -1.954184889793396, -0.005201136227697134]",tensor(0.9959)
sad_07355d02c7bd2fea53f1c72eb3b53a74,60-69,Male,White,sad,5,5,"[-0.020863961428403854, -2.5931742191314697, -2.8425815105438232, -3.1447324752807617, 1.3309955596923828, 7.187314033508301, -3.2786202430725098]",tensor(0.9963)
disgust_0ef226554d48e0ead11fea4ec51df390,30-39,Male,White,disgust,1,4,"[0.9544240832328796, 0.34993261098861694, -3.8542728424072266, -1.6755472421646118, 3.1566648483276367, -0.6480971574783325, -2.059957265853882]",tensor(0.8281)
sad_1f890ddd9176ada8eaac4e4ae201b6f6,30-39,Female,White,sad,5,5,"[-0.5244534611701965, -1.7787039279937744, 0.8463863730430603, -5.463388442993164, -0.33969026803970337, 3.935507297515869, -0.6378032565116882]",tensor(0.9219)
happy_ffd1b84f8a0772d538c78106a48660da,30-39,Male,Black,happy,3,3,"[-2.6912169456481934, -2.482719898223877, -3.7587404251098633, 7.164536952972412, -0.07872222363948822, -2.5203988552093506, -2.4727940559387207]",tensor(0.9990)
fear_aca9cec7ef3dc881623f040581d69b83,30-39,Male,East Asian,fear,2,0,"[4.445085525512695, -1.438003420829773, -2.8852691650390625, -5.263416767120361, 2.294189453125, 2.092322826385498, -4.333768844604492]",tensor(0.8229)
happy_fa06464ebfd38251144aa1da9581ca1a,20-29,Female,White,happy,3,3,"[-2.0274507999420166, -1.9083386659622192, -2.602569341659546, 6.180793285369873, -2.0624210834503174, -2.401515007019043, -1.1130427122116089]",tensor(0.9981)
happy_8ed4e92186f71df3a985ac10008073e7,03-09,Female,Black,happy,3,3,"[-1.5024030208587646, -1.692907452583313, -2.4035706520080566, 6.1002631187438965, -2.7216784954071045, -2.6337571144104004, -0.41401347517967224]",tensor(0.9971)
happy_d9b2a19503a538e77919e7fa30323b6a,20-29,Female,White,happy,3,3,"[-1.5877978801727295, -1.6557176113128662, -2.607123851776123, 5.960951328277588, -1.9514198303222656, -2.268843173980713, -1.2541522979736328]",tensor(0.9974)
fear_d9578f954e4cdbd11696f7d93848981c,20-29,Female,White,fear,2,1,"[-0.22913020849227905, 1.7025924921035767, 0.7243741750717163, -0.4633578360080719, -3.412097692489624, -2.629080057144165, 0.7228965163230896]",tensor(0.4926)
surprise_38fd70b1db1fe3170bdb6cb04f405316,00-02,Male,East Asian,surprise,6,6,"[-0.9446008205413818, -3.0193231105804443, 1.5536129474639893, -4.8035197257995605, 0.3211170434951782, -3.645307779312134, 4.111611843109131]",tensor(0.9027)
fear_8282aef91824c50f81c0536f6413c873,40-49,Male,White,fear,2,2,"[-0.08197824656963348, -1.2977415323257446, 6.6341118812561035, -5.809925556182861, -2.7670767307281494, -1.822553277015686, 0.9374962449073792]",tensor(0.9948)
fear_703a5f4d21551673e4ff548f726718b7,20-29,Female,East Asian,fear,2,5,"[-5.060573101043701, -6.393212795257568, 0.8773192167282104, -5.272533893585205, 1.015949010848999, 5.415525436401367, 3.8176991939544678]",tensor(0.8161)
surprise_e9c920072d8348141f2afae4fb3c08b9,00-02,Male,White,surprise,6,4,"[-2.7063281536102295, -4.821569442749023, -1.7776570320129395, -3.899157762527466, 5.625087261199951, -0.7225862741470337, 3.127967596054077]",tensor(0.9216)
surprise_4df75922df5b02864a3527863ab59034,20-29,Male,White,surprise,6,5,"[-0.7483713626861572, -4.9154438972473145, 2.0080881118774414, -7.103893280029297, 2.494832754135132, 4.301745891571045, -2.74066162109375]",tensor(0.7859)
sad_f8d81c56afef38d6dd68b94c6b17eef0,00-02,Male,White,sad,5,5,"[-2.5243642330169678, -2.003247022628784, 0.012016923166811466, -1.2460505962371826, -3.159601926803589, 6.762419700622559, -1.5334837436676025]",tensor(0.9980)
happy_73ea0d08c8c2d1ad35ef4e043c209393,60-69,Male,White,happy,3,3,"[-2.2952442169189453, -2.378929376602173, -3.1124019622802734, 5.881115913391113, 0.8387353420257568, -1.8050181865692139, -3.0689876079559326]",tensor(0.9923)
disgust_b42d448ae5b03ae40591745f64abcfc4,30-39,Female,White,disgust,1,0,"[1.232528567314148, -0.603451669216156, -1.4448704719543457, -2.604240894317627, 1.2184003591537476, -1.447156310081482, -0.9238959550857544]",tensor(0.4132)
surprise_b9509edf31388ba870ef8b4a64d82ac3,00-02,Female,White,surprise,6,4,"[-3.0915908813476562, -2.6877543926239014, -4.431005001068115, 2.4608585834503174, 3.7710981369018555, -0.7565200328826904, -0.9395262598991394]",tensor(0.7737)
happy_3b9dd79522f3408f62b610c3bc310c84,30-39,Female,Latino_Hispanic,happy,3,3,"[-1.6000628471374512, -1.751644492149353, -2.8835206031799316, 6.134256839752197, -1.3890416622161865, -3.011888027191162, -1.067423701286316]",tensor(0.9977)
neutral_cb43ab54382f9ec7f46bb12a9c7d31a3,40-49,Male,White,neutral,4,4,"[-1.5058648586273193, -3.2901663780212402, -2.6124515533447266, 2.176001787185669, 2.4878556728363037, -2.96201753616333, -0.22505313158035278]",tensor(0.5463)
disgust_40a5b4110b11df0f4cf348da70443275,20-29,Male,White,disgust,1,1,"[3.7050833702087402, 3.8184025287628174, -2.211509943008423, -4.856945991516113, -2.032785177230835, 3.6701717376708984, -4.218942165374756]",tensor(0.3622)
happy_d11a18832cf4ac9ad57fd2bf49718c25,30-39,Male,White,happy,3,3,"[-2.658555746078491, -2.6304845809936523, -2.735640048980713, 6.294799327850342, -0.2128317505121231, -2.0143070220947266, -1.9289300441741943]",tensor(0.9976)
fear_da21e81d8d08257708e289d116dc71b4,70+,Female,White,fear,2,2,"[-1.4938313961029053, -1.1063019037246704, 3.863161087036133, -4.5170416831970215, -2.0496256351470947, 1.628613829612732, -1.3320014476776123]",tensor(0.8872)
disgust_280561073a7ca28dba6697cf9b8a9dab,50-59,Male,White,disgust,1,6,"[-2.654365301132202, -3.0495870113372803, -3.04738450050354, -0.5622866749763489, 3.796937942504883, -4.577195644378662, 4.343903064727783]",tensor(0.6296)
happy_42baf735c29ba1bf848e3d66effa9c02,50-59,Male,White,happy,3,3,"[-1.2340304851531982, -1.2418522834777832, -3.207132339477539, 6.168697834014893, -1.2417986392974854, -2.119339942932129, -3.094964027404785]",tensor(0.9978)
neutral_96d1fc8175c0bb9c615f683f69da64cb,20-29,Male,Middle Eastern,neutral,4,4,"[-0.6041460633277893, -3.4256012439727783, -5.561451435089111, 0.4245830476284027, 6.492608547210693, -0.5415006875991821, -4.084322452545166]",tensor(0.9959)
angry_632da6142a0831ea4215e708cc9b2636,20-29,Female,White,angry,0,4,"[-0.19215019047260284, -2.4817862510681152, -4.637599945068359, 0.040360227227211, 4.949174404144287, -0.17676454782485962, -3.2792811393737793]",tensor(0.9803)
neutral_1e606a364b89da5bd2511f4b9229d7ae,20-29,Female,White,neutral,4,5,"[-2.9526426792144775, -4.934070587158203, 0.26467761397361755, -6.670350551605225, 2.2737009525299072, 8.140291213989258, -0.6290778517723083]",tensor(0.9966)
neutral_cba6af59510080b2254d2abc3ed3ee56,20-29,Female,Middle Eastern,neutral,4,4,"[-1.8612918853759766, -3.08669114112854, -3.9458374977111816, -2.1116783618927, 3.9366254806518555, 0.224249005317688, -0.49673211574554443]",tensor(0.9588)
fear_90e0069941dac77d331fa9206e0f7fa2,20-29,Female,White,fear,2,2,"[-0.886950671672821, -3.0354256629943848, 5.732776165008545, -4.667346000671387, -6.384403228759766, 4.618895530700684, -0.30346372723579407]",tensor(0.7506)
sad_264e3783f05f0b9105569c31cfed5f37,60-69,Male,White,sad,5,4,"[-1.3929111957550049, -6.118375301361084, -5.137444972991943, -1.5997049808502197, 9.4500732421875, 0.8565502166748047, -3.762415885925293]",tensor(0.9998)
sad_57bce2e33eea926f848b01bc4e5b637b,00-02,Male,White,sad,5,5,"[-1.1401097774505615, -2.0306167602539062, -2.4041078090667725, 0.5727353096008301, 1.138622522354126, 2.4267971515655518, -2.8014938831329346]",tensor(0.6732)
fear_6a0eda96f811027df1b7a8691bb52088,03-09,Male,White,fear,2,3,"[-3.480973720550537, -2.530956983566284, -1.1073800325393677, 4.073949337005615, -2.388453483581543, 0.4572899639606476, -0.19613276422023773]",tensor(0.9525)
fear_dc85a66c5053bcd708dd0fed88c3c789,50-59,Male,Middle Eastern,fear,2,5,"[-3.793405055999756, -5.190790176391602, 1.851980209350586, -6.194990158081055, -1.1487150192260742, 7.26589298248291, 2.6911613941192627]",tensor(0.9852)
disgust_9c149a4a68cf228b3c37a8f4dadc655a,40-49,Male,Black,disgust,1,1,"[3.628582715988159, 4.00749397277832, -2.1273388862609863, -4.662211894989014, -2.834747076034546, 2.561028003692627, -3.3307669162750244]",tensor(0.5197)
disgust_37edef6fb63c294eeec9b37dd25c496d,03-09,Male,White,disgust,1,6,"[-2.7961061000823975, -3.2320332527160645, -1.2348250150680542, -0.3939307630062103, 2.1161391735076904, -2.6267151832580566, 3.606260061264038]",tensor(0.7960)
disgust_1e6214affc2a67c6b384ca9a435cec9a,70+,Female,Middle Eastern,disgust,1,5,"[1.2219409942626953, 2.079498529434204, -2.717360734939575, -2.572566032409668, -2.2171220779418945, 5.191618919372559, -5.155839920043945]",tensor(0.9391)
sad_f0cc267fd78ae1b5eec34c0a6c0e395d,20-29,Female,East Asian,sad,5,4,"[-0.8686073422431946, -5.024715900421143, -3.5965800285339355, -2.0879087448120117, 4.851149082183838, 2.7916715145111084, -1.7669986486434937]",tensor(0.8823)
happy_4cd5d2e827ca43380507f253219abcea,20-29,Female,White,happy,3,3,"[-2.544077157974243, -3.113297700881958, -1.7365039587020874, 5.397009372711182, -1.7542474269866943, -2.960916757583618, 0.1085241436958313]",tensor(0.9926)
angry_e9e98aca6abcb849248aa6384090e2c3,50-59,Male,Latino_Hispanic,angry,0,4,"[-1.5130534172058105, -5.078683376312256, -3.5977976322174072, 3.5421459674835205, 6.059434413909912, -3.669266700744629, -5.092031002044678]",tensor(0.9248)
disgust_bb6662cd6e551fefa3e6638c9dda2f44,10-19,Male,White,disgust,1,3,"[-2.9728829860687256, -2.054414987564087, -2.9327754974365234, 6.364090442657471, -0.5551260709762573, -2.282075881958008, -1.9384536743164062]",tensor(0.9982)
neutral_18764c781d867f5869934afbcc84f098,20-29,Female,White,neutral,4,3,"[-3.3397107124328613, -3.828280210494995, -4.272397994995117, 4.798091888427734, 4.180970668792725, -3.0349490642547607, -0.7650989294052124]",tensor(0.6475)
surprise_a142c69dee9df5ebf0fc7ff103ab4a2d,50-59,Male,White,surprise,6,6,"[-3.319035053253174, -3.0225188732147217, 1.011828899383545, 2.4028263092041016, -4.335877418518066, -1.9082649946212769, 3.05985689163208]",tensor(0.6028)
surprise_c48c43cc13e77d76cc340f045351dea3,20-29,Female,Latino_Hispanic,surprise,6,6,"[-2.8382954597473145, -2.8517353534698486, -0.0011410629376769066, 0.9317021369934082, -1.5966620445251465, -5.513358116149902, 6.6486029624938965]",tensor(0.9950)
angry_7a76a0425d6f6ee9ec116ad62e3f4dd7,20-29,Male,Black,angry,0,4,"[-0.7362720370292664, -4.469075679779053, -3.4985172748565674, -2.3495330810546875, 5.538857936859131, 1.6765216588974, -1.3727383613586426]",tensor(0.9761)
happy_4beb82e9ab4de27d842dd1da6aaa96e2,10-19,Male,White,happy,3,3,"[-3.399287223815918, -3.215773344039917, -1.8256644010543823, 6.482537269592285, -4.691938400268555, 0.13162769377231598, -0.012008724734187126]",tensor(0.9964)
angry_80d140040bc6166a47d1c1c393024824,30-39,Male,White,angry,0,4,"[1.2211451530456543, -4.469486236572266, -2.435229778289795, -3.8666868209838867, 3.8703880310058594, 1.683144211769104, -1.751107931137085]",tensor(0.8410)
neutral_524b405de3458ea840ec9514c2ecaa87,20-29,Male,White,neutral,4,4,"[-1.7806379795074463, -4.033431529998779, -5.217517852783203, 4.911663055419922, 4.9295806884765625, -2.7246742248535156, -3.9435105323791504]",tensor(0.5040)
angry_864e1140fae743bb6d2a38f0e60b9fef,30-39,Male,Indian,angry,0,5,"[3.7235219478607178, -2.1891555786132812, -0.47556421160697937, -5.001471996307373, 0.37174832820892334, 4.1773762702941895, -5.369018077850342]",tensor(0.5992)
angry_85557a70f5c5852209dca4b0977e5eff,30-39,Male,Black,angry,0,4,"[3.0253045558929443, -4.805624008178711, -2.1202392578125, -3.9150049686431885, 3.1913042068481445, -0.5297838449478149, -0.24181541800498962]",tensor(0.5237)
disgust_b58bc671d1f425f5b079d75b4ef0a74e,60-69,Female,Latino_Hispanic,disgust,1,3,"[-1.7456915378570557, -1.209218144416809, -3.3652992248535156, 6.1806769371032715, 0.16645678877830505, -2.9159109592437744, -2.9029388427734375]",tensor(0.9963)
neutral_435c99fa13fb953470fd72bcc3bc6271,20-29,Female,White,neutral,4,4,"[-3.6111342906951904, -3.9109530448913574, -0.6533535122871399, -4.25612211227417, 3.935586929321289, 1.5532170534133911, 1.6442726850509644]",tensor(0.8300)
surprise_25d1ed583a073c5900ca76b954691751,30-39,Male,White,surprise,6,4,"[0.5001862645149231, -0.6718950867652893, -1.6559191942214966, -4.080428123474121, 2.9034109115600586, -0.1789228767156601, -0.16570235788822174]",tensor(0.8182)
neutral_be183e11bca9421c295f1e79d0c43c90,20-29,Female,White,neutral,4,4,"[-2.7110955715179443, -4.368690013885498, -3.965473175048828, 1.4682458639144897, 4.405216693878174, 3.3443527221679688, -4.1691365242004395]",tensor(0.7140)
sad_9475ce69f39584b5e8fb90a0f33980cd,30-39,Male,White,sad,5,4,"[-2.707209348678589, -6.387375831604004, -2.439812183380127, -3.1166820526123047, 5.64585542678833, 4.83536434173584, -1.2505546808242798]",tensor(0.6914)
happy_f4c3ed8e732a71aa5bb2a6181530cbed,20-29,Male,White,happy,3,4,"[-3.4419803619384766, -4.026982307434082, -4.132358551025391, 1.844042420387268, 5.912417888641357, -2.9725961685180664, -0.4240216910839081]",tensor(0.9812)
disgust_9914c580bfd4b92fabbef2984d3d4029,30-39,Male,White,disgust,1,1,"[0.868977427482605, 2.255011796951294, -0.628000020980835, -2.0300889015197754, -1.6821606159210205, 1.4330463409423828, -3.4858999252319336]",tensor(0.5611)
happy_b19654bf2f09a64adcba8ea2d3edb1db,40-49,Female,White,happy,3,3,"[-2.1789679527282715, -2.3271408081054688, -2.802800178527832, 6.574328899383545, -0.9507236480712891, -2.6539881229400635, -1.9902336597442627]",tensor(0.9988)
happy_5ea4cc63aa59a4c8c228722de19d532d,20-29,Female,White,happy,3,3,"[-2.850564479827881, -3.5180745124816895, -3.2997853755950928, 4.702212333679199, 2.362816095352173, -0.8288009166717529, -2.060096263885498]",tensor(0.9069)
disgust_af02683abe3a520bfe9d2ba476ad11f1,50-59,Male,White,disgust,1,4,"[-1.4893560409545898, -0.6304715275764465, -3.1159658432006836, 0.7169539332389832, 2.089721918106079, 1.2021936178207397, -2.9859061241149902]",tensor(0.5648)
fear_a29e03e0e4ce0e657b6aeb28e6c82fd0,30-39,Male,White,fear,2,4,"[-0.5646846890449524, -5.070706367492676, -3.4741933345794678, -1.738742709159851, 7.180771827697754, -0.5076565742492676, -1.728068232536316]",tensor(0.9988)
happy_b6fbc475b4b5f1502b010b7bd17810bd,20-29,Male,Middle Eastern,happy,3,3,"[-2.489065647125244, -2.83982515335083, -3.2168750762939453, 7.793996334075928, -1.1017177104949951, -3.1140434741973877, -1.8900411128997803]",tensor(0.9997)
happy_419f4dbf2ee216eb06ffa42230c3e681,30-39,Female,Latino_Hispanic,happy,3,3,"[-2.1149299144744873, -2.4189212322235107, -4.289196491241455, 5.654961109161377, 1.7534912824630737, -2.0887255668640137, -2.821769952774048]",tensor(0.9788)
disgust_d3dd712ecff0a9ce62ec30d55fe16a28,20-29,Female,White,disgust,1,5,"[-2.588768243789673, -0.9385095238685608, -4.350153923034668, -0.7605582475662231, 1.2409249544143677, 5.161986351013184, -3.1175060272216797]",tensor(0.9751)
sad_7d3c72f0093b5298db78f85578a27b8e,20-29,Female,Southeast Asian,sad,5,4,"[-3.3604178428649902, -4.528163909912109, -2.666656255722046, -1.871144413948059, 5.9074387550354, 1.0372189283370972, 0.16122591495513916]",tensor(0.9885)
disgust_b448982dd4d444b1bbad7158d6589500,20-29,Male,White,disgust,1,5,"[-0.5107654333114624, 0.31122538447380066, 0.737580418586731, -3.619896411895752, -0.882213830947876, 3.0737926959991455, -2.061392068862915]",tensor(0.8238)
neutral_572a114b070554712e310af522028abf,30-39,Female,White,neutral,4,4,"[0.8720667958259583, -2.7566258907318115, -4.702800273895264, -0.3408011496067047, 5.628715991973877, -0.15416592359542847, -4.398599147796631]",tensor(0.9857)
surprise_a53aea5296260cbf9cb75c36c88c4a1a,20-29,Male,White,surprise,6,6,"[-0.5432271361351013, -1.903032660484314, 0.5174973011016846, -2.985685348510742, -1.7274929285049438, -5.519942760467529, 7.242310523986816]",tensor(0.9981)
fear_ff481f38d20bfad1cbc13d8d3282c197,20-29,Female,White,fear,2,5,"[0.31150639057159424, -1.4655019044876099, 1.0193419456481934, -7.023823261260986, -1.1463614702224731, 6.285005569458008, -1.8074848651885986]",tensor(0.9910)
fear_38128cf6373347f864a574f6d4327049,00-02,Female,Black,fear,2,6,"[-3.471860408782959, -2.55478835105896, -0.7867321968078613, 1.7691470384597778, 0.19082653522491455, -3.2946200370788574, 3.5419998168945312]",tensor(0.8181)
disgust_7a0406843d67ae357a0180994d990b0f,40-49,Male,White,disgust,1,1,"[0.2921695411205292, 4.413547515869141, -0.875004768371582, -3.9657230377197266, -3.7222201824188232, 4.078449726104736, -3.951979160308838]",tensor(0.5756)
disgust_fdb83adf9307bfa11595c091ddb667dc,30-39,Female,White,disgust,1,5,"[0.5727131962776184, -0.6627290844917297, -1.3263094425201416, -5.240884304046631, 0.029829559847712517, 7.267457485198975, -4.657500743865967]",tensor(0.9975)
surprise_9d0119be8ff42b512d701c4d8f8ebde1,40-49,Male,Latino_Hispanic,surprise,6,4,"[-3.297269582748413, -5.444087505340576, -4.7624945640563965, 3.2710540294647217, 6.406686782836914, 1.0739492177963257, -3.6024632453918457]",tensor(0.9538)
neutral_b0648d3875bbaaa1106b38b9b8788050,20-29,Female,White,neutral,4,4,"[-2.298600912094116, -4.145561218261719, -3.3309998512268066, -1.7519172430038452, 5.484341144561768, 3.3685736656188965, -2.9419894218444824]",tensor(0.8912)
disgust_075a5c396da5f8368669fdbbb11d9f8c,20-29,Female,White,disgust,1,1,"[2.5256054401397705, 6.961565017700195, -1.496625304222107, -3.8916897773742676, -3.4313175678253174, 1.248594880104065, -3.685681104660034]",tensor(0.9848)
surprise_860add59c9d7b3f20850536a7581d6cb,20-29,Male,White,surprise,6,3,"[-2.9958927631378174, -3.943563461303711, -5.602865695953369, 6.0633111000061035, 3.325540781021118, -4.07818078994751, -1.2110731601715088]",tensor(0.9384)
neutral_26197f606761000b774195fee5869939,03-09,Male,East Asian,neutral,4,4,"[-3.0671751499176025, -3.46791410446167, -3.9187660217285156, 1.3881089687347412, 4.440455913543701, -2.0968310832977295, 1.1112912893295288]",tensor(0.9211)
surprise_a2d5f4971b5e5985aba72fe8129a9663,30-39,Female,White,surprise,6,3,"[-3.0034029483795166, -2.3692309856414795, -1.9604154825210571, 6.050246715545654, -2.6208786964416504, -2.900297164916992, 0.7375068068504333]",tensor(0.9941)
happy_19fea44f6cd05171acef855cf4312cea,20-29,Female,White,happy,3,4,"[-1.563659429550171, -4.694221496582031, -5.366583824157715, 2.950861692428589, 6.3552632331848145, -0.014997459948062897, -4.232243537902832]",tensor(0.9659)
neutral_22ad7a76d7bffb38a33b05cef2daf255,20-29,Female,White,neutral,4,4,"[-0.02711222693324089, -3.0830605030059814, -3.60244083404541, -0.5532386302947998, 6.308456897735596, -1.750393271446228, -2.295091152191162]",tensor(0.9966)
disgust_519937b186f24ddb78ca5b684d2b772d,20-29,Female,White,disgust,1,4,"[-0.6493223309516907, -1.423543930053711, -3.390089988708496, -0.20274095237255096, 3.410412073135376, -1.562231183052063, -0.579176664352417]",tensor(0.9270)
happy_dbe995326358070bc98c61d2d4664226,30-39,Female,White,happy,3,3,"[-2.298734426498413, -1.9776744842529297, -2.7392055988311768, 7.113217353820801, -2.3625552654266357, -1.5199748277664185, -2.1156363487243652]",tensor(0.9994)
surprise_b9dc0718442fadf4c2d65deedbeba61a,30-39,Male,White,surprise,6,6,"[-3.024667501449585, -3.3527987003326416, 0.6348608732223511, -0.6506274342536926, -2.0961225032806396, -5.173350811004639, 8.523707389831543]",tensor(0.9995)
surprise_cf3dcf8422303c781950e06f2fc84207,20-29,Male,White,surprise,6,6,"[-1.6836674213409424, -2.903892755508423, 1.5541164875030518, -2.5542526245117188, -0.8716641068458557, -4.845858573913574, 6.8542160987854]",tensor(0.9943)
disgust_68f6188ec45bd2080e94443be2d6060b,03-09,Male,White,disgust,1,5,"[-1.4181463718414307, -0.967807948589325, 0.28532466292381287, -4.032023906707764, -1.5729830265045166, 3.7336037158966064, -2.459901809692383]",tensor(0.9487)
happy_206353ec05badc231ca0bd9715bc4ee3,20-29,Female,White,happy,3,3,"[-2.079561710357666, -1.5029305219650269, -2.6335902214050293, 6.675534725189209, -2.216686964035034, -2.367779016494751, -1.534291386604309]",tensor(0.9989)
sad_688fb9382de29ce1f77deb46c2e5807c,20-29,Female,White,sad,5,5,"[-1.513258695602417, -2.389665365219116, -4.259785175323486, 0.22821320593357086, 1.6405909061431885, 4.4614434242248535, -4.207102298736572]",tensor(0.9276)
fear_4231a1b9f4ca69166230dc2bbf6a9b12,50-59,Male,White,fear,2,1,"[-0.011393812485039234, 3.84197998046875, 0.5859220027923584, -4.64980411529541, -1.9336891174316406, 0.47280967235565186, -1.1141114234924316]",tensor(0.9054)
happy_5aa34c76c5bda0598f9380144ce49edc,20-29,Female,White,happy,3,3,"[-1.98745858669281, -2.2137610912323, -3.420503616333008, 7.0812788009643555, -1.1552178859710693, -2.371128559112549, -1.9979267120361328]",tensor(0.9993)
neutral_468ee008ad192453e1c0a2db1b683d7b,20-29,Female,White,neutral,4,4,"[-0.296932190656662, -3.2319552898406982, -5.255288600921631, -0.3827454149723053, 7.456745147705078, -1.6111191511154175, -3.0583901405334473]",tensor(0.9990)
sad_3ddeb9038ea3c7a5893373b91bfe6c59,20-29,Female,Latino_Hispanic,sad,5,5,"[-0.07772715389728546, -3.1808574199676514, -3.4195072650909424, -1.0044337511062622, 2.493256092071533, 5.56608247756958, -5.070209980010986]",tensor(0.9510)
neutral_7c404afe6e02f5ec2f6338480cd38433,50-59,Male,White,neutral,4,4,"[1.1580742597579956, -4.0154571533203125, -3.8988959789276123, -3.852611541748047, 3.991360664367676, 2.239471912384033, -0.2537969648838043]",tensor(0.8015)
angry_a96f0a034df8f09fbb465c6c7c7b2d9f,20-29,Female,White,angry,0,0,"[5.515132427215576, 2.1920740604400635, -5.302460193634033, -1.7707775831222534, 0.554658055305481, -1.4342716932296753, -4.445425987243652]",tensor(0.9572)
neutral_cf62945fab5f9dfac02390bea01bb7d1,50-59,Female,White,neutral,4,3,"[-4.113232612609863, -6.629848480224609, -5.499416828155518, 7.949014186859131, 4.613274574279785, -2.384873151779175, -4.102970600128174]",tensor(0.9656)
fear_9393f26ed5d0ff4e2fc81427065e8f5c,30-39,Male,Latino_Hispanic,fear,2,2,"[-1.8779882192611694, -3.155238151550293, 4.046394348144531, 1.5433189868927002, -5.591190814971924, -1.3508936166763306, 1.775209665298462]",tensor(0.8382)
fear_1925ec555a90746f2b03ffceca100a26,30-39,Male,White,fear,2,5,"[1.7581590414047241, 1.5530003309249878, -3.575458526611328, -1.74575674533844, -0.9891378879547119, 4.389943599700928, -5.511980056762695]",tensor(0.8789)
fear_3b2e299a3a0aae4c346af7fa3dab196e,30-39,Male,White,fear,2,5,"[-0.7776329517364502, -5.336653709411621, 0.11172172427177429, -7.410519123077393, 1.4116096496582031, 6.039696216583252, 0.1365687996149063]",tensor(0.9840)
happy_00c5c61f848b8f75bf6d667b704c5800,40-49,Female,White,happy,3,3,"[-2.381990671157837, -1.7671867609024048, -2.4270925521850586, 6.628890037536621, -2.8082940578460693, -2.3746471405029297, -0.8170387148857117]",tensor(0.9988)
disgust_34ad0a9d172bed0569d417cf808b2467,00-02,Male,White,disgust,1,0,"[5.423914909362793, 1.0126094818115234, -3.115152359008789, -3.196004867553711, 0.2966187000274658, 0.27494892477989197, -4.1638102531433105]",tensor(0.9763)
neutral_35702c8918a9cc51637b54b1cf909daf,20-29,Male,Black,neutral,4,4,"[-4.240841865539551, -5.069306373596191, -5.697774887084961, 0.0510038323700428, 6.928426742553711, -2.296541213989258, 1.8835644721984863]",tensor(0.9925)
disgust_13b4da43e47d486d5a7e88d63febafb1,10-19,Male,White,disgust,1,0,"[2.979959011077881, 0.5701404213905334, -4.028034210205078, -1.570365071296692, 2.300654411315918, -2.6258950233459473, -2.4233038425445557]",tensor(0.6186)
disgust_b58f8ea1fd88bda5f907dda7fd499aa2,00-02,Female,White,disgust,1,3,"[-0.5377872586250305, -0.445087730884552, -2.6512701511383057, 4.616101264953613, -2.7614223957061768, -1.7990913391113281, -1.8152881860733032]",tensor(0.9836)
disgust_bf93f8a00905b71ed2db95d0b3808668,20-29,Male,White,disgust,1,5,"[3.0790109634399414, -1.478941559791565, -3.477268695831299, -2.6071996688842773, 1.9357736110687256, 3.5465087890625, -4.343820095062256]",tensor(0.5446)
neutral_36d37e8fcd064f514ac12553b09b6208,20-29,Male,Black,neutral,4,4,"[-0.7016047239303589, -3.528764486312866, 0.6113197803497314, -2.6466710567474365, 1.3673124313354492, 0.3786120116710663, -0.7011178135871887]",tensor(0.4717)
angry_be5125fe9f4fa8250bd59fccd43284d8,30-39,Male,Middle Eastern,angry,0,4,"[1.6375927925109863, -2.932798385620117, -4.893703937530518, 0.6102946996688843, 3.697585344314575, -0.9569323062896729, -4.034904479980469]",tensor(0.8442)
surprise_41b7b1f6da4190fb03d19fb79dcb09c0,30-39,Female,White,surprise,6,3,"[-2.917790651321411, -2.6090633869171143, -2.5210509300231934, 7.238588809967041, -2.7429025173187256, -2.59907865524292, -0.042617861181497574]",tensor(0.9991)
disgust_3348074968292e76863888a82972fdb8,03-09,Female,White,disgust,1,0,"[6.059436798095703, 5.892580986022949, -3.100822925567627, -5.055527210235596, -2.2760698795318604, -0.5477659702301025, -3.825472831726074]",tensor(0.5411)
sad_6e8bd2115b6217f15bc4bce7f69ebea0,20-29,Female,East Asian,sad,5,5,"[-2.669081449508667, -4.878309726715088, -3.0332183837890625, -1.4602508544921875, 4.491178035736084, 5.242681503295898, -3.386796474456787]",tensor(0.6786)
angry_3987064adc17bb8e54f9cb3a7886325a,20-29,Male,East Asian,angry,0,4,"[-2.6102352142333984, -4.41124153137207, -4.223336219787598, -3.13874888420105, 6.775803089141846, -1.3838388919830322, 1.8939235210418701]",tensor(0.9920)
angry_eb410bc2c68e9611ad2af6f7fdd1029c,03-09,Female,White,angry,0,4,"[-3.176966428756714, -3.7422537803649902, -2.641373634338379, 0.24527138471603394, 5.046134948730469, 1.8819857835769653, -2.9786243438720703]",tensor(0.9509)
sad_763e050e695ffdc7cbe825b879e89d59,20-29,Female,White,sad,5,4,"[-5.195570468902588, -4.509518623352051, -0.14530780911445618, -2.7577404975891113, 3.285209894180298, 2.5362677574157715, 2.30346417427063]",tensor(0.5311)
neutral_36cdc231b468a454e018c98a3719d7b6,20-29,Female,White,neutral,4,4,"[-3.8596737384796143, -4.885584831237793, -4.8097333908081055, -0.5121355652809143, 6.083984375, 2.7246053218841553, -1.380371332168579]",tensor(0.9645)
angry_14f819f8b205d3eecc41843f44917fd7,50-59,Male,Latino_Hispanic,angry,0,1,"[1.743091106414795, 2.118820905685425, -3.7198712825775146, -1.0693753957748413, 1.2648156881332397, -0.8688970804214478, -4.482015132904053]",tensor(0.4528)
surprise_a1e340f6b26cfdcd2db0ec3c53819590,00-02,Male,White,surprise,6,4,"[0.9102981090545654, -3.803274154663086, -0.22536632418632507, -4.521677494049072, 2.82678484916687, -0.6130849123001099, 1.2635869979858398]",tensor(0.6955)
neutral_e237a5f21d0cfff011462172f467b0e7,20-29,Female,White,neutral,4,4,"[-4.108953952789307, -5.986416339874268, -4.744962215423584, 0.6057089567184448, 9.187185287475586, -5.088940620422363, -0.5118733048439026]",tensor(0.9997)
neutral_885b8ce4ab9d386147705166204c78bf,20-29,Male,White,neutral,4,4,"[2.852628469467163, -4.198751449584961, -3.415602684020996, -4.823879718780518, 4.57744836807251, 2.4417340755462646, -1.7442829608917236]",tensor(0.7700)
neutral_dcafd2b48287cc002a8d6ee181b5fc90,20-29,Female,White,neutral,4,4,"[-3.361182928085327, -6.440553665161133, -4.155624866485596, -2.7937004566192627, 9.088632583618164, 1.235798954963684, -1.306793451309204]",tensor(0.9996)
happy_bb02677d755c3bca075598772a7e04b3,30-39,Female,White,happy,3,3,"[-1.695056438446045, -0.9543331265449524, -1.8462975025177002, 4.164987564086914, -1.2351882457733154, -2.864572525024414, -0.8749352097511292]",tensor(0.9774)
angry_223c3c6f0b2ff58956d874a87e0d460e,20-29,Male,East Asian,angry,0,1,"[1.9631800651550293, 4.532320976257324, -1.7125029563903809, -3.822338819503784, -1.311140775680542, 0.9711066484451294, -3.410463333129883]",tensor(0.9005)
angry_38de3c98213e98d7054d4735ac417e82,60-69,Male,White,angry,0,4,"[1.5260207653045654, -0.9992567896842957, -3.378131628036499, -0.903865396976471, 3.347919464111328, -2.135159492492676, -1.5221668481826782]",tensor(0.8320)
happy_557b9ad6d0a03f5e01303c2e87eb8a5b,20-29,Female,East Asian,happy,3,3,"[-2.602302312850952, -1.9424548149108887, -2.9726736545562744, 7.598091125488281, -2.605741262435913, -2.963940143585205, -0.6003351211547852]",tensor(0.9995)
neutral_ef340ac2b8d3d7cd52bb81c0305f94cd,20-29,Female,Southeast Asian,neutral,4,4,"[-1.191362977027893, -3.713001012802124, -5.346112251281738, 0.9704725742340088, 5.226223468780518, 0.29009661078453064, -2.5501794815063477]",tensor(0.9770)
sad_cc3b14f68c9798cbf893b86e2832fd10,30-39,Male,Middle Eastern,sad,5,4,"[0.797381579875946, -5.457597255706787, -4.0427374839782715, -2.1136417388916016, 8.608865737915039, -1.6936620473861694, -3.3037965297698975]",tensor(0.9995)
fear_244c884c7ade3039d2b88a29af4afa54,30-39,Male,White,fear,2,2,"[-1.04165780544281, -2.1872332096099854, 4.063982009887695, -0.8484525680541992, -4.750824451446533, -1.8093760013580322, 2.6532845497131348]",tensor(0.7922)
fear_acfd30e9343099bd98a8efb1927a54da,40-49,Male,Middle Eastern,fear,2,6,"[-2.6527583599090576, -2.4942409992218018, 3.729670524597168, -5.085012435913086, -1.6213393211364746, -0.8279374837875366, 4.88252592086792]",tensor(0.7566)
disgust_23565edb490712aa40279a0bfd702176,30-39,Female,Black,disgust,1,4,"[-2.3163399696350098, -1.561104416847229, -2.212982654571533, -1.120747447013855, 2.6110849380493164, -0.7806037664413452, -0.7996155023574829]",tensor(0.8918)
surprise_e51f1204160c3f9cd0f029bdc1925e32,30-39,Male,White,surprise,6,6,"[-1.5169647932052612, -5.612887859344482, 0.9672043323516846, -5.836842060089111, 2.7429115772247314, -1.244773030281067, 3.3891782760620117]",tensor(0.6135)
angry_f97bea4984d5d8e218a7ae494e441f0d,03-09,Female,White,angry,0,0,"[9.935673713684082, -0.3498488664627075, -4.3757452964782715, -3.338108539581299, 0.02353559248149395, -1.4083386659622192, -5.092354774475098]",tensor(0.9999)
surprise_779575c0f63309b4811cc26654ab2304,40-49,Male,Latino_Hispanic,surprise,6,5,"[-1.6447848081588745, -2.3263089656829834, -1.7493963241577148, -3.3647499084472656, 2.0272367000579834, 2.252161979675293, -1.0167442560195923]",tensor(0.5293)
happy_ad778bbf733fd76913d227e93834a601,20-29,Female,East Asian,happy,3,3,"[-3.6283488273620605, -2.865818738937378, -3.64056134223938, 5.259897708892822, 0.4082568883895874, 0.5647133588790894, -2.2333288192749023]",tensor(0.9822)
surprise_01669400d87d935033a873fa10b12506,20-29,Male,White,surprise,6,6,"[-2.044053316116333, -3.8573038578033447, 3.1995906829833984, -4.872679233551025, -1.2745310068130493, -1.4314122200012207, 4.7040886878967285]",tensor(0.8142)
fear_e6b79d467bd211c9fc7d152c602637a7,20-29,Female,White,fear,2,4,"[-2.1051700115203857, -4.159274101257324, 0.29954060912132263, -3.319772720336914, 3.366981029510498, 2.761223077774048, -2.174860715866089]",tensor(0.6242)
angry_137bd99f3f7c569cc03c1b76182f274f,50-59,Male,Middle Eastern,angry,0,3,"[2.002596616744995, -1.6439152956008911, -4.2478861808776855, 4.328266620635986, 0.06503844261169434, -2.026952028274536, -4.691699028015137]",tensor(0.8957)
surprise_99172208650215d93e0784512f41e4fa,20-29,Male,White,surprise,6,6,"[0.02922813966870308, -2.0133960247039795, -1.3633739948272705, -1.6312739849090576, -0.7020770311355591, -0.4193539619445801, 1.487169861793518]",tensor(0.6152)
angry_9ca5185bb181f44bc29491dbc7504220,50-59,Female,White,angry,0,3,"[0.011000345461070538, 0.32091546058654785, -0.9174963235855103, 2.821178436279297, -2.1149072647094727, -2.4837427139282227, -1.708790898323059]",tensor(0.8411)
angry_669d8ef2c7e8852cd569d4e2e5087f2c,10-19,Male,White,angry,0,0,"[4.604621410369873, -1.3745537996292114, -4.196876049041748, -2.545042037963867, 2.357496500015259, 0.7924070358276367, -4.077066898345947]",tensor(0.8838)
disgust_c2a7c9f532f2bed77cbea3f0a84eca76,50-59,Male,White,disgust,1,5,"[-0.5471250414848328, 0.789888322353363, -4.006425857543945, -2.2560184001922607, -0.19596125185489655, 6.957513332366943, -4.071317672729492]",tensor(0.9965)
angry_0085bfc8927d9e5ad2eda52de40e4cab,50-59,Male,White,angry,0,5,"[1.9723029136657715, -0.6741657853126526, -0.9353427290916443, -4.548631191253662, 1.3848809003829956, 3.1635489463806152, -3.0256576538085938]",tensor(0.6608)
neutral_224f5e517670df8c14321bd945ab752e,30-39,Male,White,neutral,4,3,"[-1.6300597190856934, -2.2156970500946045, -3.942330837249756, 4.499539852142334, 1.8175872564315796, -1.3783681392669678, -2.9979891777038574]",tensor(0.9299)
disgust_a18d868181207f2eb02fa1bc43eb0e01,20-29,Female,White,disgust,1,3,"[1.3738588094711304, 0.3066979646682739, -5.111031532287598, 1.6023935079574585, 1.570930004119873, -2.9568214416503906, -1.6716521978378296]",tensor(0.3238)
happy_b84dffa09a00734ef5e6d4b696125de0,20-29,Female,White,happy,3,3,"[-2.6823842525482178, -2.6688292026519775, -3.4550704956054688, 7.093608856201172, -0.43322378396987915, -3.299039125442505, -1.2928916215896606]",tensor(0.9991)
fear_b7c770876f29b7948436201b2b37a087,20-29,Male,Black,fear,2,2,"[0.713012158870697, 1.4035426378250122, 1.4471755027770996, -2.6616263389587402, -0.39506274461746216, -2.643009662628174, 0.12676459550857544]",tensor(0.3453)
disgust_813934708ebc8871db13bbeda79afdcf,20-29,Male,White,disgust,1,0,"[7.13834810256958, 2.225139617919922, -2.4816465377807617, -3.6440963745117188, -1.3843238353729248, -2.3798279762268066, -2.1320159435272217]",tensor(0.9923)
angry_f742c44ff1128860364a9aa1a02c3f7a,50-59,Female,White,angry,0,4,"[1.9247372150421143, -3.31888484954834, -4.80352258682251, -0.8229635953903198, 4.552058696746826, -2.000617027282715, -0.7490715980529785]",tensor(0.9227)
sad_cf70a71c3632f8962865ed7cdd7fcde4,00-02,Female,White,sad,5,5,"[1.4085747003555298, -0.3779245615005493, 1.1330896615982056, -4.712656497955322, -3.7263457775115967, 4.713982105255127, -2.9016051292419434]",tensor(0.9333)
surprise_954e666b35cdbd8fdc5e01e352f3ea12,20-29,Female,White,surprise,6,6,"[-4.238313674926758, -4.718235969543457, -1.2241895198822021, -3.2679831981658936, 2.916137933731079, 0.5717785358428955, 4.343103885650635]",tensor(0.7888)
fear_f8509a798c84b945e17639241459c589,00-02,Male,Black,fear,2,2,"[-2.455747365951538, -2.128798484802246, 3.9864940643310547, -4.940343379974365, -0.4726448059082031, -2.065056324005127, 2.3663597106933594]",tensor(0.8225)
neutral_7aa1fd27ea6716ef85bdbafa8d2abe84,20-29,Female,East Asian,neutral,4,4,"[-3.031034469604492, -3.681910276412964, -3.9253995418548584, 2.7205593585968018, 5.020838260650635, -0.03129091113805771, -2.576261520385742]",tensor(0.9027)
surprise_0764118f8873f52c84f2b0d617ba0e98,20-29,Male,White,surprise,6,3,"[-2.3504161834716797, -2.0820064544677734, -1.9692682027816772, 5.967115879058838, -2.852423667907715, -2.476684093475342, 0.7790730595588684]",tensor(0.9932)
surprise_3b6975cf75b9238373341d3fe4e372b0,20-29,Female,White,surprise,6,3,"[-4.691470623016357, -3.3311188220977783, -2.2441458702087402, 3.3915176391601562, 0.25127243995666504, -2.542071580886841, 2.173095226287842]",tensor(0.7426)
disgust_d0fb92d46c91d9442dbca8d30a5cf95f,20-29,Male,White,disgust,1,5,"[-2.263904333114624, -1.0788524150848389, -2.9289088249206543, -1.20114266872406, 0.2879575192928314, 4.764612674713135, -2.7946014404296875]",tensor(0.9816)
disgust_f22e41c9dc07759c9e08907abf5b7a35,20-29,Male,East Asian,disgust,1,0,"[1.7750661373138428, 0.31517672538757324, -4.067237377166748, -1.3511518239974976, 0.5766593217849731, -5.45357084274292, 1.6476606130599976]",tensor(0.4062)
surprise_0c11ee792e13722858fc9289d234ede3,20-29,Female,White,surprise,6,6,"[-2.5255355834960938, -4.374399662017822, 1.752286434173584, -0.05925341323018074, -4.413498401641846, -7.0910563468933105, 10.812366485595703]",tensor(0.9999)
sad_34f95f92fdee79c07464181197169075,40-49,Male,Black,sad,5,5,"[-1.604853630065918, -0.7783268094062805, -2.1705710887908936, -1.7347296476364136, -0.2695903182029724, 7.276055335998535, -4.905395030975342]",tensor(0.9988)
fear_ef5e1f165ff6c8319d04e7d397070f85,30-39,Male,White,fear,2,4,"[0.5007627010345459, -6.322239875793457, -1.4792354106903076, -5.179797649383545, 7.215920925140381, -3.104030132293701, -0.1749974489212036]",tensor(0.9980)
angry_f2c6f5306bb05e81dd845d95fb080f76,40-49,Male,White,angry,0,0,"[3.553394079208374, -1.2575714588165283, -2.819851875305176, -4.916492462158203, 1.384326457977295, 3.268044948577881, -3.354961633682251]",tensor(0.5327)
surprise_b527913aa35384a9526d833cf6e9b754,40-49,Male,White,surprise,6,3,"[-1.7290771007537842, -3.6030871868133545, -4.354434967041016, 6.062309741973877, 1.4315191507339478, -1.64224112033844, -2.563708543777466]",tensor(0.9892)
neutral_537f38a22004e555931f2962c49fcfd1,30-39,Female,Black,neutral,4,3,"[-3.143321990966797, -2.9554693698883057, -2.6250908374786377, 6.61566686630249, -0.31906557083129883, -1.7090250253677368, -2.1907546520233154]",tensor(0.9984)
sad_5e73ca6004929e85206faeda058e4f08,20-29,Male,White,sad,5,5,"[-3.3218724727630615, -3.107860803604126, 0.9363681077957153, -1.0139304399490356, -0.6260741949081421, 5.696553707122803, -3.111234664916992]",tensor(0.9881)
angry_71d8ef4a59e8449890970753adfe4d06,30-39,Male,White,angry,0,3,"[0.18376277387142181, -1.4326542615890503, -2.899552345275879, 3.149117946624756, -1.2975447177886963, -2.5416910648345947, -0.46829813718795776]",tensor(0.9041)
sad_9f6207f385ea1ce420814af34d81f361,30-39,Female,White,sad,5,4,"[-3.2143137454986572, -3.39762020111084, -1.3698344230651855, -2.393012046813965, 3.676164388656616, 2.6956348419189453, -0.7838028073310852]",tensor(0.7157)
sad_7b32a604ffd44261406c6f53ea87c5ff,03-09,Male,White,sad,5,5,"[-2.2046799659729004, -3.7551686763763428, 2.590210199356079, -4.3643598556518555, -3.4378602504730225, 10.041146278381348, -3.385594367980957]",tensor(0.9994)
neutral_d85cb9bc97c37f389afe5f95a0aeb90f,30-39,Male,White,neutral,4,3,"[-2.347465753555298, -3.9992783069610596, -5.138084411621094, 6.166511058807373, 4.517723560333252, -3.6972718238830566, -3.109921932220459]",tensor(0.8384)
neutral_3e3eca1edc38973122285fcced1cf54e,20-29,Female,White,neutral,4,4,"[-1.6883814334869385, -3.424942970275879, -0.9636182188987732, -4.708733081817627, 4.648841857910156, 0.4756554067134857, 1.3510096073150635]",tensor(0.9450)
happy_de10161f43fabb2228b0d4b9faaf946b,00-02,Male,Black,happy,3,3,"[-2.550006151199341, -2.1750547885894775, -3.3354411125183105, 7.395654678344727, -2.132875919342041, -1.3330239057540894, -2.4164528846740723]",tensor(0.9996)
neutral_0a816ac8acdd3014ec406cf3f2267b53,50-59,Male,White,neutral,4,4,"[0.5960097908973694, -5.250825881958008, -5.008327007293701, -1.1988922357559204, 8.924960136413574, -1.1758009195327759, -3.5948359966278076]",tensor(0.9997)
fear_38f1db90a9d8518731518511485e2396,03-09,Male,Middle Eastern,fear,2,5,"[-3.539034366607666, -3.972738265991211, 1.6556864976882935, 0.05301957204937935, -4.09628438949585, 6.026478290557861, -0.8902156949043274]",tensor(0.9839)
disgust_1a2d00b7b93f4ea20e5d308b7bd4b2b5,30-39,Female,White,disgust,1,3,"[-3.753405809402466, -2.6752192974090576, -3.9880387783050537, 6.289356231689453, -0.05473332107067108, -0.18819908797740936, -2.0818088054656982]",tensor(0.9963)
angry_508d487254ba4d681566a22560cb56ee,30-39,Male,White,angry,0,2,"[-2.996361494064331, -3.282683849334717, 6.770529270172119, -6.5768303871154785, -1.50795578956604, 0.3101640045642853, 2.2522425651550293]",tensor(0.9873)
sad_998c6de4b23383e74407aae0f979ae36,03-09,Female,Indian,sad,5,5,"[-0.7986192107200623, 1.7467854022979736, 1.454786777496338, -4.736471652984619, -3.6655523777008057, 6.352293491363525, -3.588594436645508]",tensor(0.9820)
surprise_0fd3c9e90cc81d2278d2af604a1bc889,30-39,Male,White,surprise,6,4,"[-2.8622477054595947, -3.5066916942596436, -0.3116157352924347, -2.610241413116455, 3.4838061332702637, -0.6993937492370605, 2.288877487182617]",tensor(0.7433)
surprise_adf02b073c05f50b4df3be84d6a2e0ac,50-59,Female,White,surprise,6,3,"[-4.445145130157471, -3.2688772678375244, -1.5906221866607666, 5.631772518157959, -1.435636281967163, -3.1919941902160645, 1.3466126918792725]",tensor(0.9846)
sad_863d8e8a915e2838867952c7e27fd0eb,10-19,Female,White,sad,5,4,"[-1.2757949829101562, -5.0325493812561035, -4.638911247253418, -0.9916372299194336, 7.797684192657471, 0.6324431896209717, -3.347716808319092]",tensor(0.9989)
fear_35becfe33a496880c0c854ce7be23840,20-29,Male,White,fear,2,0,"[5.113203525543213, -0.8789442777633667, 4.743905544281006, -4.56565523147583, -4.442121982574463, -1.6471755504608154, -2.603908061981201]",tensor(0.5898)
surprise_142276f0412a8aa23adab10e8751f442,10-19,Female,White,surprise,6,4,"[-5.122109413146973, -5.607440948486328, -3.6042182445526123, 1.0216646194458008, 4.842118740081787, -0.41380584239959717, 1.853823184967041]",tensor(0.9278)
happy_268785b661d352aceddc24acbc237af6,20-29,Female,White,happy,3,3,"[-1.6820396184921265, -1.4771039485931396, -3.3327388763427734, 5.340142726898193, -0.04054947942495346, -3.3360848426818848, -1.4377853870391846]",tensor(0.9920)
angry_e8688909b6cb120214ae6c024be0ec63,03-09,Male,White,angry,0,0,"[3.275027275085449, -1.7305649518966675, -2.6061301231384277, -4.26591157913208, 2.5088624954223633, 2.8940114974975586, -3.9869236946105957]",tensor(0.4632)
angry_79044a4e89b5a01b4abe49e14de625a6,20-29,Male,White,angry,0,5,"[0.04106641188263893, -1.6660100221633911, -2.997945785522461, -2.224825859069824, 1.866015076637268, 3.6188158988952637, -3.359923839569092]",tensor(0.8254)
happy_dd7cce7eb1a1cce4891e9ea432d8963e,30-39,Male,East Asian,happy,3,3,"[-2.5218355655670166, -3.8171985149383545, -3.274158239364624, 8.155287742614746, -0.3919200599193573, -3.7035374641418457, -2.3210296630859375]",tensor(0.9997)
fear_4be2a00ecb53c7eda4ada79aaf6622ec,50-59,Male,Latino_Hispanic,fear,2,3,"[-3.0140531063079834, -1.9978078603744507, -3.2895240783691406, 3.2991905212402344, 2.5466065406799316, -4.427713394165039, -0.9355711340904236]",tensor(0.6692)
disgust_337d063fd0f87d4cefac0bd578055b86,30-39,Male,Black,disgust,1,3,"[-1.6102585792541504, 0.43513405323028564, -2.0031087398529053, 3.5678625106811523, -2.197866678237915, 0.017153888940811157, -2.7606849670410156]",tensor(0.9202)
angry_a1a60e801c13cebea97ba1f68da3a434,50-59,Male,White,angry,0,4,"[0.14669184386730194, -3.3184759616851807, -4.23781156539917, -0.23697227239608765, 6.3036112785339355, 0.6042057275772095, -4.841176986694336]",tensor(0.9930)
surprise_7c8cf1f68c421dfbc3a689eac5cb277a,20-29,Male,Middle Eastern,surprise,6,4,"[-3.236226797103882, -4.944828033447266, -3.228322982788086, -0.2583083510398865, 4.960146427154541, -3.165715217590332, 2.9417948722839355]",tensor(0.8778)
fear_0c41ecd08b91fe9c24c1cc367b0e4712,00-02,Male,Middle Eastern,fear,2,4,"[-0.2338637262582779, -1.9043101072311401, -1.9485065937042236, -2.7825779914855957, 4.105030536651611, 1.3261802196502686, -3.4213991165161133]",tensor(0.9246)
neutral_ab6be79ae8cd58eca75d294ee3a9100a,10-19,Male,East Asian,neutral,4,4,"[-5.852874279022217, -7.426700592041016, -2.250243902206421, -1.7311300039291382, 8.146991729736328, 1.2981812953948975, -1.00325345993042]",tensor(0.9988)
disgust_68e1978a1a1f61a5783494a93df4f20c,20-29,Female,White,disgust,1,5,"[-0.4884321391582489, 1.239900827407837, 1.8730425834655762, -6.449307918548584, -1.8201797008514404, 3.667135000228882, -2.6259121894836426]",tensor(0.7835)
fear_1adaaf14820aeecff1cd1ae175f1c808,50-59,Male,White,fear,2,6,"[3.05902361869812, -1.782786250114441, 1.411428689956665, -3.705456256866455, -2.574392557144165, -6.086224555969238, 5.481910705566406]",tensor(0.9035)
happy_09940b0f38dc606af9c8f793a481e395,20-29,Female,Latino_Hispanic,happy,3,3,"[-2.364161729812622, -2.1088221073150635, -2.599163055419922, 5.706973075866699, -0.48085057735443115, -3.037020683288574, -0.9500781893730164]",tensor(0.9956)
sad_ac99399032957951ec86b3e33096c7ab,10-19,Male,White,sad,5,4,"[-0.6631293296813965, -3.138354539871216, -4.93558931350708, 0.2807517647743225, 4.260453701019287, 2.6976068019866943, -3.9596285820007324]",tensor(0.8087)
happy_92adaaac53da0153fbeea6b82b5cbe7a,20-29,Female,White,happy,3,3,"[-2.4844729900360107, -2.378571033477783, -3.321281909942627, 6.8168230056762695, -0.8198104500770569, -2.7388243675231934, -1.7334165573120117]",tensor(0.9990)
fear_33fd6af0e192b4e8a51adfc807d0f37a,50-59,Male,White,fear,2,5,"[0.3558681607246399, 0.4548301100730896, 0.6406220197677612, -5.951353549957275, -0.9959009885787964, 5.62031364440918, -2.7228612899780273]",tensor(0.9810)
disgust_760bfb72048e618a796bee98047e1fbe,03-09,Female,White,disgust,1,0,"[7.497899532318115, 6.371346473693848, -2.1574759483337402, -3.8892693519592285, -4.68344259262085, -2.551177501678467, -4.8052496910095215]",tensor(0.7551)
sad_14ccdb58ad230ce20329b88b3878274f,20-29,Female,White,sad,5,1,"[-1.0974019765853882, 1.939404010772705, 1.0120577812194824, -4.255722522735596, -0.6772367358207703, -0.11271964013576508, -0.8015756011009216]",tensor(0.5842)
happy_a73eed6b874e35c0c0b3d67257ab1b8a,10-19,Female,White,happy,3,3,"[-2.1771419048309326, -2.2035751342773438, -3.3159596920013428, 6.461135387420654, -1.1954572200775146, -1.8081692457199097, -1.8081461191177368]",tensor(0.9986)
sad_9709fa4b31303447ff02f29cef129865,50-59,Male,White,sad,5,6,"[0.8306688070297241, -2.7337021827697754, -0.5479955673217773, -3.990635871887207, 1.13123619556427, 0.9266597032546997, 1.296201229095459]",tensor(0.2987)
fear_240a44c234feaf30109bb583b77fc819,50-59,Male,White,fear,2,6,"[-2.884824514389038, -4.461446762084961, 0.9284164905548096, -1.366047739982605, 2.4914636611938477, -3.5848140716552734, 3.0035805702209473]",tensor(0.5740)
sad_c9910ee8846b913e341698f3feeba7be,20-29,Female,Middle Eastern,sad,5,5,"[-2.5389912128448486, -4.80695915222168, -0.29928505420684814, -3.5628209114074707, 3.208779811859131, 6.1128411293029785, -2.218107223510742]",tensor(0.9461)
angry_27b90b76558a923dba546617e3897542,50-59,Male,Middle Eastern,angry,0,6,"[-0.4488665759563446, -2.459636926651001, 0.577543318271637, -6.182598114013672, 0.5834365487098694, 0.948064923286438, 2.302262783050537]",tensor(0.5923)
neutral_cd06c5e7835fb52ce29a8e3ba7efdf96,60-69,Male,White,neutral,4,4,"[-1.9776395559310913, 0.6751488447189331, -2.1811447143554688, -0.2588054835796356, 1.4006476402282715, -1.4968996047973633, -0.7661166787147522]",tensor(0.5247)
disgust_64685d4f54611d2bc588641df1eca124,03-09,Female,Southeast Asian,disgust,1,4,"[0.978943407535553, -0.8148273825645447, -2.8152856826782227, -2.9055538177490234, 2.7714970111846924, -2.324274778366089, -0.6907522678375244]",tensor(0.8072)
neutral_a02682b56fdbe0886561f8d9ef2f4145,20-29,Female,White,neutral,4,4,"[-3.4074864387512207, -5.032597541809082, -4.191994667053223, -0.04207262769341469, 8.093204498291016, -1.0373828411102295, -1.4204787015914917]",tensor(0.9995)
happy_9923933a16da4dbb94aafe7111aa4c4a,30-39,Male,Latino_Hispanic,happy,3,3,"[-1.7257816791534424, -1.9375289678573608, -2.558928966522217, 6.192527770996094, -1.735555648803711, -2.227426767349243, -1.4771322011947632]",tensor(0.9981)
happy_0ce28a53b7f33a64bd18bdb4c0e0a531,40-49,Female,White,happy,3,3,"[-2.104027032852173, -1.6094093322753906, -2.712904930114746, 6.144713401794434, -1.4284489154815674, -2.536853313446045, -1.3094905614852905]",tensor(0.9979)
neutral_ebb7c62a86e85467b6389bf07a49862d,30-39,Male,White,neutral,4,4,"[0.47406184673309326, -4.854574680328369, -0.08770973980426788, -5.808280944824219, 4.235898017883301, -1.8998316526412964, 1.9966461658477783]",tensor(0.8731)
neutral_8810feca9b4af76c28b7b7eacbabc8cc,20-29,Female,White,neutral,4,4,"[-3.0847997665405273, -3.718193769454956, -4.80655574798584, 1.28372323513031, 6.424951553344727, 0.05130240321159363, -2.217391014099121]",tensor(0.9922)
fear_b80e55f0a1e0c74553419e6b153b4bae,00-02,Male,Black,fear,2,6,"[-0.8639616370201111, -2.710319995880127, 1.7731716632843018, -3.5815978050231934, 1.0190523862838745, -3.4730777740478516, 2.9064254760742188]",tensor(0.6652)
happy_84e76c4967edaf5f4dba414f1e234d2d,30-39,Male,White,happy,3,4,"[-2.7695388793945312, -3.2696332931518555, -4.384950160980225, -0.2633281946182251, 7.030789852142334, -3.2259621620178223, 0.1476787030696869]",tensor(0.9982)
fear_ac0a3390a405f077873375c2322762f6,03-09,Male,White,fear,2,3,"[-4.202101230621338, -5.497471809387207, -1.9620206356048584, 4.293282985687256, -1.026025652885437, -0.11092612147331238, 2.3226046562194824]",tensor(0.8631)
surprise_32dce62eead9175697a51104445ba7f9,30-39,Male,White,surprise,6,6,"[-0.9004579782485962, -0.4090641140937805, 1.4923514127731323, -1.6613212823867798, -1.2106143236160278, -1.7908892631530762, 1.7136443853378296]",tensor(0.4734)
happy_8fe24e35f001c3285568784ba3e88e20,20-29,Female,White,happy,3,3,"[-2.0548038482666016, -1.615700125694275, -2.698432445526123, 6.160043239593506, -2.0524284839630127, -2.9003472328186035, -1.0367599725723267]",tensor(0.9980)
sad_2dc52c6bc5cd647d8077ba41af924246,30-39,Female,White,sad,5,6,"[-3.311664342880249, -1.1741130352020264, 0.7449067831039429, -1.8284469842910767, 1.0183279514312744, -0.9318115711212158, 1.2244467735290527]",tensor(0.3707)
neutral_0fc8d03989ae2dbb753ea2d06fd4a598,50-59,Male,White,neutral,4,4,"[-1.3980871438980103, -2.1893093585968018, -3.232616424560547, 0.22454409301280975, 3.81551194190979, 1.4951759576797485, -3.5305235385894775]",tensor(0.8809)
neutral_c089328cb04a8fe19d7b5c32092c3704,20-29,Male,White,neutral,4,4,"[-2.0524260997772217, -3.784217119216919, -4.083653926849365, -3.3396334648132324, 7.842936038970947, 2.1470131874084473, -2.1751549243927]",tensor(0.9965)
disgust_0dc25de1aa947c68ff2e941aa4eaaacf,50-59,Male,White,disgust,1,4,"[-0.9258761405944824, -0.3285413384437561, -3.33992338180542, -0.251109778881073, 2.421881914138794, -0.4006093144416809, -1.2222707271575928]",tensor(0.7956)
angry_4ecac38adcfce56ec64421ac22754ea1,30-39,Male,East Asian,angry,0,5,"[-3.226895570755005, -5.048697471618652, 0.17903244495391846, -5.888741970062256, 1.5078387260437012, 7.447208881378174, 0.6651572585105896]",tensor(0.9955)
fear_09299601e8b7bb88fcfd5f3ed765f8a1,30-39,Female,White,fear,2,5,"[-3.4733898639678955, -4.410196304321289, -0.7775426506996155, -2.9351730346679688, 1.5179551839828491, 7.00271463394165, -1.9225409030914307]",tensor(0.9952)
disgust_e126d09f42381898755f2e5a744b0698,00-02,Male,White,disgust,1,6,"[-3.7113823890686035, -3.5063703060150146, 0.41608792543411255, -0.4326097071170807, -0.6787551641464233, -0.5075864791870117, 3.0834367275238037]",tensor(0.8677)
sad_2e82d8ad595a2679b72e4f802518e4ac,30-39,Female,White,sad,5,5,"[-1.4949836730957031, -3.81660795211792, -2.335622787475586, -1.551459789276123, 0.2565975487232208, 8.551891326904297, -3.7573800086975098]",tensor(0.9996)
angry_e2f027d9c35d20f4c36c41cd0a208756,20-29,Male,Southeast Asian,angry,0,4,"[-2.708434820175171, -2.693372964859009, -3.5420641899108887, 2.2899789810180664, 4.992140293121338, -1.2440553903579712, -2.438030481338501]",tensor(0.9340)
angry_71f6c2ba20882a25dcedcee00acbe918,50-59,Male,White,angry,0,5,"[0.9512336254119873, 1.51809561252594, -3.105515480041504, -1.6371493339538574, 1.1798583269119263, 1.67780601978302, -4.14640474319458]",tensor(0.3343)
fear_b6b78ba5b1dc4088dc4e81b1cee6cf9e,20-29,Female,White,fear,2,4,"[-3.1831040382385254, -3.85996675491333, -0.40084993839263916, -2.35522723197937, 4.250532627105713, -1.0802847146987915, 1.6157724857330322]",tensor(0.9188)
disgust_f23b27f4ddb921fcea1e1c5edfa94a76,20-29,Male,Latino_Hispanic,disgust,1,1,"[1.7753883600234985, 4.688297748565674, 0.16357263922691345, -3.2096967697143555, -3.5522403717041016, -1.79530668258667, -2.2302730083465576]",tensor(0.9361)
happy_29a22aa1532c4ee7b7e5eefcd0edc4f4,20-29,Female,Middle Eastern,happy,3,3,"[-4.127076625823975, -3.06304669380188, -2.832080841064453, 5.313467979431152, -0.18417227268218994, -3.2735185623168945, 1.536506175994873]",tensor(0.9730)
sad_84dab2455f884559b6346e054640cfdb,30-39,Male,White,sad,5,4,"[0.04125945642590523, -3.9834983348846436, -0.39379313588142395, -3.5408949851989746, 1.5549778938293457, -2.348330020904541, 1.1600223779678345]",tensor(0.4839)
happy_2398972dc091ce52185bf9c6869073c9,30-39,Male,White,happy,3,3,"[-1.7333078384399414, -2.1071889400482178, -2.0968832969665527, 5.377302169799805, -1.3387782573699951, -1.4604169130325317, -1.697514533996582]",tensor(0.9950)
angry_bf4b1ad4ee98de237773a38c294b3c78,40-49,Female,Indian,angry,0,4,"[1.0560585260391235, -3.1673104763031006, -1.9779138565063477, -4.717352390289307, 3.221501111984253, -3.191136121749878, 2.9983983039855957]",tensor(0.5198)
disgust_a95278161c68ca4dee72bd07c8937ce8,20-29,Female,White,disgust,1,4,"[-0.5960269570350647, 1.291054606437683, -2.888300895690918, -0.687213659286499, 1.3195405006408691, -1.669497013092041, -1.0995208024978638]",tensor(0.4153)
fear_4e082e43e6c11b8ccfc3eb78dec59ae6,10-19,Female,Indian,fear,2,4,"[-0.20804165303707123, -3.6011579036712646, -0.0725330263376236, -3.6075572967529297, 3.484846591949463, -2.914062976837158, 2.0021913051605225]",tensor(0.7790)
disgust_2de34d4b39367a1f1f0b249409d916ea,50-59,Female,Black,disgust,1,5,"[-2.2698607444763184, 0.6158059239387512, -2.457360029220581, -0.5027749538421631, 0.7987783551216125, 1.4518805742263794, -3.1962642669677734]",tensor(0.4653)
disgust_08768b92e9ce63004e54c8eb0393fc03,40-49,Male,White,disgust,1,3,"[-2.4173452854156494, -2.827326774597168, -3.7075703144073486, 5.8789448738098145, 1.4742980003356934, -3.4294838905334473, -1.5108706951141357]",tensor(0.9868)
angry_40c3db7cb055f95961f4dfa4a6cfd290,40-49,Male,Indian,angry,0,5,"[-1.689716100692749, -1.4391525983810425, -2.097581386566162, 0.4412148892879486, 0.5188145041465759, 1.015167236328125, -1.2008470296859741]",tensor(0.4035)
neutral_7ebd74a104e7885eb6f9a92e5b0496e4,50-59,Male,Black,neutral,4,4,"[0.508861243724823, -2.34472393989563, -2.0699682235717773, -4.3174567222595215, 4.323652744293213, 2.326968193054199, -3.350938320159912]",tensor(0.8610)
fear_f07f7bb79d69e7724eadb23324b1ac64,20-29,Female,White,fear,2,6,"[-6.071069240570068, -6.55224609375, 1.715301275253296, -6.6608805656433105, 2.5935215950012207, 1.4814966917037964, 5.421935558319092]",tensor(0.9065)
happy_8e04aaaba7749de6149588b662fefa8f,30-39,Female,Black,happy,3,3,"[-1.5870801210403442, -1.8729432821273804, -2.5257017612457275, 6.280766010284424, -2.50677227973938, -3.0142312049865723, -1.0247292518615723]",tensor(0.9983)
sad_bda59378137aa6946f58bb25f307e887,00-02,Female,White,sad,5,5,"[-2.390995740890503, -4.692784309387207, -0.5682477951049805, -3.855502128601074, 4.422060489654541, 5.521289825439453, -3.724949836730957]",tensor(0.7485)
neutral_1863972ccd99d53d63cab060ce17a8da,40-49,Female,Black,neutral,4,3,"[-3.3585288524627686, -0.5280707478523254, -3.0409579277038574, 2.241783618927002, -0.4741877317428589, 0.40352532267570496, -0.8192122578620911]",tensor(0.7443)
neutral_22c3afadccfe42f3e568971500ccbc3e,20-29,Male,Middle Eastern,neutral,4,4,"[-2.94339656829834, -3.8475968837738037, -3.4201602935791016, 3.1018664836883545, 3.868269443511963, -0.8891322612762451, -1.5144660472869873]",tensor(0.6756)
fear_0a2385d62c0356eb69af5d5842d41370,30-39,Male,White,fear,2,4,"[-4.744217395782471, -5.142706871032715, -0.9039247632026672, -0.6275779008865356, 5.424342155456543, -1.1040583848953247, 0.8882719874382019]",tensor(0.9839)
neutral_a2981646b606408e432ff211286d5236,30-39,Female,White,neutral,4,4,"[-2.9412922859191895, -3.597282886505127, -4.329971790313721, 3.4125454425811768, 3.658031702041626, 1.4292281866073608, -3.3132920265197754]",tensor(0.5282)
happy_ae6b8e889674db2b5983ceb66b909820,20-29,Female,East Asian,happy,3,3,"[-1.6247191429138184, -0.9636490345001221, -3.082426071166992, 5.135130405426025, -0.4669346213340759, -1.9724575281143188, -1.929608702659607]",tensor(0.9910)
surprise_2e354c1ae0c3a2d4462914a61ded42ff,30-39,Male,White,surprise,6,4,"[-2.2956490516662598, -6.1128644943237305, -2.3029446601867676, -4.547486782073975, 4.595777988433838, 3.9503798484802246, 1.1486246585845947]",tensor(0.6417)
disgust_33c500a76de97ba63395b5639c703975,30-39,Male,East Asian,disgust,1,4,"[0.14003057777881622, -4.445921897888184, -4.924008846282959, -2.34846830368042, 7.5125885009765625, -0.57292640209198, -2.103052854537964]",tensor(0.9989)
surprise_c015076e0f8b0c9ec67f2a7877176523,50-59,Male,White,surprise,6,3,"[-0.5788006782531738, -1.304173231124878, -4.153432369232178, 5.286259174346924, -0.9514521360397339, -3.4682846069335938, -1.5175361633300781]",tensor(0.9925)
fear_6a364346ef4890ac46b7d715c57b24f6,30-39,Male,White,fear,2,5,"[-0.035748016089200974, -6.989912033081055, 0.2753884792327881, -8.756604194641113, 2.234487295150757, 4.739239692687988, 1.6654058694839478]",tensor(0.8712)
happy_93a1b7524727859b22496890fa030358,40-49,Male,White,happy,3,3,"[-2.993947744369507, -2.74991512298584, -4.251047611236572, 4.832345485687256, 3.2504842281341553, -2.3277053833007812, -2.305919647216797]",tensor(0.8277)
sad_7857c1878dd0ceb2ab366208bc12acb9,20-29,Female,East Asian,sad,5,5,"[-0.25545215606689453, -0.2548033893108368, -2.5864620208740234, -0.22876419126987457, -1.784804105758667, 0.8987820148468018, -0.8746233582496643]",tensor(0.4498)
fear_47de8d303633538df895b05a91110666,20-29,Female,White,fear,2,4,"[-2.013714075088501, -4.936347007751465, -2.5118072032928467, -1.753700852394104, 5.718252658843994, 1.7825652360916138, -2.323059558868408]",tensor(0.9793)
sad_1ba77b8bb45223f0ff4a046a21ea11ce,30-39,Female,White,sad,5,5,"[-0.8068161606788635, -2.3478968143463135, -4.0552659034729, -0.8247715830802917, 0.8435800671577454, 5.9900078773498535, -3.376993417739868]",tensor(0.9917)
sad_e8ee4fce3557260a8d526bba6550638e,00-02,Male,White,sad,5,6,"[-3.6635055541992188, -4.672660827636719, -1.324247121810913, -1.6621776819229126, 2.6165144443511963, -1.5350375175476074, 3.8106348514556885]",tensor(0.7584)
fear_3d0579ee15886e0182f6916f995631df,20-29,Female,White,fear,2,4,"[-5.661318302154541, -5.401037216186523, -1.2515558004379272, -1.027675986289978, 3.9761369228363037, -0.05397540330886841, 3.4396331310272217]",tensor(0.6193)
surprise_489363e2c689ae129e1fb4cace36dd98,30-39,Male,Black,surprise,6,4,"[-4.098807334899902, -5.013240814208984, -4.740432262420654, -0.9236353635787964, 11.562660217285156, -5.390674114227295, -1.0326308012008667]",tensor(1.0000)
surprise_8d40757d534dd0013a435929616f8ccb,20-29,Female,Middle Eastern,surprise,6,5,"[-3.2518317699432373, -0.7370319962501526, 1.7283267974853516, -3.3882529735565186, -1.4011244773864746, 2.361492395401001, 0.06964809447526932]",tensor(0.5858)
sad_d296ccfe855de7eecf9a93f51aeeb9a0,00-02,Male,White,sad,5,5,"[-2.566394090652466, -1.5552220344543457, 0.06732916831970215, -1.43892502784729, -2.5465853214263916, 7.979706287384033, -2.4868228435516357]",tensor(0.9994)
neutral_96a6a912e30d69c57cde274d7ab87250,20-29,Male,White,neutral,4,5,"[-1.895872712135315, -4.700471878051758, -1.4150171279907227, -5.330621719360352, 3.8664729595184326, 5.484157562255859, -0.061022717505693436]",tensor(0.8306)
sad_8d9bddd7e67edd1467d5595f9b825e87,30-39,Male,Black,sad,5,5,"[0.08682982623577118, -2.6613433361053467, 1.0267189741134644, -3.3239927291870117, -0.25665754079818726, 4.119526386260986, -3.772205352783203]",tensor(0.9278)
disgust_2bd2e28ce1d844c69193ef55972b9f53,20-29,Female,Black,disgust,1,4,"[-1.2888333797454834, -1.2845224142074585, -2.824683427810669, 0.8718788027763367, 1.4134212732315063, -1.3781219720840454, -0.5613948702812195]",tensor(0.5179)
fear_dec116aa689938d5cab3de1b4bda70e4,00-02,Male,Black,fear,2,6,"[-0.31349027156829834, -2.004983425140381, 2.47836971282959, -0.7016212940216064, -3.821291208267212, -2.1532113552093506, 3.2697765827178955]",tensor(0.6622)
sad_3af4bbeb60dc3f7906ed1678c23d535e,40-49,Male,White,sad,5,5,"[1.3228487968444824, -1.515917181968689, -2.7843446731567383, -3.0789246559143066, 1.2672044038772583, 4.864353656768799, -3.0824532508850098]",tensor(0.9441)
angry_8f7879336668a5b7711dae22a876204b,10-19,Male,Southeast Asian,angry,0,4,"[0.3430441617965698, -5.608567714691162, -4.494692802429199, -0.646263837814331, 8.014425277709961, 0.539165735244751, -4.364785194396973]",tensor(0.9988)
happy_71f83eb5384ff206cd0ca77729684fb6,50-59,Male,White,happy,3,3,"[0.34834179282188416, -0.037661876529455185, -3.578941583633423, 1.5554406642913818, 0.9848508834838867, -1.1283453702926636, -4.222533226013184]",tensor(0.4662)
surprise_c9d7d098decd43671c6e3c9ff7d04fe5,10-19,Female,White,surprise,6,3,"[-2.070197105407715, -1.3695405721664429, -1.3954355716705322, 3.96513032913208, -3.9207842350006104, -2.2135720252990723, 2.22463321685791]",tensor(0.8405)
happy_9cb25bc07eaf5b33c2e9e0858adff0c3,30-39,Female,White,happy,3,3,"[-1.3147003650665283, -1.3789883852005005, -2.9136343002319336, 6.0670552253723145, -1.7072081565856934, -2.2860612869262695, -2.590165138244629]",tensor(0.9978)
surprise_586ffbe52b53817a2159151bd97bf8d3,30-39,Male,White,surprise,6,2,"[-0.11270453035831451, -3.629877805709839, 3.2046968936920166, -7.466311931610107, -1.0124706029891968, 0.9961974620819092, 2.3566293716430664]",tensor(0.6289)
sad_5cf5576a1c2b38e550c4289892199f64,60-69,Male,White,sad,5,5,"[1.6425881385803223, -1.945243000984192, -1.8496625423431396, -4.850861072540283, 1.2339614629745483, 4.663430213928223, -2.5773303508758545]",tensor(0.9218)
happy_90ce7e0eb2fee2eaaa7f542cea385c11,20-29,Female,White,happy,3,3,"[-3.3100011348724365, -2.319157838821411, -2.2848403453826904, 4.492785930633545, -0.20177295804023743, -3.4102606773376465, 0.7181292176246643]",tensor(0.9661)
disgust_881a8bc5221aaf6644c074260003fc2f,20-29,Female,Black,disgust,1,4,"[-2.786186456680298, -4.5605645179748535, -1.6736172437667847, -2.107990264892578, 6.173713207244873, -0.8729358911514282, 0.7341259121894836]",tensor(0.9940)
sad_dc58ceb9d4220ed1a222971e86e4b465,70+,Female,Indian,sad,5,5,"[1.72600257396698, -6.77093505859375, -1.7901082038879395, -6.826924800872803, 2.883748769760132, 9.82559871673584, -5.181013584136963]",tensor(0.9987)
happy_2f18ed00857b3da9f9f3a5e48291fed4,60-69,Male,Middle Eastern,happy,3,3,"[-1.6720467805862427, -1.9751650094985962, -2.581343173980713, 5.446479320526123, -0.7566131949424744, -2.018738031387329, -1.9398568868637085]",tensor(0.9951)
fear_0fa9b2c084de37639a5317fc9b70ce9a,30-39,Female,White,fear,2,0,"[4.946624279022217, -1.8793853521347046, 4.084892749786377, -4.825316905975342, -5.7600626945495605, 0.7719769477844238, -3.7240066528320312]",tensor(0.6949)
disgust_729af5164ed99fc82b3524696eff783a,30-39,Male,Black,disgust,1,4,"[-2.650277853012085, -2.9592936038970947, -4.555771350860596, 0.8657463192939758, 7.093225479125977, -2.37296724319458, -1.9145441055297852]",tensor(0.9977)
surprise_147a86d81e31c9b7983efc7d0abc753c,20-29,Female,White,surprise,6,6,"[-3.819277048110962, -5.709994316101074, 0.6019561886787415, -0.22153133153915405, -3.059300422668457, -7.913972854614258, 11.776488304138184]",tensor(1.0000)
sad_272f3a2032c07c7a2bcc55c75d1b3e1f,30-39,Female,White,sad,5,4,"[-2.6499626636505127, -4.602941989898682, -4.0298051834106445, -0.3538089990615845, 6.465043544769287, 2.25662899017334, -2.9492130279541016]",tensor(0.9841)
disgust_8b7326cf307b79070f9f873d30de01c6,00-02,Male,White,disgust,1,0,"[1.9949934482574463, -0.9889872670173645, -3.905268669128418, -1.7290998697280884, 1.1158819198608398, -1.0645264387130737, -1.377715826034546]",tensor(0.6354)
fear_850bccaeb18da72fa986d7c5733b23d3,20-29,Female,Latino_Hispanic,fear,2,2,"[0.8917605876922607, -1.5358411073684692, 3.903266429901123, -1.9454461336135864, -4.667502403259277, -2.476080894470215, 3.145977258682251]",tensor(0.6548)
neutral_5924f537f4bcd752c8812e73b8651b15,20-29,Female,Latino_Hispanic,neutral,4,4,"[-4.052984714508057, -4.809789657592773, -3.279029369354248, -1.249393343925476, 6.9814066886901855, -0.48477301001548767, 0.3290857672691345]",tensor(0.9978)
happy_1ce6ff842be3981b0355958e3986a046,10-19,Male,White,happy,3,3,"[-3.334651231765747, -3.0488808155059814, -4.366102695465088, 5.827600002288818, 3.074587345123291, -2.3213706016540527, -1.7266721725463867]",tensor(0.9391)
surprise_e84475561225faccaa80727ce3af7e21,00-02,Female,Middle Eastern,surprise,6,6,"[-2.7244770526885986, -3.055467128753662, 4.457775115966797, -3.670102119445801, -3.291391611099243, -2.381612539291382, 5.911408424377441]",tensor(0.8101)
angry_bab6743e5aad74ee2e5953741299b821,20-29,Male,Latino_Hispanic,angry,0,0,"[6.109458923339844, 0.1041085496544838, -3.9248595237731934, -2.7157418727874756, 1.0306397676467896, -0.19761084020137787, -4.797571659088135]",tensor(0.9894)
angry_53252d0687f56849108d51879f39ad29,30-39,Male,White,angry,0,4,"[-0.26011863350868225, -3.8574533462524414, -2.328421115875244, -3.0842840671539307, 5.645387172698975, 1.5131980180740356, -2.1513781547546387]",tensor(0.9806)
happy_5269bb33fc59107b08e54e370a17094b,20-29,Female,East Asian,happy,3,3,"[-3.1705188751220703, -2.9506161212921143, -3.6750617027282715, 6.1525139808654785, -0.19095315039157867, -0.95154869556427, -1.6611002683639526]",tensor(0.9968)
happy_8caafdf80e07ab121c0be04600f69a65,03-09,Male,White,happy,3,3,"[-3.1773345470428467, -3.021869421005249, -1.795954704284668, 3.9645609855651855, -0.7665766477584839, -3.4132847785949707, 2.149991512298584]",tensor(0.8495)
disgust_6927d792c20d794f58848d260b50c24b,20-29,Male,Latino_Hispanic,disgust,1,0,"[5.280620574951172, 2.6703648567199707, -3.1458683013916016, -4.445398807525635, -0.42727261781692505, -0.9322218894958496, -3.410170316696167]",tensor(0.9265)
happy_a3e36ed432a3ad6875bff07faaa6acac,40-49,Male,White,happy,3,3,"[-2.754681348800659, -2.1319658756256104, -3.4355413913726807, 6.496149063110352, 0.8153568506240845, -2.273277759552002, -2.712129831314087]",tensor(0.9960)
neutral_b37863d75021cf6a0469df37e08df8eb,30-39,Male,White,neutral,4,4,"[0.6024606823921204, -2.859492063522339, -4.005383491516113, -2.1486828327178955, 4.983643531799316, -3.9924936294555664, 1.7930457592010498]",tensor(0.9478)
happy_8d969bbe1fcf3794da29d5ed7ef377a1,30-39,Male,White,happy,3,3,"[-2.7713091373443604, -2.3176286220550537, -2.613797426223755, 6.821784019470215, -2.1124863624572754, -1.3629778623580933, -2.074134111404419]",tensor(0.9992)
neutral_5ed2a0796f3b5f7e0107d31a0412331c,20-29,Male,White,neutral,4,5,"[-3.0507845878601074, -6.251315116882324, 0.1539391577243805, -7.171878337860107, 2.1303417682647705, 4.266453266143799, 3.1440649032592773]",tensor(0.6846)
happy_36436103ed030c09666d119edfb003bf,20-29,Male,White,happy,3,3,"[-1.201909065246582, -1.576367974281311, -1.4120219945907593, 3.2450366020202637, -1.287696361541748, -1.630024790763855, -0.13936254382133484]",tensor(0.9246)
happy_bcc6d80235989a9d76bfd863b17a8161,20-29,Female,White,happy,3,3,"[-2.7234890460968018, -1.5755301713943481, -3.34670090675354, 7.075413227081299, -1.2869216203689575, -2.719660758972168, -1.7553539276123047]",tensor(0.9993)
disgust_e98635f0086764d9d83e605b9a5c0fb1,00-02,Female,Latino_Hispanic,disgust,1,5,"[-2.267643451690674, -3.559051752090454, -0.15899774432182312, 2.437004327774048, -5.117824554443359, 2.883056163787842, 0.8497650027275085]",tensor(0.5475)
fear_e6ffb98276367d9fbe81c87af56d6a57,20-29,Male,White,fear,2,2,"[-0.8895900845527649, -1.4885882139205933, 2.3868749141693115, -1.5622886419296265, -2.721447229385376, -0.41968002915382385, -0.6215365529060364]",tensor(0.8378)
neutral_49c3907e3e5fd09e3cdfa5571e04eec7,40-49,Male,White,neutral,4,4,"[-0.5992136001586914, -2.8606631755828857, -3.7462334632873535, 2.790332317352295, 4.090235233306885, -2.9852805137634277, -2.9505839347839355]",tensor(0.7783)
fear_991ff11cc9f0c6c4fe87d4a708f8125e,20-29,Male,White,fear,2,4,"[-1.2578375339508057, -2.5117735862731934, -0.2137393057346344, -5.138530254364014, 4.30038595199585, -0.042972639203071594, -0.29879236221313477]",tensor(0.9624)
angry_7a9bc8498d186f441fe2374c7000245f,40-49,Male,Black,angry,0,5,"[2.0427417755126953, -3.6097545623779297, -1.7207326889038086, -4.183478832244873, 1.204043984413147, 5.754355430603027, -3.5668365955352783]",tensor(0.9654)
sad_54fd3ba44dc3cce0af07a986f06dc2cb,40-49,Male,Black,sad,5,4,"[-5.337872505187988, -6.602804660797119, -0.20982107520103455, -2.7612526416778564, 3.331800699234009, 2.107386827468872, 2.9137256145477295]",tensor(0.5041)
neutral_f34ee14fc5c1f22f3c545d9df941fd6c,20-29,Female,White,neutral,4,4,"[-2.6381633281707764, -4.459750175476074, -4.825586795806885, 3.2193994522094727, 5.307234764099121, -2.1633222103118896, -0.924288272857666]",tensor(0.8874)
disgust_cbf34fdc162c27dd603e3db66166a0ec,03-09,Female,East Asian,disgust,1,5,"[3.625932216644287, 1.758679986000061, -1.6420068740844727, -5.581928730010986, -3.1734344959259033, 3.9983909130096436, -5.114180564880371]",tensor(0.5555)
fear_f03b8730b66d2e2f8ccfe1f9eaab091b,40-49,Male,White,fear,2,5,"[-1.732557773590088, -1.873891830444336, -0.8158047199249268, -2.475959300994873, 0.8164119124412537, 2.6378841400146484, 0.5985527634620667]",tensor(0.7390)
surprise_d1de1a327d829234b29ea1b597072ae0,00-02,Male,White,surprise,6,6,"[-4.075558185577393, -5.145513534545898, 1.4986356496810913, -1.9512341022491455, -1.7597358226776123, -4.416648864746094, 8.779685974121094]",tensor(0.9993)
fear_13597cbea4fd7f6503a1c4721cca9549,20-29,Female,White,fear,2,2,"[-1.209884762763977, -0.7691924571990967, 4.938069820404053, -7.626694202423096, -1.6993035078048706, 3.6463403701782227, -1.508479356765747]",tensor(0.7793)
sad_efce0af9b9272bf851877f95713cf7e4,03-09,Male,White,sad,5,5,"[-1.1281410455703735, -2.203526735305786, 0.046959683299064636, -0.7697503566741943, -4.274720668792725, 7.052154541015625, -2.7297534942626953]",tensor(0.9983)
happy_374737ee806d380fe0ace8dc5e635e0a,20-29,Female,Latino_Hispanic,happy,3,3,"[-2.0371854305267334, -1.6912949085235596, -2.8110761642456055, 5.9512248039245605, -1.0714812278747559, -2.167452335357666, -1.5149447917938232]",tensor(0.9973)
happy_b9949a052c3fc624c0d39bd8e40790bb,40-49,Female,Latino_Hispanic,happy,3,3,"[-2.9746334552764893, -1.3340682983398438, -2.509937047958374, 5.494527339935303, -0.8244674205780029, -3.0303943157196045, -0.6850341558456421]",tensor(0.9943)
surprise_1f5027e64f6568cadbf72efe5958aad3,40-49,Male,White,surprise,6,6,"[-2.3030216693878174, -3.3091351985931396, -0.8992951512336731, 4.461482524871826, -5.636744976043701, -5.81404447555542, 6.519526958465576]",tensor(0.8861)
happy_6c4e5cedc082b6dedeb126c9b209daf5,30-39,Male,Latino_Hispanic,happy,3,3,"[-2.3506643772125244, -1.9009617567062378, -2.534949779510498, 6.634146213531494, -2.3228137493133545, -2.190253734588623, -0.7316719889640808]",tensor(0.9987)
neutral_2bb50f3ca895ab58cddfea09335a5104,30-39,Male,White,neutral,4,5,"[-0.31373709440231323, -5.196822166442871, 0.5749527215957642, -5.709230899810791, 2.5684163570404053, 4.494354248046875, -1.9890203475952148]",tensor(0.8508)
sad_a967bac932a4b59ace993fb950c39271,20-29,Male,White,sad,5,5,"[-2.5356285572052, -2.566176652908325, -2.6221325397491455, -0.8974157571792603, 2.0559327602386475, 6.027278423309326, -2.9474997520446777]",tensor(0.9799)
happy_d7ac0b3a5f8e4ccfb345fc531524fc1b,00-02,Male,White,happy,3,3,"[-4.523622989654541, -3.6829774379730225, -2.0656795501708984, 5.7551188468933105, -3.600386619567871, -1.90760338306427, 4.021175861358643]",tensor(0.8491)
surprise_57f3244a96abdf84c8b93cec152b527d,20-29,Female,Middle Eastern,surprise,6,6,"[-3.7240545749664307, -2.0692622661590576, -1.3786826133728027, 1.8581485748291016, -0.4876144528388977, -3.6306920051574707, 4.047828197479248]",tensor(0.8848)
sad_c9a6bf70c65684d58212147f52a72cb8,20-29,Female,White,sad,5,4,"[-2.628594160079956, -4.566676139831543, -4.0690131187438965, 0.7096920609474182, 5.408320903778076, 3.3488755226135254, -3.3328499794006348]",tensor(0.8793)
disgust_511f3d7a0750e93e232291788e3cf4ad,40-49,Male,White,disgust,1,1,"[-0.642536997795105, 0.764965832233429, -1.0244332551956177, -1.7835084199905396, -0.46618062257766724, -0.7560516595840454, 0.4492906928062439]",tensor(0.3663)
disgust_01e404aa5d587601752a6490d2fd3dac,00-02,Male,White,disgust,1,5,"[-0.09167458117008209, -3.6627986431121826, -5.541477680206299, -0.7927037477493286, 2.9436423778533936, 5.159090518951416, -4.416761875152588]",tensor(0.8951)
happy_e54303fb104a70b404e1f09366bd5b62,20-29,Male,East Asian,happy,3,3,"[-2.2822299003601074, -1.099232792854309, -1.1743927001953125, 5.298722743988037, -3.1568634510040283, -2.0909080505371094, -0.685684859752655]",tensor(0.9930)
fear_ab076f44bb23b9b1cf7548837570e2f6,20-29,Female,White,fear,2,2,"[-0.4320409595966339, 1.0525797605514526, 4.211360454559326, -3.7303812503814697, -3.8150877952575684, -2.3335416316986084, -0.4643760323524475]",tensor(0.9403)
fear_cd607c73812835ebe4ad48e887ee2ff2,30-39,Female,Middle Eastern,fear,2,3,"[-2.635786771774292, -3.1800615787506104, -2.3675284385681152, 4.067358016967773, 2.7249786853790283, -2.218337059020996, -1.888535499572754]",tensor(0.7879)
neutral_cbd31c98eaa7c98ad3914e3464a693bf,40-49,Male,Indian,neutral,4,4,"[-1.8488497734069824, -3.7509098052978516, -3.1249094009399414, -0.027906589210033417, 5.966323375701904, -2.458162784576416, -0.6231101155281067]",tensor(0.9954)
neutral_ee261bc8bf528a41de1dfddb46d47661,20-29,Female,Black,neutral,4,3,"[-3.6185224056243896, -4.004194736480713, -3.494901418685913, 3.097593307495117, 2.365025758743286, -3.65250825881958, 2.2182090282440186]",tensor(0.5262)
happy_26c05b9634787aeed7e404d9799d1711,20-29,Female,White,happy,3,3,"[-2.744870185852051, -2.3766558170318604, -2.9651875495910645, 5.818605899810791, -0.7272318601608276, -2.644695520401001, -0.9537597894668579]",tensor(0.9966)
angry_13979fb1e54c928d55a36882e75705be,00-02,Male,East Asian,angry,0,0,"[1.1550366878509521, -0.4770048260688782, -1.5341254472732544, -3.2374444007873535, 0.3993113040924072, -0.2316412627696991, 0.15725365281105042]",tensor(0.4230)
angry_810332a24cd8e9e98b268023a0c08fc9,40-49,Male,White,angry,0,5,"[1.0668656826019287, -2.1850335597991943, -2.859657049179077, -3.5948476791381836, 2.1243722438812256, 5.377173900604248, -4.288782596588135]",tensor(0.9496)
sad_0ff8e0a9e3ae1edf6028bcb64a424fa8,00-02,Male,White,sad,5,5,"[-1.9908961057662964, -2.339832067489624, -0.7759002447128296, 0.23420657217502594, -1.6807072162628174, 5.427128314971924, -2.2765579223632812]",tensor(0.9902)
fear_55b95175f75eb98a6f1406a24b0b4827,50-59,Male,Black,fear,2,4,"[-0.091984823346138, -4.752270698547363, -1.3758924007415771, -4.945287704467773, 3.5289647579193115, -0.9773727655410767, 1.2263470888137817]",tensor(0.8729)
sad_de2b7689444737d4cd9019a7dba35689,00-02,Male,White,sad,5,5,"[-0.9189162850379944, -1.3401665687561035, -0.8854323625564575, -2.881030559539795, -1.5608656406402588, 7.737092018127441, -3.06821346282959]",tensor(0.9994)
neutral_8a13c50715ba2810865a6ea158d47dfa,20-29,Female,Middle Eastern,neutral,4,4,"[-2.222465753555298, -2.8115079402923584, -4.154655933380127, 0.34122610092163086, 4.357069969177246, -3.6292879581451416, 2.713810920715332]",tensor(0.8237)
surprise_d300fc4a4a91aa65928167642222d364,50-59,Male,White,surprise,6,6,"[-4.1456990242004395, -4.917314052581787, 2.076270818710327, -4.810656547546387, -0.225122332572937, -4.752364158630371, 10.014513969421387]",tensor(0.9996)
sad_57a66bb5dc4cf6e438cc3a26a316dac3,50-59,Female,White,sad,5,5,"[0.6693422198295593, 1.7451075315475464, 1.6129974126815796, -6.065937042236328, -3.0619089603424072, 5.930957317352295, -3.7840280532836914]",tensor(0.9672)
happy_ede0c3dd10c66e58153f95e4643bf95d,20-29,Female,White,happy,3,3,"[-1.4241206645965576, -2.260948896408081, -2.2390575408935547, 3.4559695720672607, -1.5742157697677612, 0.5842128992080688, -2.489156723022461]",tensor(0.9259)
angry_a2a3ed2382cbca5f41dabe27135a6c9c,30-39,Male,Middle Eastern,angry,0,0,"[2.6845903396606445, -0.7819640040397644, -2.5152699947357178, -0.6454768180847168, 2.147700786590576, -1.8047747611999512, -3.770644187927246]",tensor(0.5988)
neutral_cb5c4a69705edd291171c2f565852ef4,20-29,Female,White,neutral,4,4,"[-2.2006726264953613, -4.357064247131348, -3.6101040840148926, 0.4394712448120117, 5.215153694152832, -1.9999743700027466, -0.19663181900978088]",tensor(0.9858)
fear_d886de748ccc0b3947336dcd21ab7abc,40-49,Male,White,fear,2,3,"[-3.363327741622925, -3.411649465560913, -0.6656450033187866, 3.9700992107391357, -2.364746332168579, -1.83539879322052, 2.5559792518615723]",tensor(0.7943)
neutral_784bc0f41d9ebd6137f65872405925cf,20-29,Female,Black,neutral,4,4,"[-1.2839887142181396, -3.5881259441375732, -2.4092111587524414, -1.1985567808151245, 5.131107807159424, -0.918908953666687, -0.3231545090675354]",tensor(0.9894)
happy_e8f98deced088fa10dc4abc5d9b3dd69,30-39,Male,White,happy,3,3,"[-2.4641635417938232, -2.499927282333374, -2.423567295074463, 6.077842712402344, -0.3170280456542969, -2.206272602081299, -2.0247201919555664]",tensor(0.9972)
surprise_5d13cf4e497961b5c811b774d539c148,20-29,Female,White,surprise,6,6,"[-6.121200084686279, -6.352893829345703, -2.74578857421875, -1.0191383361816406, 4.695956707000732, -3.4544677734375, 7.06278133392334]",tensor(0.9139)
sad_a0941abbefc5d62819f321c8f30d7f3b,40-49,Female,White,sad,5,5,"[-2.8698647022247314, -3.4422965049743652, -3.2846038341522217, 1.4326499700546265, -0.6541999578475952, 8.252703666687012, -4.915284633636475]",tensor(0.9987)
happy_957e1c563bf957ba2a948a3543feb2bd,50-59,Male,White,happy,3,3,"[-2.012399196624756, -2.745889902114868, -3.5405051708221436, 7.733529567718506, -0.13453741371631622, -2.8280303478240967, -2.8956961631774902]",tensor(0.9995)
fear_76c27298d8a7146559dc74e673f30967,00-02,Male,East Asian,fear,2,4,"[-1.7580223083496094, -3.58823299407959, -1.863497018814087, -1.2273155450820923, 4.937466144561768, -2.5944390296936035, 0.8585097789764404]",tensor(0.9784)
neutral_5e9ccc7aa61461dc0ea62f4c2ed651dd,20-29,Female,East Asian,neutral,4,3,"[-3.0795814990997314, -2.431147813796997, -3.3060107231140137, 6.562322616577148, -0.6035143733024597, -3.0066399574279785, 0.49594739079475403]",tensor(0.9966)
happy_d6aa21770fc65170cc9eddaa17c91a60,30-39,Female,White,happy,3,3,"[-1.9556413888931274, -1.6717301607131958, -2.6311657428741455, 6.126885890960693, -1.7059886455535889, -2.369448661804199, -1.536104440689087]",tensor(0.9981)
surprise_6102b8be28d1e488fe8f03ed592a6090,20-29,Female,Latino_Hispanic,surprise,6,3,"[-2.8191726207733154, -2.6191647052764893, 0.3621111810207367, 4.568630695343018, -5.3787946701049805, -3.8328917026519775, 3.763847589492798]",tensor(0.6832)
disgust_d162628397ec0e494319e087bf5629d2,30-39,Male,White,disgust,1,0,"[5.996641635894775, 3.4643008708953857, -4.823993682861328, -0.5113579034805298, -1.2224161624908447, -3.928065299987793, -3.9632179737091064]",tensor(0.9244)
neutral_e6227957641afd2e499ed0e56b850404,03-09,Female,Black,neutral,4,4,"[-2.083834648132324, -2.8951656818389893, -1.5181326866149902, -1.1482353210449219, 2.955164670944214, 0.655150294303894, 0.4995679259300232]",tensor(0.8174)
angry_e33d8eb2b931be8815efe1888e915631,30-39,Male,Black,angry,0,4,"[-0.849733829498291, -3.0356216430664062, -4.3714118003845215, 0.1224188357591629, 3.978203058242798, 1.7307478189468384, -3.362240791320801]",tensor(0.8798)
fear_e37475ac014727e5b222036eb406d323,10-19,Female,East Asian,fear,2,4,"[0.24006547033786774, -1.8677104711532593, 1.0795711278915405, -4.7184224128723145, 2.8212409019470215, -0.9198795557022095, -0.9653756618499756]",tensor(0.7651)
fear_e537e2f228dd63d9b35b45d7dd2841a4,03-09,Female,White,fear,2,6,"[-4.189554214477539, -3.5086328983306885, 2.291994333267212, -3.762965202331543, 2.7307686805725098, -2.9049248695373535, 3.4629504680633545]",tensor(0.5572)
disgust_58816d2ee3e1cd39661eeff1fbe11986,20-29,Female,White,disgust,1,4,"[-1.265516757965088, -2.707761526107788, -4.9766082763671875, 2.8364052772521973, 5.623062610626221, -2.1172947883605957, -4.075319290161133]",tensor(0.9404)
neutral_d0eb7e4fc6fe1936bfa19970f68dfa3b,20-29,Male,White,neutral,4,3,"[-2.67038893699646, -4.682487964630127, -4.012470722198486, 4.419519901275635, 4.092139720916748, -1.9829374551773071, -1.7314105033874512]",tensor(0.5795)
happy_e07bb47d0b68bb4f100a8d1e44821c60,30-39,Male,White,happy,3,3,"[-1.8005826473236084, -1.3336777687072754, -2.179009437561035, 5.080054759979248, -1.077432632446289, -2.3029513359069824, -2.090667247772217]",tensor(0.9932)
neutral_e8a1a4d2176307b0d23aa15f54213ff8,50-59,Male,White,neutral,4,4,"[1.1995668411254883, -3.8401782512664795, -4.996938228607178, -2.3919177055358887, 7.403259754180908, 1.8854466676712036, -4.58649206161499]",tensor(0.9939)
neutral_930e17a0e2c6aacbe346af2910cd64bd,20-29,Female,White,neutral,4,4,"[-1.1067415475845337, -0.32090118527412415, -0.5988358855247498, -1.554339051246643, 1.0279877185821533, -2.474485397338867, 0.7615060210227966]",tensor(0.4088)
angry_bb6e24cb50b4a83b2f9e0f125630a111,20-29,Female,White,angry,0,4,"[-0.9278228282928467, -2.3290152549743652, -2.596179485321045, -0.3475344777107239, 2.420081853866577, 0.28119155764579773, -0.9146086573600769]",tensor(0.7895)
surprise_326229d5f9b9638244da7e00f42a6d99,20-29,Male,East Asian,surprise,6,3,"[-2.497990369796753, -1.8926817178726196, -3.0448174476623535, 7.172104358673096, -2.578979730606079, -3.540320873260498, -0.5407593846321106]",tensor(0.9993)
sad_8211187bbe13d1ff0fa2c23b6cfc5721,20-29,Female,White,sad,5,5,"[-2.8447134494781494, -2.5279414653778076, -2.536214590072632, -0.17535921931266785, 1.68239426612854, 3.798773765563965, -2.0086381435394287]",tensor(0.8717)
sad_4244f3ace322ff95ebe0058fbb7c44d4,40-49,Male,White,sad,5,5,"[-1.3725522756576538, -3.806553363800049, -3.7252211570739746, -1.5063462257385254, 3.447051763534546, 5.813989162445068, -5.18801736831665]",tensor(0.9130)
disgust_0ba414e3faa3ab5c545713b2109306bc,30-39,Male,White,disgust,1,4,"[-2.448279857635498, -4.920284748077393, -4.553187370300293, 5.735960960388184, 6.706980228424072, -2.096855878829956, -5.3513031005859375]",tensor(0.7252)
happy_77f1153a4f709d2fab1487dd58a645b0,10-19,Female,White,happy,3,3,"[-2.4365742206573486, -2.4808480739593506, -3.2616190910339355, 7.485043525695801, -1.3378252983093262, -2.2020506858825684, -2.1446075439453125]",tensor(0.9996)
surprise_8c2821b8e895906708d1fffbe67d17ae,20-29,Male,Black,surprise,6,2,"[-0.7808395028114319, -1.5263842344284058, 3.1948556900024414, -1.1791812181472778, -2.7975704669952393, -3.0818543434143066, 2.487157106399536]",tensor(0.6504)
sad_022cad32f47a0805556d62136671f18c,20-29,Male,Black,sad,5,4,"[3.0917012691497803, -5.628345489501953, -2.125962972640991, -5.392839431762695, 3.4192495346069336, 0.28848573565483093, -0.04515800252556801]",tensor(0.5556)
neutral_b70456593ac74f7146512c57a909cbba,20-29,Female,White,neutral,4,5,"[-0.9299213290214539, -4.180547714233398, -4.9895734786987305, -2.159325122833252, 4.777438640594482, 5.031373500823975, -3.490738868713379]",tensor(0.5620)
sad_c068eb280bf99851cd5f3d8fc332de10,20-29,Male,White,sad,5,4,"[2.254180908203125, -1.043096899986267, -4.240100383758545, -1.9712640047073364, 4.85222053527832, -1.52870512008667, -3.819654941558838]",tensor(0.9257)
sad_e3f259287f8eee3375beaa9b9962e0fd,50-59,Male,White,sad,5,5,"[0.8206284642219543, 2.117361307144165, 1.0603280067443848, -5.707927703857422, -2.511707067489624, 4.6441240310668945, -2.902273178100586]",tensor(0.8843)
neutral_41b59d39793c586b43a1cbb2ec12b7ed,30-39,Male,White,neutral,4,3,"[-2.170142412185669, -3.5203192234039307, -3.622676372528076, 5.120623588562012, 3.669667959213257, -3.5813608169555664, -2.7172770500183105]",tensor(0.8091)
fear_3d5af175e3d25acc7397a74d511fdf7e,30-39,Male,Black,fear,2,4,"[0.25322023034095764, -1.5973025560379028, -1.3804802894592285, -3.767629384994507, 2.14243221282959, -2.227236032485962, 1.2629412412643433]",tensor(0.6117)
disgust_50f39c1f46c1461e9ba47b76501755d1,00-02,Male,Black,disgust,1,4,"[-3.255279779434204, -2.701575756072998, -2.438735008239746, 0.6088032722473145, 4.400529384613037, -1.284953236579895, -0.5023117661476135]",tensor(0.9655)
neutral_f7f81b153cf718cd91777032f84f77a6,30-39,Female,White,neutral,4,3,"[-1.7415183782577515, -2.785658836364746, -3.1791069507598877, 4.285114288330078, 1.7494947910308838, 0.017093904316425323, -3.459182024002075]",tensor(0.9112)
happy_c90a0d3a34f4ec788a38f0405b08f758,60-69,Female,Indian,happy,3,3,"[-1.9004390239715576, -1.77789306640625, -2.984123945236206, 6.417792797088623, -1.98590087890625, -1.018620252609253, -2.727234125137329]",tensor(0.9985)
surprise_fd1b840da459c8b42e78aca738c967c3,00-02,Male,Black,surprise,6,6,"[-3.1871492862701416, -4.150840759277344, 1.5874816179275513, 1.885623574256897, -4.323159694671631, -6.446563720703125, 8.379223823547363]",tensor(0.9974)
surprise_531058e470e7c6821625ed5400377742,40-49,Female,White,surprise,6,3,"[-3.417773962020874, -3.4904897212982178, -3.396024703979492, 2.598503828048706, 2.4095091819763184, -3.2392513751983643, 1.7509843111038208]",tensor(0.4412)
angry_755c3b757b4f1bb73121bd0d684fc003,50-59,Male,White,angry,0,5,"[0.535618245601654, -0.432758092880249, -1.8547635078430176, -2.492074489593506, 0.6063613891601562, 3.916991710662842, -3.6656222343444824]",tensor(0.9185)
fear_f6fce66469ae5936e4e41595e79817fa,00-02,Male,Middle Eastern,fear,2,6,"[-2.4674415588378906, -2.602766275405884, 1.0564254522323608, -3.075669050216675, 0.6047360897064209, 0.4822164475917816, 1.5180232524871826]",tensor(0.4113)
fear_335eeb614b59720a15688e52474824a5,20-29,Female,White,fear,2,5,"[-2.158904552459717, -1.0169483423233032, 2.49531888961792, -1.486633539199829, -3.884699583053589, 3.8497252464294434, -1.1338915824890137]",tensor(0.7810)
happy_0eb1d34e14f468702b8d229296833477,03-09,Female,White,happy,3,3,"[-3.3021223545074463, -3.1801185607910156, -3.6513142585754395, 8.287135124206543, -1.601996898651123, -2.9027609825134277, -0.6005099415779114]",tensor(0.9998)
sad_d99e92851e557a555f6d20dbb451479c,50-59,Male,Latino_Hispanic,sad,5,4,"[1.261630892753601, -2.0273847579956055, -4.265838146209717, -4.163368225097656, 4.878678798675537, 3.9864962100982666, -5.654788494110107]",tensor(0.6955)
disgust_86db0f0c400399e73c3083bcb504b8f5,20-29,Male,White,disgust,1,1,"[1.0487391948699951, 4.968957901000977, -0.8261619806289673, -4.086528778076172, -2.340283155441284, 2.5066239833831787, -3.993027448654175]",tensor(0.9017)
fear_dc3f3788fb175f0aaac006bd74b9b407,20-29,Female,White,fear,2,6,"[-1.4767017364501953, 0.24894385039806366, -0.26242348551750183, 0.3499172031879425, -2.403554677963257, -2.4125046730041504, 2.209136962890625]",tensor(0.7013)
disgust_159f422c4323fbb1ea3b87e6a9d60a39,03-09,Male,White,disgust,1,4,"[-2.3438026905059814, -4.114752292633057, -3.2514381408691406, -1.5798901319503784, 6.266322135925293, 1.3851081132888794, -1.7136790752410889]",tensor(0.9915)
happy_121688ae1c213f153c844e2df62d2ab3,30-39,Female,White,happy,3,3,"[-2.7650742530822754, -3.208948850631714, -3.7268619537353516, 5.967208385467529, 1.9739596843719482, -3.9303431510925293, -0.8016238212585449]",tensor(0.9804)
surprise_2ccf7e6a65dcad286ce18078e695e75e,30-39,Male,Middle Eastern,surprise,6,4,"[-0.17292232811450958, -4.302976608276367, -3.022514820098877, 0.9975380897521973, 3.1796703338623047, -0.1020069420337677, -4.163011074066162]",tensor(0.8413)
neutral_728d1a617147492b915f353bf584eff2,20-29,Male,White,neutral,4,6,"[-3.039395332336426, -3.60504412651062, -2.0158300399780273, -0.6803616285324097, 3.50585675239563, -4.367981433868408, 4.086052417755127]",tensor(0.6361)
sad_76f86c35fd14fe9adbb11da2d22430f0,20-29,Female,White,sad,5,5,"[-2.6442975997924805, -4.654796600341797, -0.18760094046592712, -5.153716564178467, 2.7522342205047607, 7.007718563079834, -1.690331220626831]",tensor(0.9850)
surprise_8b8387445b6b5ab7bfd6843fc96c1251,00-02,Female,White,surprise,6,5,"[-4.274263381958008, -5.239973068237305, 0.09967423975467682, -2.889963150024414, 1.9339631795883179, 4.050546646118164, 1.0425243377685547]",tensor(0.8401)
disgust_dbc131eb6b278fd3cd3b5bcd617cd291,50-59,Male,White,disgust,1,4,"[-1.3192129135131836, -3.449960947036743, -4.710216999053955, -0.7444784045219421, 7.113209247589111, -0.8079880475997925, -3.768310546875]",tensor(0.9990)
happy_faab39ddb4f9e99b1d663c827d8c73f9,30-39,Female,Black,happy,3,3,"[-2.621670961380005, -2.11118221282959, -3.1974282264709473, 8.080022811889648, -3.324450731277466, -2.418051242828369, -1.2850806713104248]",tensor(0.9998)
sad_e482e5f7171d59b257686ab8da36dcd2,30-39,Female,White,sad,5,5,"[-0.5100821256637573, 1.3877239227294922, -0.09051567316055298, -2.423853635787964, -3.0813028812408447, 2.494676113128662, -2.1506400108337402]",tensor(0.6774)
sad_41638da73e55fb9f97ec06e5901d1fde,20-29,Female,Latino_Hispanic,sad,5,4,"[-3.4980008602142334, -4.646759033203125, -4.590816974639893, 1.640109658241272, 5.921886444091797, -1.8477675914764404, 1.0357874631881714]",tensor(0.9785)
sad_8fe89f595795c5b8c005d7b8fe12a004,60-69,Male,White,sad,5,4,"[-1.0002562999725342, -3.7003815174102783, -2.9657344818115234, -1.242806077003479, 5.176804542541504, 1.9502314329147339, -3.8440113067626953]",tensor(0.9579)
fear_952aeeb7b9c7d157da6c6a987495eab7,00-02,Female,Latino_Hispanic,fear,2,6,"[-4.811489105224609, -4.285865783691406, 0.10510967671871185, 0.7129033803939819, 0.1932358592748642, -3.6122429370880127, 5.229015827178955]",tensor(0.9769)
neutral_7bc22445f86ca77eb6baf14c15bd0b4e,20-29,Female,White,neutral,4,4,"[0.5394803881645203, -3.0016427040100098, -6.051480293273926, -1.9075589179992676, 7.320558547973633, -0.9220621585845947, -2.123991012573242]",tensor(0.9984)
sad_dd733a69a0e64e586b44468172cb21b1,10-19,Female,Black,sad,5,5,"[-3.478557586669922, -2.734750747680664, 0.30440476536750793, -0.8449462056159973, -2.4679250717163086, 8.002854347229004, -3.0300512313842773]",tensor(0.9993)
sad_274738ebc04c1e7bed674d2920ba21dd,40-49,Female,White,sad,5,4,"[-0.94666987657547, -3.1656572818756104, -5.9746012687683105, 2.8935558795928955, 4.466127872467041, 1.6819374561309814, -6.439220905303955]",tensor(0.7848)
happy_16776c5a2f82bf61523593a31e13c387,60-69,Male,White,happy,3,3,"[-3.8696844577789307, -5.170212268829346, -3.4950385093688965, 3.8115897178649902, 3.013686418533325, 0.45966392755508423, -1.8171067237854004]",tensor(0.6711)
neutral_d6418790bfad548c9076d67cd48d1d52,30-39,Male,White,neutral,4,4,"[-1.7808802127838135, -5.986507415771484, -4.0730695724487305, 0.3673085570335388, 8.421146392822266, -0.23012158274650574, -3.993494987487793]",tensor(0.9995)
surprise_c544f3ff3af9200e18e1378a2b05b402,20-29,Male,White,surprise,6,2,"[-3.1747887134552, -8.256749153137207, 8.242158889770508, -8.992012023925781, -0.16367840766906738, -2.156365394592285, 4.827792644500732]",tensor(0.9679)
surprise_39b3ee811fbe0384937380aee52c8b21,00-02,Male,White,surprise,6,6,"[-6.064296245574951, -7.006276607513428, 1.1734189987182617, -1.8498831987380981, -0.8082141876220703, -6.449111461639404, 11.702377319335938]",tensor(1.0000)
happy_f31d661e0c8a5b9864fd335d47f5d05e,20-29,Female,White,happy,3,3,"[-1.9283347129821777, -2.1258089542388916, -2.7895548343658447, 6.14501428604126, -1.616136074066162, -2.314357280731201, -1.351694941520691]",tensor(0.9981)
angry_9987c96f8360ad5fe05ab79fb3667d24,20-29,Male,Black,angry,0,4,"[-2.317479133605957, -3.532355546951294, -0.8953399658203125, -3.3184187412261963, 2.773719072341919, 2.6312332153320312, 1.1156424283981323]",tensor(0.4777)
sad_f451ce0a4a7cd1d1d2177d59aec55e14,00-02,Male,East Asian,sad,5,5,"[0.5626818537712097, 1.8503211736679077, -0.23833385109901428, -4.899855136871338, -2.8239636421203613, 6.447132587432861, -4.986285209655762]",tensor(0.9860)
fear_c28b99493a500d8d1a3a9295be91e9f6,20-29,Female,White,fear,2,4,"[-3.721864938735962, -4.309755325317383, -1.684005856513977, -2.7546334266662598, 4.829524517059326, 0.7497295141220093, 0.8987206816673279]",tensor(0.9626)
happy_e26bceefea342f13260e45be90385faa,20-29,Female,Black,happy,3,3,"[-1.9665203094482422, -2.0813300609588623, -2.394165515899658, 6.957247257232666, -2.660568952560425, -2.2033092975616455, -1.475649356842041]",tensor(0.9993)
angry_2cedf801c03a2129da17b90fa1f20a64,30-39,Male,White,angry,0,4,"[-0.8892767429351807, -3.7887885570526123, -3.4760797023773193, -1.0310486555099487, 6.481147766113281, 0.2602576017379761, -2.8026318550109863]",tensor(0.9967)
neutral_1d222caf57a1c8f40838d0f53be486b9,50-59,Male,White,neutral,4,4,"[-2.574859142303467, -4.455036163330078, -3.1787467002868652, 2.2535409927368164, 5.695690631866455, 0.26748088002204895, -4.7143683433532715]",tensor(0.9645)
neutral_7371ddf8b2b14c9e8947d3303ce5a2f8,20-29,Female,White,neutral,4,4,"[-1.8230807781219482, -5.19868803024292, -6.176232814788818, 2.785597085952759, 9.283226013183594, -2.4576168060302734, -3.931978702545166]",tensor(0.9985)
surprise_af4e6879071bceb7a067133408c27dea,20-29,Female,White,surprise,6,6,"[-5.044963836669922, -5.695816516876221, -2.1551601886749268, -3.5611917972564697, 6.185731410980225, -3.1727519035339355, 6.30924654006958]",tensor(0.5307)
fear_d7ced8584b68aacad80729a5accc1f7e,03-09,Male,White,fear,2,5,"[-2.55901837348938, -0.32095518708229065, 0.6370428204536438, -1.7617055177688599, -4.074225902557373, 7.66843843460083, -3.795375347137451]",tensor(0.9986)
happy_b6b973be65726068dcbe0204f26073ab,00-02,Female,White,happy,3,3,"[-4.460259914398193, -3.4855189323425293, -1.3312034606933594, 4.975663661956787, -2.881270170211792, 0.47066670656204224, 0.5218489766120911]",tensor(0.9754)
fear_371015d14fe97fae9a6f72f2083cb121,20-29,Female,Indian,fear,2,2,"[-1.217418909072876, -0.4716956615447998, 0.46113210916519165, -0.3274659216403961, -1.53303062915802, -1.0964692831039429, -0.18641367554664612]",tensor(0.3443)
happy_cf6e73e8373e1efac5b6e10c7b60f932,20-29,Female,White,happy,3,4,"[-1.679385781288147, -3.869826555252075, -3.315488338470459, 0.6209009885787964, 4.203908443450928, 1.2702763080596924, -2.794954299926758]",tensor(0.9212)
sad_1b8a5ecf0c012b86407e20da87c527f6,03-09,Male,White,sad,5,5,"[0.24508161842823029, 1.1296699047088623, -0.789482593536377, -5.244409561157227, -2.853949785232544, 9.059414863586426, -4.218832492828369]",tensor(0.9994)
neutral_0874bceaff028c5bb79b8e83f37068bb,20-29,Male,East Asian,neutral,4,4,"[-1.1169836521148682, -4.397622108459473, -4.025899410247803, -0.9625275731086731, 5.249264240264893, 4.261552333831787, -4.876033782958984]",tensor(0.7266)
disgust_48854c645818bbf34bd29332eb6fe2b2,20-29,Female,Black,disgust,1,3,"[-0.7929011583328247, -0.5578191876411438, -0.815269947052002, 2.5146279335021973, -1.6925082206726074, -3.1243579387664795, -0.20834921300411224]",tensor(0.8314)
angry_8e60467694d9fa79995dfd3d578a3a8f,20-29,Female,White,angry,0,4,"[1.0778728723526, -3.9202072620391846, -4.3741888999938965, -1.0082108974456787, 6.977729797363281, -3.50138783454895, -2.70025897026062]",tensor(0.9968)
angry_f5bb68d515cd7d7e6cc87f48d8f8dacb,50-59,Female,White,angry,0,4,"[0.720883309841156, -0.6265751719474792, -2.011780261993408, -2.7489757537841797, 1.7942545413970947, 1.3733712434768677, -1.4809772968292236]",tensor(0.4634)
angry_7cfccf66af6d874768f8f2057ba8a1ba,20-29,Male,Black,angry,0,5,"[2.294210910797119, -0.3441721796989441, -5.563089847564697, -1.3335007429122925, 2.511230230331421, 2.8591036796569824, -5.628031253814697]",tensor(0.4290)
angry_3ce8ffa5dbaaea80321d967c05c9ff39,50-59,Male,White,angry,0,4,"[0.8558829426765442, -2.4917831420898438, -4.155073642730713, 0.5586925148963928, 3.1266562938690186, -0.4827795922756195, -3.6051058769226074]",tensor(0.8247)
neutral_006575aa1370e64f0d9e3c1ab19eb4d5,20-29,Female,East Asian,neutral,4,6,"[-6.573796272277832, -6.767043113708496, -2.2346816062927246, 0.27235978841781616, 3.2273004055023193, -3.1833086013793945, 8.124082565307617]",tensor(0.9922)
fear_4850c54e6cb59cd5f927fc1f57030bde,20-29,Female,East Asian,fear,2,6,"[-4.413411617279053, -2.4094855785369873, 1.1007384061813354, -0.7595301866531372, -1.8046066761016846, 1.5787981748580933, 2.4135618209838867]",tensor(0.5654)
fear_e9bdc5fecb24ed783abaf5a638d2b19c,30-39,Female,White,fear,2,5,"[-5.774320602416992, -7.072793006896973, 5.724493503570557, -7.478821277618408, -0.3179471492767334, 6.41518497467041, 2.9619593620300293]",tensor(0.6519)
sad_7f2f63e97704b2d5450d6eacd3b8c1eb,20-29,Female,White,sad,5,4,"[-1.9432754516601562, -3.4725377559661865, -3.4801228046417236, -1.5464154481887817, 4.395488739013672, 0.9723774194717407, -0.7750452160835266]",tensor(0.9584)
surprise_89cb42c1f2b18560079fe63634fa6087,20-29,Male,White,surprise,6,6,"[-1.6442670822143555, -2.1441056728363037, -4.066258907318115, 2.26672625541687, 0.8044726848602295, -5.4574761390686035, 3.5457816123962402]",tensor(0.7395)
disgust_65aba161d83c91143b022a91e5ddc3f3,40-49,Male,Black,disgust,1,4,"[-3.795243263244629, -3.2790262699127197, -2.7401633262634277, 1.2422573566436768, 3.912281036376953, 0.0998230129480362, -2.7401461601257324]",tensor(0.9131)
surprise_d1703e5d0d356f846f953beb4331edfc,30-39,Female,White,surprise,6,3,"[-2.349713087081909, -2.2650105953216553, -2.436049222946167, 5.861268997192383, -1.7375991344451904, -3.0624561309814453, -0.6343377232551575]",tensor(0.9970)
fear_8545b63e61b32854d0cb62bdd6efcf86,30-39,Female,White,fear,2,5,"[-0.04511314257979393, -3.027785301208496, 4.1180596351623535, -2.218595266342163, -4.799421310424805, 4.384982109069824, -1.8390215635299683]",tensor(0.5613)
happy_8b3b22818d5318bcc548bde8a04e6b01,03-09,Female,White,happy,3,3,"[-1.7794692516326904, -1.6583194732666016, -2.663142681121826, 6.515063762664795, -2.160266637802124, -2.0889766216278076, -1.4482088088989258]",tensor(0.9987)
angry_b3e3474597fda9f0c5967a3ce4c802c3,70+,Male,Middle Eastern,angry,0,0,"[3.4998958110809326, -3.370673418045044, -1.5841604471206665, -0.30818700790405273, -1.1896164417266846, 1.4819391965866089, -4.165160655975342]",tensor(0.8532)
fear_c4d5d51b73d397f1965a40caa386aaca,30-39,Male,White,fear,2,2,"[1.6321253776550293, -0.6910592913627625, 4.255592346191406, -6.313119888305664, -4.0679755210876465, 2.7328858375549316, -2.1720285415649414]",tensor(0.7694)
surprise_d2b98bfd6ad9fc4a15504c6182b7460e,40-49,Male,Latino_Hispanic,surprise,6,5,"[-1.8128671646118164, -2.930497407913208, 1.3575704097747803, -4.703029155731201, 0.491550087928772, 2.9963488578796387, 1.6114141941070557]",tensor(0.6504)
happy_c059412e5efd64bd8bc2a310b624c922,30-39,Female,White,happy,3,3,"[-2.062117099761963, -2.20112943649292, -2.5451295375823975, 6.189454555511475, -2.2390949726104736, -0.811265230178833, -1.963780403137207]",tensor(0.9979)
sad_f62aaa3edf838ae0bf968ea6e245945c,20-29,Female,White,sad,5,5,"[-0.13677674531936646, -0.7125770449638367, -1.3190453052520752, -4.0863542556762695, -1.3367993831634521, 6.529028415679932, -3.7098116874694824]",tensor(0.9972)
sad_b5cc812c68fb9370bccbb02d92891a7c,30-39,Female,White,sad,5,5,"[-3.6320393085479736, -2.5494396686553955, -2.5320355892181396, 1.0606725215911865, 0.08087104558944702, 4.2941694259643555, -2.7725937366485596]",tensor(0.9456)
disgust_3cbb4d3da4066d3e080f20814010087f,40-49,Male,White,disgust,1,6,"[-3.0589187145233154, -1.7082737684249878, -0.9739912748336792, -2.2879433631896973, -0.8144102096557617, -4.911386013031006, 7.625210285186768]",tensor(0.9994)
fear_359d144bec46bc5f91be8c7fe9336aa6,30-39,Male,Latino_Hispanic,fear,2,0,"[2.749793291091919, -3.037179708480835, -1.7028981447219849, -3.3557233810424805, 2.4971046447753906, -2.6350107192993164, 0.46995779871940613]",tensor(0.5262)
angry_a28e8371cfd5aa8e4b9d9034f321279b,30-39,Male,White,angry,0,4,"[-1.2982996702194214, -4.98197078704834, -3.5814356803894043, -0.8264970779418945, 7.050624370574951, 1.636082410812378, -3.708266258239746]",tensor(0.9949)
angry_3371ee86318d19c0bf4b7a55174f2170,20-29,Male,White,angry,0,6,"[-6.318727016448975, -7.140024185180664, 1.3249928951263428, -1.1527296304702759, -0.6866136789321899, -0.81005859375, 6.834313869476318]",tensor(0.9946)
disgust_e70fb74fcf00ecc7e9af4dfe6b3462d6,50-59,Male,White,disgust,1,4,"[2.6620535850524902, -2.4756758213043213, -3.974482536315918, -0.7336801290512085, 4.218389987945557, -1.3601106405258179, -2.64217472076416]",tensor(0.8168)
neutral_372ecf2de6911870555507ca14c1903c,40-49,Male,Middle Eastern,neutral,4,4,"[-3.264453649520874, -4.990148544311523, -3.372354507446289, 0.952250599861145, 6.7080559730529785, 0.09254314750432968, -1.8385854959487915]",tensor(0.9952)
fear_c5f15a3ff32f4c36fbb0990c7f8dcb9f,00-02,Male,White,fear,2,2,"[-2.6103005409240723, -1.567417860031128, 5.3003315925598145, -4.03371000289917, -2.404963731765747, -0.6420139074325562, 1.439657211303711]",tensor(0.9750)
sad_c406c2c8e7ec0b509e719926ad769d75,30-39,Male,White,sad,5,4,"[-4.643470287322998, -5.475896835327148, -1.7137560844421387, -4.805708408355713, 5.525078773498535, 4.912043571472168, 0.1019129678606987]",tensor(0.6464)
sad_9465eaadb846770673d20eb9c83589b9,20-29,Male,White,sad,5,4,"[-1.5381109714508057, -3.876929521560669, -2.9353671073913574, -2.0743117332458496, 5.599757671356201, 2.258481740951538, -1.6337355375289917]",tensor(0.9637)
sad_4244b21ed5f8143defc15ab09fc5d632,00-02,Male,East Asian,sad,5,5,"[-1.721645712852478, 0.20270812511444092, 0.5310996174812317, -4.016458988189697, -3.223371982574463, 8.291457176208496, -3.0816476345062256]",tensor(0.9992)
surprise_e928d1d430268eb13c246dbf3d715023,30-39,Female,Black,surprise,6,2,"[-2.124098062515259, -1.835355281829834, 5.41748571395874, -3.1370689868927, -3.6375463008880615, -1.4618111848831177, 3.130141258239746]",tensor(0.9057)
surprise_d522073878903fd004cc0695b7c82da0,00-02,Male,White,surprise,6,6,"[-3.6942570209503174, -3.7039079666137695, -1.8018678426742554, 3.348646879196167, -4.333859920501709, -5.820382595062256, 8.253586769104004]",tensor(0.9926)
sad_b5b382fca888e7d6c579af35efaaed8c,00-02,Male,White,sad,5,4,"[-4.318553447723389, -4.604971885681152, -1.4794893264770508, -1.6967464685440063, 3.828994035720825, -1.0621122121810913, 2.7264223098754883]",tensor(0.7413)
fear_db47144762f60e2e593f97f97a61ce89,60-69,Male,White,fear,2,0,"[1.2690324783325195, 0.4018680453300476, -0.9397619962692261, -4.439617156982422, 1.1505115032196045, 0.9632294178009033, -2.3150720596313477]",tensor(0.3139)
disgust_248c35b748d9bbaf6164c5199bee1e7f,40-49,Male,Middle Eastern,disgust,1,0,"[5.042184352874756, -1.0923393964767456, -4.141207218170166, -4.828835964202881, 1.6300790309906006, 3.685028314590454, -3.7379281520843506]",tensor(0.7735)
disgust_93f3aa8ca0aa192bb4c674850fa20f9d,03-09,Female,East Asian,disgust,1,4,"[-4.771960735321045, -3.7422125339508057, -3.5440995693206787, 3.195308208465576, 4.056622505187988, -4.322523593902588, 1.7492624521255493]",tensor(0.6564)
fear_81a8355b8638c2e20dd2677fa3062730,30-39,Male,White,fear,2,4,"[0.5974958539009094, -1.3724786043167114, -3.387756109237671, 0.26904135942459106, 2.296860456466675, -3.801645517349243, -1.3630982637405396]",tensor(0.7292)
disgust_69f639b6d1ac35bd5212673642068e94,20-29,Female,White,disgust,1,5,"[-0.8955176472663879, 1.517121434211731, 0.06246224045753479, -3.6324708461761475, -1.6815800666809082, 3.0901029109954834, -3.268752098083496]",tensor(0.7777)
happy_a55f20a0a4106a1b0f97497152a36b9e,03-09,Male,White,happy,3,3,"[-2.6787896156311035, -2.586829423904419, -3.1746435165405273, 8.025195121765137, -1.4799909591674805, -2.9471933841705322, -1.8053431510925293]",tensor(0.9998)
angry_5bf8e80e5bd20842938c699b755ffd2d,40-49,Female,White,angry,0,6,"[-4.7349982261657715, -4.161960124969482, -2.3264570236206055, 1.1305921077728271, 2.341740369796753, -2.619296073913574, 2.7098941802978516]",tensor(0.5233)
happy_c0f0025b5b2b1eb6a2a5763f9b843e23,20-29,Female,Latino_Hispanic,happy,3,3,"[-2.5471978187561035, -2.2177305221557617, -2.8350982666015625, 6.894643783569336, -1.286316990852356, -2.7867050170898438, -1.21246337890625]",tensor(0.9991)
angry_1c97a7bdba3339b745c45dd276172cfb,50-59,Male,White,angry,0,0,"[8.321496963500977, -2.277031660079956, -3.6084775924682617, -4.151528358459473, 1.818513035774231, 0.46008703112602234, -5.4064040184021]",tensor(0.9981)
disgust_5ad95b4f3705458442d5c2b11d62a70d,20-29,Male,White,disgust,1,4,"[-2.8749396800994873, -3.035543203353882, -2.267143726348877, 2.0679984092712402, 2.140709400177002, -2.4018712043762207, -2.3282129764556885]",tensor(0.5060)
surprise_bc4f62ca9ceffba0550c4a03a3125633,20-29,Female,White,surprise,6,3,"[-4.06447172164917, -2.917043447494507, -2.570429801940918, 7.617684841156006, -1.925118088722229, -2.167353868484497, -1.186580777168274]",tensor(0.9996)
neutral_cafa33cb4f83b9359707cf107bb1e1cd,20-29,Female,White,neutral,4,4,"[-2.852800130844116, -4.746538162231445, -4.391058444976807, -0.7060749530792236, 6.633965969085693, 0.31557103991508484, -0.9182325005531311]",tensor(0.9969)
fear_0532c0d99d9c53d2e386694c1e3ea4c8,20-29,Female,Southeast Asian,fear,2,6,"[-3.799453020095825, -4.188938617706299, 3.7670698165893555, -2.9670071601867676, -1.9209620952606201, -2.60943341255188, 4.956897735595703]",tensor(0.7654)
fear_87159c705ce4899134ff9468eb0c74df,20-29,Female,White,fear,2,6,"[-2.604810953140259, -2.025606870651245, 0.38997021317481995, -2.9862375259399414, 1.6812918186187744, -2.30460786819458, 3.35170841217041]",tensor(0.7985)
happy_3a3d0a5b8dfcaef01422711a28a62b02,60-69,Male,White,happy,3,3,"[-1.7911794185638428, -3.4698002338409424, -2.2636122703552246, 5.001068592071533, 1.3102995157241821, -1.9684768915176392, -3.661836624145508]",tensor(0.9727)
angry_6150b7099523579688751b39fa5a6e99,30-39,Male,White,angry,0,4,"[4.174924373626709, -3.39742374420166, -4.213766098022461, -1.4307172298431396, 4.378203868865967, 0.6588419675827026, -4.736161708831787]",tensor(0.5423)
angry_fbb3d663c65266f2e3ba6611bd0a14ee,30-39,Male,Middle Eastern,angry,0,4,"[1.7213976383209229, -3.368025064468384, -5.088681697845459, -0.37628304958343506, 6.261900424957275, -1.3278042078018188, -4.173543453216553]",tensor(0.9876)
neutral_395f6e4c82a2028978e636df6e4924d7,10-19,Female,Latino_Hispanic,neutral,4,3,"[-2.5445358753204346, -3.0573885440826416, -4.110017776489258, 3.1258552074432373, 2.873720169067383, -0.03439342975616455, -1.0515222549438477]",tensor(0.5431)
disgust_b6763fb746137aa9d258cddbf65a33a3,20-29,Male,White,disgust,1,0,"[4.018994331359863, 2.24428653717041, -3.7618746757507324, -3.1158299446105957, 1.7654335498809814, -5.105630397796631, -0.6754265427589417]",tensor(0.7782)
happy_e8ce2db03117f7c75026c1300a4a5dde,03-09,Female,White,happy,3,3,"[-2.04270339012146, -1.5279524326324463, -3.353487253189087, 7.209347248077393, -2.362847089767456, -3.9669950008392334, -0.39775627851486206]",tensor(0.9991)
disgust_42427137e8c85c6db1fe4ae0dc1945f3,40-49,Female,White,disgust,1,5,"[0.3506818115711212, 1.989037036895752, -1.4495232105255127, -1.8621784448623657, -2.593601942062378, 4.03886079788208, -4.734531879425049]",tensor(0.8605)
happy_275685a89ed81e9819d38e4d239de6d2,30-39,Male,Black,happy,3,3,"[-2.421346664428711, -1.9975286722183228, -2.9503917694091797, 7.158775806427002, -1.7958004474639893, -2.4929330348968506, -1.8228251934051514]",tensor(0.9995)
fear_678a1ba8934ca3c68135ec2c2781d122,03-09,Male,White,fear,2,5,"[-2.5348381996154785, -0.33190736174583435, 2.765265941619873, -4.012675762176514, -4.382483959197998, 7.469813823699951, -4.195566654205322]",tensor(0.9906)
disgust_0d38bcacb97f2db3cec84c13d1a05167,30-39,Male,White,disgust,1,0,"[6.657558917999268, -0.007555271498858929, -2.2496137619018555, -4.0531792640686035, 0.4384528398513794, -1.1933139562606812, -2.264878749847412]",tensor(0.9961)
happy_c0044af9d343452754af40a5a120e304,30-39,Male,White,happy,3,3,"[-2.3055830001831055, -2.234477996826172, -2.7210822105407715, 6.657505989074707, -1.4378178119659424, -2.7542777061462402, -1.837296962738037]",tensor(0.9991)
happy_f6055cfa4cbc437827aca36b97d5388d,40-49,Female,White,happy,3,4,"[-2.5863025188446045, -3.792215585708618, -4.260632514953613, 4.558685779571533, 5.902012348175049, -2.8324737548828125, -3.5260872840881348]",tensor(0.7927)
fear_13e6b588a834744da6e89f24faf2606c,30-39,Female,Latino_Hispanic,fear,2,6,"[-3.800184965133667, -4.226030349731445, -1.8455266952514648, -3.7737691402435303, 3.4817965030670166, 1.1410754919052124, 4.116168975830078]",tensor(0.6310)
fear_ab36b9b02857d164b5757dd3c5bb5276,20-29,Female,White,fear,2,4,"[-3.011554002761841, -3.2834959030151367, -1.7569046020507812, -0.6404750943183899, 4.3451032638549805, -1.6061187982559204, 0.9795109629631042]",tensor(0.9548)
surprise_98fd467b79ccf444607b3c08c47179a1,30-39,Male,White,surprise,6,6,"[0.4930935502052307, -2.0307576656341553, 2.4638936519622803, -3.3468239307403564, -4.47165060043335, -5.192757606506348, 7.9693989753723145]",tensor(0.9953)
surprise_96f2fd5892408cd856ed4a4a49105b9d,30-39,Male,White,surprise,6,4,"[-1.1314641237258911, -5.926153182983398, -2.9429211616516113, -2.501140594482422, 7.211304187774658, 1.065956711769104, -1.0336596965789795]",tensor(0.9973)
neutral_609cd35cbd8d9dc206790e6c6e7c3b24,20-29,Male,Black,neutral,4,4,"[0.5090289115905762, -2.36820912361145, -4.210873603820801, -0.13274551928043365, 5.242654323577881, -0.5650039911270142, -3.024958848953247]",tensor(0.9830)
fear_623fdb652a1b7c8dbe6938c6c5337a5f,20-29,Female,White,fear,2,2,"[0.10993053019046783, -1.3992712497711182, 5.340381145477295, -3.5451252460479736, -4.227089881896973, -2.2930500507354736, 0.20581302046775818]",tensor(0.9871)
fear_ee42f7ae9e611e7dd5293791f4ec30df,00-02,Female,White,fear,2,2,"[0.016146380454301834, 0.1000279113650322, 4.20766019821167, -5.445544719696045, -3.550575017929077, 2.814547300338745, -1.1506232023239136]",tensor(0.7782)
neutral_d4871e66fa89af0fa8a5cc03ed7722bb,20-29,Female,White,neutral,4,5,"[1.3846654891967773, -3.933608293533325, -2.570021390914917, -4.715940952301025, 3.541729688644409, 5.727962017059326, -2.617739677429199]",tensor(0.8882)
sad_3c05e975ec68c4f39ee73aef0bebeb19,20-29,Male,White,sad,5,4,"[-2.2876930236816406, -4.20748233795166, -3.5843520164489746, -0.7393268346786499, 5.467036247253418, 2.024069309234619, -1.4065206050872803]",tensor(0.9656)
fear_4b8eceb05518713672b5e9cc94bcf2d3,50-59,Male,Middle Eastern,fear,2,6,"[-2.738501787185669, -2.4152636528015137, 1.6504466533660889, 1.606870412826538, -2.4374239444732666, -3.5098471641540527, 2.4019522666931152]",tensor(0.5134)
fear_a395dd0d937f32e223ed90e31f63421e,30-39,Male,White,fear,2,4,"[-1.1886645555496216, -4.377995491027832, -4.4004902839660645, -2.0274810791015625, 6.289342403411865, 0.161708265542984, -0.9551640152931213]",tensor(0.9963)
happy_fc0a98aa17cb0d399ff8b7aa870d6c1c,50-59,Male,Latino_Hispanic,happy,3,3,"[-2.669280767440796, -2.793792247772217, -3.604146957397461, 9.284823417663574, -2.40266489982605, -2.8869051933288574, -2.47507905960083]",tensor(1.0000)
happy_607344f1d5c5ad4da9c151e853da458b,30-39,Female,White,happy,3,3,"[-2.196889638900757, -2.0995185375213623, -2.568117618560791, 6.753705024719238, -2.7736446857452393, -2.9422566890716553, 0.4280121922492981]",tensor(0.9977)
surprise_3d50b8fe4d1ce4816971da6ab9953c01,50-59,Male,White,surprise,6,6,"[-4.482106685638428, -4.908862113952637, -0.21616464853286743, 0.5999298691749573, -0.35416480898857117, -2.3032350540161133, 5.723174571990967]",tensor(0.9889)
neutral_5488d476bf4c0ed9781d569b810ea808,20-29,Female,Southeast Asian,neutral,4,4,"[-2.017742395401001, -3.3125083446502686, -6.053481578826904, 3.4224042892456055, 7.03644323348999, -5.223602771759033, -1.4877607822418213]",tensor(0.9734)
disgust_aa44702bce7859babb21c7553a005e5f,03-09,Female,White,disgust,1,3,"[1.937530755996704, 1.0247071981430054, -5.320592403411865, 2.4392571449279785, 0.4543599486351013, -1.8538559675216675, -3.8733370304107666]",tensor(0.4995)
fear_19ff043bf3d5d244929d6e76f55b10a4,20-29,Female,White,fear,2,2,"[0.011889207176864147, 0.9742259383201599, 4.746124744415283, -4.611687660217285, -3.516010046005249, -1.801168441772461, 1.1411432027816772]",tensor(0.9427)
neutral_343ab1d61256362dfaf9085506fdf211,20-29,Male,White,neutral,4,4,"[-1.3967461585998535, -6.686648368835449, -6.399951457977295, 1.5226078033447266, 9.310348510742188, 0.12251810729503632, -4.3054518699646]",tensor(0.9995)
surprise_df84c196d38a631146738ec350b0bf5e,10-19,Female,White,surprise,6,2,"[-5.1932454109191895, -4.023324966430664, 6.241820335388184, -6.509274005889893, -0.5251460075378418, 0.5683666467666626, 3.147305965423584]",tensor(0.9524)
angry_185452fa445b1a056c5d47f480ca1685,40-49,Male,Black,angry,0,0,"[3.6301159858703613, -1.3339568376541138, -2.706777572631836, -2.9540162086486816, 2.4048824310302734, 0.03198295086622238, -2.654287338256836]",tensor(0.7502)
neutral_d6698f41b04da97854f48908d7089ee5,40-49,Male,Latino_Hispanic,neutral,4,4,"[-3.6532857418060303, -4.380964279174805, -4.630609035491943, 0.4555072486400604, 7.620748996734619, -0.4857054650783539, -1.7998709678649902]",tensor(0.9988)
surprise_9baadb09d647a00cf0c332d1a4c92b42,40-49,Male,White,surprise,6,6,"[-2.154125452041626, -3.0860984325408936, 0.9760884642601013, 2.9108846187591553, -4.721923351287842, -4.09912633895874, 3.636019706726074]",tensor(0.6414)
angry_708fd56b69256e46511cdbe9ce913902,20-29,Male,White,angry,0,5,"[3.375053882598877, -1.346948504447937, -1.3927215337753296, -5.521846294403076, 0.8330593705177307, 4.740416049957275, -4.353194713592529]",tensor(0.7813)
surprise_4a57d262daaba2737f0e5f2f0631454f,20-29,Female,White,surprise,6,4,"[-1.1219451427459717, -4.6067376136779785, -4.970935344696045, -1.021681308746338, 6.733317852020264, -4.8093953132629395, 2.7992169857025146]",tensor(0.9800)
neutral_8e96720bc7e018a25190f7d2b5f49134,20-29,Male,White,neutral,4,4,"[-1.8744367361068726, -5.215454578399658, -3.9851880073547363, -1.8393058776855469, 5.726367473602295, 4.773099422454834, -2.556675910949707]",tensor(0.7211)
neutral_dd52a23efbee33108c8c6a3e5677b32b,30-39,Male,White,neutral,4,4,"[-3.5003654956817627, -5.939111232757568, -4.813190460205078, 0.3675946891307831, 8.464838027954102, -3.2498834133148193, 0.280765175819397]",tensor(0.9994)
surprise_450598a64f4b69dd5015b7eb80313476,00-02,Male,Black,surprise,6,6,"[-3.9868242740631104, -3.9160640239715576, 1.776707410812378, 1.6321340799331665, -3.1752302646636963, -5.486777305603027, 6.6302900314331055]",tensor(0.9855)
neutral_6d4db7da6cb1cf020dcaf6965c684fa7,00-02,Female,White,neutral,4,4,"[-4.091930866241455, -4.617963790893555, -3.607088565826416, 1.494184970855713, 6.421849727630615, -4.084359169006348, 1.6065038442611694]",tensor(0.9848)
sad_8fcf73be2d4492b01161ee1bc6634e56,03-09,Male,White,sad,5,5,"[-2.186589479446411, -1.0635498762130737, 0.15206019580364227, -1.6720143556594849, -2.972527265548706, 7.219050884246826, -2.7650551795959473]",tensor(0.9986)
happy_a05360855a0b1af7ef3079d7b6ef9316,20-29,Female,White,happy,3,3,"[-2.550886392593384, -2.021713972091675, -3.2771682739257812, 8.208742141723633, -3.164264440536499, -1.9620254039764404, -1.88741135597229]",tensor(0.9998)
sad_fa2b32825976659193535372de4750e4,50-59,Male,White,sad,5,4,"[-0.6871312260627747, -2.9088664054870605, -2.4609286785125732, -3.830188274383545, 3.058624029159546, 2.5099432468414307, -0.5966973900794983]",tensor(0.6117)
angry_ce3da566a004da4a60401dcc77bb0aed,20-29,Male,White,angry,0,4,"[-0.3176475763320923, -4.61767053604126, 1.3699777126312256, -5.972559928894043, 3.562279462814331, -2.100710868835449, 0.5050195455551147]",tensor(0.8452)
sad_8ca728207b9e90737819a82c9a26acc2,20-29,Female,White,sad,5,4,"[1.0697836875915527, -4.271554946899414, -1.313039779663086, -3.548851490020752, 6.073465824127197, -0.15279698371887207, -2.350856065750122]",tensor(0.9905)
disgust_c94f95f347952268838cbab3fe53327d,20-29,Female,East Asian,disgust,1,4,"[-2.558928966522217, -4.28115177154541, -5.609353065490723, 1.7611660957336426, 8.313342094421387, -3.5028817653656006, -2.503693103790283]",tensor(0.9985)
happy_9f18eb44b9f88bb151e7b86f820fea9c,10-19,Female,White,happy,3,3,"[-1.2589483261108398, -1.1165858507156372, -2.691679000854492, 5.641045093536377, -2.6278576850891113, -1.2879308462142944, -2.1764345169067383]",tensor(0.9960)
sad_373b85dcb4cc835bc9806c5fe0d7e0b9,00-02,Female,East Asian,sad,5,5,"[-1.5264148712158203, 0.20553959906101227, 0.5119759440422058, -1.0863038301467896, -3.6319079399108887, 5.3128485679626465, -1.9356199502944946]",tensor(0.9825)
happy_fd7ebd6309c0018942dca0f2006cfc0f,50-59,Male,Middle Eastern,happy,3,3,"[-1.6238689422607422, -2.5589566230773926, -1.6600451469421387, 4.034376621246338, -0.7945885062217712, -2.6219112873077393, -0.7819320559501648]",tensor(0.9750)
happy_91ccc2307cf60924e1482ea8992e46cf,03-09,Female,White,happy,3,3,"[-2.760988473892212, -2.3939425945281982, -3.5488157272338867, 5.634797096252441, 1.1804602146148682, -3.44769549369812, -0.9582709074020386]",tensor(0.9864)
neutral_f20c45de5a3ae0712da91adc06ad2233,30-39,Female,White,neutral,4,4,"[-2.2749013900756836, -1.625672459602356, -3.3077030181884766, -2.231841802597046, 4.011497497558594, -0.24891027808189392, 0.04921707138419151]",tensor(0.9605)
neutral_75bc91d9d7743b6db5435ec1e2a3e453,30-39,Male,Black,neutral,4,4,"[-4.877496719360352, -4.542656421661377, -2.2878286838531494, -0.9726330041885376, 7.142195701599121, -2.459665298461914, 0.25556710362434387]",tensor(0.9985)
sad_48bed5bceb61e8d3f4fc712b23138eb4,00-02,Male,White,sad,5,3,"[-4.925960063934326, -4.191250801086426, -4.83187198638916, 3.9608206748962402, 2.7098262310028076, -1.7085171937942505, 0.44422751665115356]",tensor(0.7576)
neutral_1050ad4e2a799845385fa59dc909e404,50-59,Male,Latino_Hispanic,neutral,4,4,"[-3.8322794437408447, -1.7484142780303955, -2.8639769554138184, -1.5945268869400024, 4.698233127593994, 0.26393643021583557, -2.4688401222229004]",tensor(0.9835)
sad_4730d88e452ab5568b943327002a6c9a,20-29,Female,Middle Eastern,sad,5,5,"[-4.4380598068237305, -5.241978645324707, -0.9487460255622864, -3.216425657272339, 3.6050941944122314, 6.032477855682373, -1.1450594663619995]",tensor(0.9173)
fear_63cb13af2fbcc5a910fec44aa642c830,20-29,Male,East Asian,fear,2,3,"[-2.9569947719573975, -2.4642422199249268, -0.3008550703525543, 2.384305477142334, -1.8008003234863281, 0.3754032850265503, -1.507265567779541]",tensor(0.7996)
happy_0ee4f90d15cec868f38752dd570a9851,30-39,Female,White,happy,3,3,"[-1.9848521947860718, -2.129087448120117, -2.8807168006896973, 7.169488906860352, -2.1645426750183105, -2.4762957096099854, -1.7420240640640259]",tensor(0.9995)
sad_1969bae22ebc598dafdc0745327515d9,20-29,Female,White,sad,5,5,"[2.3321950435638428, -0.9697917103767395, -1.5379164218902588, -6.0482707023620605, -0.6373918652534485, 7.003965854644775, -3.5860819816589355]",tensor(0.9897)
angry_51cce9f902659a4c718afc26ea7e57d5,20-29,Female,White,angry,0,5,"[-0.20722056925296783, -0.4713989198207855, 0.4536539316177368, -5.699817180633545, -1.5685951709747314, 4.7743449211120605, -0.3778502345085144]",tensor(0.9681)
happy_53aa1e622a5cf9ad1c96420b0a354fa2,03-09,Male,Indian,happy,3,3,"[-2.7243735790252686, -1.9316085577011108, -2.5011558532714844, 5.3379034996032715, -1.5235086679458618, -0.2597754895687103, -2.0322372913360596]",tensor(0.9933)
surprise_27b8525b29086be41ed4dafbf04025a5,20-29,Female,White,surprise,6,4,"[-2.9741859436035156, -4.0034003257751465, -3.0341086387634277, 1.058331847190857, 6.481139183044434, -2.9871091842651367, 0.08262508362531662]",tensor(0.9937)
neutral_2260fc4abd346f2c6f90e4cb832d6274,20-29,Male,East Asian,neutral,4,5,"[-1.1688036918640137, -3.7599332332611084, -2.087275981903076, -3.548607349395752, 2.326385736465454, 7.2981858253479, -1.6284229755401611]",tensor(0.9927)
neutral_986b31ab2f57da6b3182a2ab21838506,50-59,Female,White,neutral,4,5,"[-2.3951356410980225, -2.8952977657318115, -2.2184371948242188, -2.6826252937316895, 2.042541980743408, 5.396942615509033, -1.4339227676391602]",tensor(0.9639)
surprise_90b1d8ca6ab219104bcaa82475e4c714,20-29,Male,Black,surprise,6,4,"[-4.162937641143799, -5.644577503204346, -3.6529366970062256, 2.201660633087158, 5.871932506561279, -2.77415132522583, 2.1125190258026123]",tensor(0.9532)
neutral_610c6517c5aca3a37a32827f56172777,40-49,Male,White,neutral,4,4,"[-0.5569974780082703, -4.799495697021484, -6.4094414710998535, -0.4373912215232849, 7.796467304229736, -3.767076253890991, 0.36723747849464417]",tensor(0.9989)
surprise_60d4a99acbbbaf69d85a06d35f26e54e,30-39,Male,White,surprise,6,6,"[-4.3286213874816895, -4.741616249084473, -0.5786811709403992, -4.031570911407471, 1.699337124824524, -2.3705849647521973, 8.483778953552246]",tensor(0.9987)
sad_ed937287958730d5d8817de4583fb62e,20-29,Female,White,sad,5,4,"[3.106633424758911, -3.494323492050171, -3.4531760215759277, -3.511685609817505, 3.6325275897979736, 3.5465855598449707, -3.0668654441833496]",tensor(0.3980)
disgust_c851e84e33e523c644d351aa64ffa865,10-19,Female,Black,disgust,1,1,"[-1.01378333568573, 2.1077682971954346, -3.974146604537964, 0.6179904937744141, 1.0613863468170166, -2.051767349243164, -2.101020574569702]",tensor(0.6048)
sad_77041cd9919cb60765baf941dc348670,60-69,Male,White,sad,5,4,"[-2.339635133743286, -4.07847785949707, -5.176527500152588, 3.5498738288879395, 5.624424457550049, 0.7231259346008301, -5.789226055145264]",tensor(0.8822)
angry_fb34ebb15e688199d5d938ef1ce5c874,40-49,Female,Middle Eastern,angry,0,4,"[2.500568389892578, -2.069075107574463, -1.8049808740615845, -2.178518295288086, 2.9826760292053223, 0.6228128671646118, -2.7486484050750732]",tensor(0.5762)
neutral_3a32d54860b6069707863e3794798813,60-69,Male,White,neutral,4,4,"[-3.4506900310516357, -4.061069488525391, -2.971243143081665, 1.8270362615585327, 3.739008665084839, 1.7162412405014038, -2.3749356269836426]",tensor(0.7784)
sad_feaf63bdc03eb677e446cd5d893bbf9b,50-59,Male,White,sad,5,4,"[2.6176371574401855, -2.0078957080841064, -4.2659687995910645, -4.270146369934082, 3.5512664318084717, 1.123832106590271, -1.9968509674072266]",tensor(0.6712)
surprise_b26535d765f733aed3311ca7fb4ed191,10-19,Female,White,surprise,6,4,"[-3.0533206462860107, -3.2015082836151123, -3.7963857650756836, 0.9947150945663452, 6.023274898529053, -1.89504075050354, -0.10413817316293716]",tensor(0.9907)
angry_9702e45c28267f5a1cf7234fbd2d8e1f,20-29,Female,White,angry,0,4,"[-0.46028661727905273, -0.10865586251020432, -2.606231689453125, -0.10173898935317993, 1.1332037448883057, -1.8781663179397583, -1.0048946142196655]",tensor(0.5066)
sad_132b3ba6efb86daf7f643d9aec43fcd0,20-29,Female,East Asian,sad,5,5,"[-2.1651880741119385, -1.1069194078445435, -2.055945873260498, -1.525948405265808, -0.12849465012550354, 4.510039329528809, -1.6085269451141357]",tensor(0.9798)
sad_91cde6809e4e8a1674c9623f3b1c0238,20-29,Female,White,sad,5,4,"[0.2454826682806015, -4.777580261230469, -4.839385509490967, -2.6069846153259277, 7.7040581703186035, 2.5984301567077637, -4.726086139678955]",tensor(0.9934)
disgust_4310291cd3cd057fef40cd743a1357aa,20-29,Female,White,disgust,1,3,"[-3.0965607166290283, -2.049168825149536, -3.471047878265381, 3.971189498901367, -2.1118109226226807, -5.3812994956970215, 3.6353390216827393]",tensor(0.5811)
angry_d9b9c454f4a089e2c19c6c5a029d0c1a,30-39,Female,White,angry,0,0,"[2.98354172706604, 1.2320891618728638, 2.81954288482666, -5.50085973739624, -4.272966384887695, -1.0716181993484497, 0.09639113396406174]",tensor(0.4770)
neutral_6d775c31bbf53a8c61fb8866ff38297b,50-59,Male,White,neutral,4,4,"[-3.196420431137085, -4.447371482849121, -4.863404750823975, 2.5352015495300293, 7.5931782722473145, -3.3751606941223145, -2.640037775039673]",tensor(0.9936)
happy_c217c7a559452cf8ba58388d1193e4e8,20-29,Female,East Asian,happy,3,3,"[-2.6483240127563477, -2.647709608078003, -3.4519436359405518, 6.100248336791992, 0.07065050303936005, -1.8732974529266357, -1.6009283065795898]",tensor(0.9964)
disgust_ab7d2e011b3fbb7a253ca16298c5f74a,10-19,Female,Black,disgust,1,4,"[-3.1888444423675537, -5.00448751449585, -2.949737310409546, 0.9895366430282593, 4.952301502227783, -4.1348395347595215, 2.296555280685425]",tensor(0.9174)
sad_18e9b649c4e2aa8cf896faf8979aa0fe,10-19,Female,Indian,sad,5,4,"[-3.920635938644409, -4.549210548400879, -1.7203824520111084, -1.5270403623580933, 5.190493106842041, 2.6698389053344727, -1.4543479681015015]",tensor(0.9224)
angry_fa9c41a939401cc1f5d82e93e7a852b1,30-39,Female,Middle Eastern,angry,0,2,"[-0.9284672141075134, -0.8808684945106506, 3.8998851776123047, -0.11669954657554626, -3.7043063640594482, -3.4189882278442383, 0.37013694643974304]",tensor(0.9391)
angry_ca34746b1649a33b7e49cc8d4b83a775,03-09,Female,Black,angry,0,4,"[-1.0665979385375977, -4.650643348693848, -4.267587184906006, -0.15997512638568878, 6.63038969039917, -1.1674232482910156, -1.661590576171875]",tensor(0.9977)
neutral_d4c8616f94f4be0b2e3a4f08a2bfb2a9,20-29,Female,White,neutral,4,4,"[-1.7934679985046387, -3.874699115753174, -3.9537878036499023, -1.8877979516983032, 4.31022310256958, 1.6317092180252075, -0.44484198093414307]",tensor(0.9241)
sad_cdd0b32eb983707d1cba5fe4679b8c14,20-29,Male,White,sad,5,4,"[-1.829723834991455, -3.6072990894317627, -2.9447379112243652, -1.0317925214767456, 4.692381381988525, 1.1687630414962769, -0.8342154622077942]",tensor(0.9625)
neutral_4615ac2d598f7d9fe87db42df3a00e02,20-29,Male,White,neutral,4,4,"[-3.563560724258423, -4.890246868133545, -3.895331859588623, 0.5112069845199585, 7.803089618682861, -1.4160966873168945, -1.5798043012619019]",tensor(0.9991)
surprise_687db5da6b2e262ad7cc891620564723,20-29,Male,White,surprise,6,6,"[-3.504772424697876, -5.744035243988037, 1.8382002115249634, -5.00085973739624, 1.344301462173462, -1.560716986656189, 5.681477069854736]",tensor(0.9659)
surprise_b1e3205d448124861e97a177397b7ffb,20-29,Male,White,surprise,6,3,"[-2.886489152908325, -3.641406536102295, -3.442506790161133, 3.7783684730529785, 2.930375337600708, -1.6858266592025757, -0.5976942777633667]",tensor(0.6908)
fear_ffe2924f1380fbbb544b600d46615408,30-39,Female,Black,fear,2,4,"[0.41914796829223633, -1.9255441427230835, -3.5517735481262207, 0.533014178276062, 2.0043373107910156, -0.5479085445404053, -1.6845542192459106]",tensor(0.6406)
fear_6f0fb45396c36c72b847f6e4d11257c9,30-39,Male,White,fear,2,6,"[-1.2834702730178833, -3.872030258178711, 2.547938346862793, -4.9153337478637695, 1.8929946422576904, -3.524500846862793, 3.581289768218994]",tensor(0.6452)
surprise_cc47a91c972521851752fb0cab850d58,20-29,Female,White,surprise,6,4,"[-3.1014468669891357, -4.449487686157227, -5.175584316253662, 2.557509422302246, 8.258089065551758, -2.94197940826416, -2.239896774291992]",tensor(0.9966)
fear_885b69ea0dad1cbaed0c7d7f816cd1e1,20-29,Female,White,fear,2,3,"[-2.3428685665130615, -2.3506743907928467, -3.285679340362549, 6.928396701812744, -1.4635354280471802, -1.5788239240646362, -2.170790195465088]",tensor(0.9992)
neutral_e93b7922cf1c56556449edcf994598bd,20-29,Female,White,neutral,4,4,"[1.4008818864822388, -1.9883756637573242, -2.556460380554199, -1.941301941871643, 2.9136483669281006, -1.1849135160446167, -0.10108239203691483]",tensor(0.7661)
sad_d39d4103c12ab29572df20dcb4e87e6f,30-39,Male,White,sad,5,5,"[2.6582391262054443, -3.500261068344116, -1.9208588600158691, -5.348990440368652, 0.3637734055519104, 7.297146320343018, -4.014598846435547]",tensor(0.9893)
disgust_02a39ebdb22ca4001c443e1856564efc,40-49,Male,Middle Eastern,disgust,1,3,"[-2.3201916217803955, -1.7800372838974, -1.6163840293884277, 3.520904064178467, -1.8502976894378662, 0.5260981321334839, -0.4241635203361511]",tensor(0.9193)
surprise_2279fa0762c910fc435a12cc72ffb2be,20-29,Female,White,surprise,6,6,"[-1.1198174953460693, -0.9596291184425354, 1.8860108852386475, 0.4097243547439575, -4.6684980392456055, -3.1853036880493164, 3.5647945404052734]",tensor(0.7995)
fear_fb1602eb49cfcae4c4a633963d732266,20-29,Female,White,fear,2,5,"[-1.8006229400634766, -4.951575756072998, -0.60691899061203, -3.8938965797424316, 3.4194436073303223, 3.529191493988037, -1.0154439210891724]",tensor(0.5186)
disgust_6f094148e5697afc92be50154bd55075,30-39,Male,White,disgust,1,4,"[-2.290020227432251, -4.225569725036621, -2.115657091140747, 1.1923943758010864, 3.8238909244537354, 1.0597525835037231, -3.3951354026794434]",tensor(0.8765)
neutral_c0f8f156502b4d22853851fcebdaf036,03-09,Female,White,neutral,4,4,"[-4.6025872230529785, -5.253551006317139, -5.938639163970947, 3.726954460144043, 7.305391788482666, -3.316164016723633, -0.27705785632133484]",tensor(0.9723)
neutral_88f47cd7c17a7c3b2c425f8b4a1ce335,20-29,Male,White,neutral,4,4,"[-1.8761156797409058, -3.95481014251709, -4.136165142059326, 2.0114307403564453, 6.5015740394592285, -3.755009889602661, -0.6623653769493103]",tensor(0.9878)
fear_e43da94280fcd91d7c763e3d1057715e,30-39,Male,White,fear,2,6,"[-2.3926217555999756, -4.439827919006348, 0.19866706430912018, 0.42700615525245667, -1.0149766206741333, -5.967668056488037, 7.048823833465576]",tensor(0.9972)
angry_b2369ca7005244544f991cb4d0a51e85,10-19,Male,Middle Eastern,angry,0,5,"[2.970855236053467, 2.184361696243286, 0.3676735460758209, -5.879239082336426, -3.287339925765991, 3.1797451972961426, -3.3688607215881348]",tensor(0.4456)
surprise_bd585c934c0ef67a7f486cc80a8430db,20-29,Male,White,surprise,6,4,"[-1.7542914152145386, -5.497668266296387, -3.543901205062866, -1.351439356803894, 4.346499443054199, 2.622109889984131, -0.026963001117110252]",tensor(0.8355)
fear_4a52826049ab65fae5873c8a1f2e9fc6,20-29,Female,Middle Eastern,fear,2,4,"[-0.8353102803230286, -4.667971611022949, -1.7840242385864258, -5.040650844573975, 5.6660475730896, -0.6700769662857056, 1.1210006475448608]",tensor(0.9857)
sad_8134f086d29311891e1d2828a695e930,40-49,Male,White,sad,5,5,"[-2.60080885887146, 0.38754576444625854, -1.6050851345062256, 0.4553210437297821, -3.787741184234619, 6.78137731552124, -3.361501932144165]",tensor(0.9962)
disgust_660a45ed29fbe804a90d6c5932966a81,03-09,Male,White,disgust,1,0,"[6.022188186645508, 1.7238646745681763, -2.207287311553955, -6.589449405670166, -0.7091128826141357, 1.0937952995300293, -3.618628978729248]",tensor(0.9781)
surprise_50296ac993c56bfc0a4f62d41e9ad7c2,60-69,Male,Middle Eastern,surprise,6,6,"[-4.309956073760986, -5.547222137451172, -0.6100881099700928, -6.667324542999268, 2.3132450580596924, 3.218524217605591, 5.381943702697754]",tensor(0.8591)
disgust_638d303a1d7e0465e83e9069a44cd6f5,20-29,Female,White,disgust,1,1,"[1.8877564668655396, 7.148190498352051, -1.256179690361023, -3.432377338409424, -3.3509018421173096, 0.9447451829910278, -3.295041084289551]",tensor(0.9925)
surprise_a66c3e226668660ee95402d4dca1ad53,03-09,Male,White,surprise,6,6,"[-2.5743567943573, -5.146760940551758, 1.7987663745880127, 1.040988802909851, -5.2760748863220215, -4.413179874420166, 7.853847980499268]",tensor(0.9965)
sad_48b5be85583e8e8e3024b23432bdab18,20-29,Male,White,sad,5,0,"[2.1548216342926025, 1.0141342878341675, -2.422555685043335, -2.4840312004089355, -0.9640144109725952, -0.4509752690792084, -2.0040831565856934]",tensor(0.6788)
sad_1bc847e06a53e7f202b6819bff8c34b9,20-29,Female,White,sad,5,4,"[0.1720510572195053, -2.849128246307373, -4.174663543701172, -2.3403396606445312, 6.945008754730225, -1.361802339553833, -1.9571915864944458]",tensor(0.9983)
fear_dc468ff1c5e268358944ea480d81657d,30-39,Male,East Asian,fear,2,2,"[-2.6960675716400146, -0.9234557747840881, 3.878859519958496, -2.8735804557800293, -3.1798202991485596, -1.3150900602340698, 3.3987174034118652]",tensor(0.6113)
neutral_32772e1a10a08ec5f8ff7e323c32f17c,20-29,Male,White,neutral,4,4,"[2.7696828842163086, -3.36313796043396, -2.8452699184417725, -1.855606198310852, 5.338018894195557, -1.7859265804290771, -2.889596939086914]",tensor(0.9268)
surprise_dffcf7525ce2b8ef9691bdae9478a776,10-19,Female,Black,surprise,6,3,"[-2.978269338607788, -3.3092734813690186, -3.4161033630371094, 8.524924278259277, -1.4334875345230103, -3.391953468322754, -1.798055648803711]",tensor(0.9999)
fear_4d75f6acceb8ec0e37dfadbff1859b17,10-19,Male,White,fear,2,3,"[-2.09710431098938, 0.22761879861354828, -1.4443471431732178, 3.3315696716308594, -1.8548719882965088, 0.7525357007980347, -2.2829699516296387]",tensor(0.8751)
neutral_749bd0c7272ccfbb3ab0888d50a9c1fe,40-49,Male,White,neutral,4,0,"[1.981884241104126, 0.26000916957855225, -0.9793527126312256, -4.847725868225098, 0.9932297468185425, -1.6411875486373901, 0.6636882424354553]",tensor(0.5269)
happy_c05c8c9a0360ccd49d3fda11cf94eedc,40-49,Male,White,happy,3,3,"[-1.5149143934249878, -1.877314567565918, -2.3767151832580566, 6.245054721832275, -2.7156903743743896, -1.8700406551361084, -1.1237905025482178]",tensor(0.9980)
angry_f1435f9205dfcbe4153bb74eaed92b8b,20-29,Male,Latino_Hispanic,angry,0,4,"[-0.17597870528697968, -3.8137190341949463, -5.632385730743408, 0.6147406101226807, 5.550597667694092, 1.0417879819869995, -4.130801677703857]",tensor(0.9788)
neutral_9312199007ed13f62360e0652e897723,20-29,Male,White,neutral,4,4,"[-0.9001893997192383, -3.678528308868408, -1.3669407367706299, -2.4117093086242676, 4.353456020355225, 1.6214781999588013, -2.0183749198913574]",tensor(0.9287)
fear_7cbba79932cc78b31ea87023ca31b30a,30-39,Female,White,fear,2,2,"[-2.8977410793304443, -3.0558464527130127, 6.031972408294678, -4.975836277008057, -2.4912121295928955, 4.628913402557373, -1.7139942646026611]",tensor(0.8021)
happy_85b03590f5e4d149e795a15605994990,03-09,Female,Latino_Hispanic,happy,3,3,"[-3.1837446689605713, -3.1083860397338867, -3.1455934047698975, 6.968019485473633, -0.38353121280670166, -4.287438869476318, 0.22630171477794647]",tensor(0.9980)
neutral_21bbdf863fe71fbcd324b7322224ff48,00-02,Female,White,neutral,4,5,"[-1.721635103225708, -3.42692494392395, 0.32362282276153564, -5.802186965942383, 3.126446008682251, 3.530367851257324, -0.9529803395271301]",tensor(0.5795)
happy_dc7b35a34aefebe17091f56d3cf4e1b9,20-29,Female,Southeast Asian,happy,3,3,"[-3.2550885677337646, -2.932016134262085, -3.3690497875213623, 4.732279300689697, 1.415159821510315, -2.174440860748291, -0.21779948472976685]",tensor(0.9565)
happy_14948fc6a50df41eac0f5064c10b77bf,20-29,Male,East Asian,happy,3,3,"[-2.9387731552124023, -2.4931256771087646, -2.909853458404541, 5.976622104644775, -2.054624319076538, -2.3075218200683594, 0.31590431928634644]",tensor(0.9955)
surprise_237a6aa70a91d3eecfb6da451f72830e,20-29,Female,White,surprise,6,3,"[-2.8246402740478516, -2.091792106628418, -2.569240093231201, 6.576128959655762, -2.7980690002441406, -2.4860987663269043, 0.5726885199546814]",tensor(0.9970)
surprise_91282060a1b4c4a0df0ec98b6d8f105b,20-29,Male,White,surprise,6,3,"[-3.111050844192505, -2.99794602394104, -2.874305486679077, 7.2338433265686035, -1.5786945819854736, -2.543581485748291, -0.6978299021720886]",tensor(0.9993)
fear_34c40e12be840dda38bb75324d2697a3,40-49,Male,White,fear,2,4,"[-0.07733915746212006, -3.9303579330444336, -0.3017326593399048, -2.6063437461853027, 2.669766902923584, -0.9029395580291748, 0.31461140513420105]",tensor(0.8034)
sad_c9e4dae377d79b8c963d3e76d5368681,20-29,Male,White,sad,5,4,"[0.9197031855583191, -4.0609259605407715, -4.131272792816162, -2.183443546295166, 5.135143756866455, 3.698028087615967, -3.304241180419922]",tensor(0.7978)
angry_e111087ba6adf6cf1209c35380a3884d,03-09,Male,Indian,angry,0,5,"[2.840325117111206, -4.028104305267334, -3.3519301414489746, -1.3658674955368042, 2.010556936264038, 2.968400239944458, -5.265807151794434]",tensor(0.4387)
disgust_6e75427cca49e828834b493f632252d9,20-29,Female,White,disgust,1,3,"[-2.038004159927368, -2.9558145999908447, -3.16115403175354, 2.102977752685547, 1.9808528423309326, 1.5349010229110718, -1.967173457145691]",tensor(0.4006)
happy_2bcb58236166706490bb96a607e08e84,20-29,Male,White,happy,3,3,"[-2.6864233016967773, -2.579831600189209, -3.4834413528442383, 6.02537202835083, -0.4070698022842407, -3.5600147247314453, -0.6692533493041992]",tensor(0.9967)
fear_fcc8195f44036d49ddccc1f8d69a1ca6,20-29,Male,White,fear,2,2,"[0.30707797408103943, -0.30936992168426514, 5.242736339569092, -2.081599235534668, -4.573209285736084, -1.2246414422988892, -1.0790910720825195]",tensor(0.9851)
fear_57c69acacc1ad79b3c32e1f539979f44,30-39,Male,Middle Eastern,fear,2,2,"[-3.5327160358428955, -4.672492980957031, 6.920217037200928, -6.243961811065674, -1.760911464691162, -3.7191386222839355, 5.764802932739258]",tensor(0.7604)
happy_15db8d22fa6cf385f2880eca4ab48f26,20-29,Female,East Asian,happy,3,3,"[-2.2898542881011963, -1.3505233526229858, -2.469031810760498, 5.442639350891113, -1.6307569742202759, -2.947148323059082, 0.19837407767772675]",tensor(0.9918)
fear_83aabc74fe1d33630c35178979f21b92,00-02,Male,White,fear,2,2,"[-1.8165615797042847, 1.7496341466903687, 3.826076030731201, -3.214874029159546, -5.31134557723999, 0.8147485256195068, 0.4298986792564392]",tensor(0.8247)
surprise_5380d8a06ae17dc0e0b009a98f7c2d66,20-29,Female,White,surprise,6,4,"[-4.647961139678955, -4.672763347625732, -2.9328079223632812, 0.3301111161708832, 6.089526653289795, -1.9159427881240845, 1.9611785411834717]",tensor(0.9806)
surprise_5fc1110f6d857d149dbc7599967f51db,00-02,Male,White,surprise,6,4,"[-2.6606359481811523, -4.3541646003723145, -4.006529808044434, 3.1753742694854736, 3.4039552211761475, -3.90006947517395, 0.9100427031517029]",tensor(0.5313)
surprise_cdedf70ad5dc66c6d7e7586a8b7fd51f,70+,Female,White,surprise,6,6,"[-0.8254175782203674, -3.185075044631958, 1.407083511352539, -1.6247614622116089, -3.401606321334839, -6.30769681930542, 7.229864597320557]",tensor(0.9965)
surprise_cda80374c8d33820856c8c404ba0c7b7,50-59,Male,White,surprise,6,4,"[-1.4922351837158203, -2.4801886081695557, -2.912877082824707, 2.349440097808838, 3.4903528690338135, -2.0663137435913086, -1.6333842277526855]",tensor(0.7460)
angry_a7c8fd6688d662c2873bb09fbaea6d55,20-29,Female,White,angry,0,4,"[-0.40200626850128174, -3.6618635654449463, -4.265039920806885, -0.2201676368713379, 4.884273052215576, 2.1513724327087402, -2.8170151710510254]",tensor(0.9286)
happy_3fe5042ad700a2cb0dc61c5c3341c4c0,20-29,Female,White,happy,3,3,"[-2.9924089908599854, -2.2999627590179443, -2.2797181606292725, 5.644853115081787, -1.3644129037857056, -3.922544002532959, 1.0461301803588867]",tensor(0.9882)
disgust_bcf43cd8506a5a15f91e30cdb1000384,40-49,Male,White,disgust,1,4,"[-3.0432238578796387, -3.1109588146209717, -0.7739914655685425, -0.4782034158706665, 1.8758199214935303, -1.9528371095657349, 0.8430482745170593]",tensor(0.6420)
disgust_f9ecfdfbad396cec9f9e3ee064302cb0,20-29,Female,Indian,disgust,1,3,"[-2.8807265758514404, -0.47639200091362, -4.585092067718506, 4.13410758972168, 2.010413885116577, -2.11198353767395, -3.053469657897949]",tensor(0.8824)
happy_8235331c2f0792c4e029d4e5d49bf68f,20-29,Female,White,happy,3,3,"[-2.7102749347686768, -1.0547676086425781, -2.1442573070526123, 6.063357830047607, -3.3573620319366455, -1.1167702674865723, -1.5945583581924438]",tensor(0.9975)
neutral_68ac3ff199d067694997bf9b03cc6b74,50-59,Female,Black,neutral,4,4,"[-2.027261257171631, -2.9112768173217773, -1.7380110025405884, 1.5022517442703247, 2.6356759071350098, -3.283675193786621, 0.08829546719789505]",tensor(0.6999)
neutral_2e70c51c638aa09ebb5e89ee935eb7ab,20-29,Male,White,neutral,4,0,"[5.696506023406982, -2.7386248111724854, -4.45278787612915, -2.692936420440674, 4.620981693267822, -0.1702118068933487, -4.8989949226379395]",tensor(0.7438)
disgust_f43cc8fb16ae1408cc5d8f88bd730f9e,30-39,Male,White,disgust,1,5,"[-0.6609468460083008, -0.9013450741767883, -3.9405603408813477, -1.404331088066101, 2.642103433609009, 4.666059494018555, -4.64890718460083]",tensor(0.8746)
surprise_da0dd537afb889a477ff8ea8458133e7,20-29,Male,White,surprise,6,6,"[-1.4964791536331177, -1.5516690015792847, 0.44575923681259155, 1.6091750860214233, -3.928601026535034, -4.626260280609131, 4.860021114349365]",tensor(0.9484)
surprise_45383f6b30db5b94adb6bc0c5b9f88f6,00-02,Female,White,surprise,6,6,"[-2.27618670463562, -2.7365546226501465, 0.6255661249160767, 0.745464563369751, -2.3061130046844482, -5.230095386505127, 5.89477014541626]",tensor(0.9884)
disgust_da3463dbec73344e11d9a313e2127d70,20-29,Male,White,disgust,1,4,"[-0.9727358818054199, -3.735414505004883, -4.914416313171387, 2.2344720363616943, 6.003015041351318, -0.3532439172267914, -4.322611331939697]",tensor(0.9748)
surprise_c3c61b0d92b659735d22fb71cbef5f75,00-02,Male,East Asian,surprise,6,6,"[-4.347276210784912, -5.385798454284668, 3.4208409786224365, -4.642601013183594, 0.446696013212204, -3.9735918045043945, 7.792911052703857]",tensor(0.9869)
disgust_de438142335787a85101647896ca8715,03-09,Female,White,disgust,1,0,"[10.112942695617676, 3.676767110824585, -3.068773031234741, -3.4261527061462402, -3.9845285415649414, -2.6130661964416504, -3.593839645385742]",tensor(0.9984)
angry_775fc9e2df3b34a5abf4b852ec6ebe10,30-39,Male,Black,angry,0,5,"[-0.5357589721679688, -2.648991823196411, -2.9231181144714355, -0.9839702844619751, 3.3091070652008057, 3.641462802886963, -3.780392646789551]",tensor(0.5727)
angry_b4ba73fa03e8878eda711005b2520cc2,30-39,Male,Black,angry,0,0,"[5.493208408355713, 0.7113431692123413, -3.574648380279541, -2.653963565826416, 0.7826132774353027, 0.0902784988284111, -4.0315399169921875]",tensor(0.9781)
disgust_99b4ce6a3bdf17e5595df0645f26ef09,20-29,Male,White,disgust,1,1,"[4.488542556762695, 5.189726829528809, -2.449148654937744, -3.12520432472229, -1.960051417350769, -1.8226999044418335, -3.4732377529144287]",tensor(0.6673)
neutral_8265e019391dddf8cf457e0a04767ba6,20-29,Female,White,neutral,4,4,"[0.0674297958612442, -5.19151496887207, -5.970276355743408, 0.9975374937057495, 8.622026443481445, -1.8053457736968994, -4.111577987670898]",tensor(0.9993)
disgust_18f55ae9e4a7dddf7b0a3ff560228d37,50-59,Male,White,disgust,1,0,"[2.468121290206909, 0.5205609202384949, -2.8810524940490723, -1.9433250427246094, -0.617547333240509, -0.31974807381629944, -2.827040672302246]",tensor(0.7863)
sad_cb6debc6a382b550c3a3e26d7f85d5c2,30-39,Male,White,sad,5,5,"[-4.523382663726807, -4.681524753570557, -2.329613208770752, -0.9069874286651611, 3.5766401290893555, 6.194371700286865, -3.2381207942962646]",tensor(0.9310)
fear_8af0750b822e9adf3357a220e6f415de,20-29,Female,East Asian,fear,2,2,"[-3.8564703464508057, -0.9097222685813904, 5.2314324378967285, -4.235706806182861, -0.7225885391235352, 1.0689349174499512, -2.0770978927612305]",tensor(0.9793)
disgust_047ca85ab26848842cd04b33d01ab450,20-29,Male,White,disgust,1,3,"[-1.0438549518585205, -1.9452650547027588, -2.053164005279541, 4.599380970001221, -1.5992968082427979, -2.6346874237060547, -1.9073554277420044]",tensor(0.9896)
sad_c24c5147df641063a932638d8ad6ed1f,20-29,Female,White,sad,5,3,"[-3.7683069705963135, -3.4408421516418457, -4.5719380378723145, 5.041104793548584, 3.2633626461029053, 1.027701735496521, -4.999461650848389]",tensor(0.8421)
neutral_11e3acb248155a3b679ebfde8a5fa327,03-09,Female,White,neutral,4,4,"[-1.8325101137161255, -5.072303295135498, -1.8848445415496826, 0.041303399950265884, 4.766046047210693, -1.6601829528808594, -0.19805359840393066]",tensor(0.9802)
disgust_e4e92c19551cd785fde504b9f55e9746,20-29,Female,White,disgust,1,4,"[2.167079210281372, -1.3074618577957153, -4.555556774139404, -1.594305396080017, 4.860635280609131, -2.3829805850982666, -1.37568199634552]",tensor(0.9310)
sad_3f323582936edc06b7f3b921d1cd6fca,00-02,Male,Middle Eastern,sad,5,5,"[4.112176418304443, 1.1660535335540771, -2.1056013107299805, -5.752262115478516, -0.8518988490104675, 4.257303714752197, -4.299636363983154]",tensor(0.5213)
sad_bcf509fff75c5d61746f0d88936be646,20-29,Female,Latino_Hispanic,sad,5,5,"[-0.4503832757472992, 1.0016053915023804, -1.380081057548523, -2.191168785095215, -1.7998714447021484, 4.054732322692871, -4.321360111236572]",tensor(0.9366)
angry_dae86376781c0b508d1136d80cf6af51,40-49,Male,Black,angry,0,0,"[4.777482032775879, 1.3678351640701294, 0.19403517246246338, -3.605778217315674, -3.1821377277374268, 0.9043272733688354, -4.124545574188232]",tensor(0.9392)
happy_71f142b55c9ccade222258e74c57230d,40-49,Male,White,happy,3,3,"[-1.6856147050857544, -2.8403189182281494, -4.100596904754639, 4.678714275360107, 2.3782711029052734, -1.0448113679885864, -3.6774230003356934]",tensor(0.9040)
fear_24edf58f1db0832cbb806f4d5f627738,50-59,Female,White,fear,2,2,"[-1.2047241926193237, 1.9319424629211426, 4.66792631149292, -4.273312091827393, -2.6691927909851074, -1.0442769527435303, -0.20357976853847504]",tensor(0.9264)
disgust_782495cac29e310bfceb69930d2440dc,20-29,Female,White,disgust,1,6,"[-3.1318280696868896, -1.661626935005188, -0.12193864583969116, 1.8554861545562744, -3.2588374614715576, -2.531400680541992, 4.310338497161865]",tensor(0.9070)
disgust_e20b1e115a164b994c9ddea9ad7e58b9,20-29,Female,White,disgust,1,1,"[4.708181381225586, 6.667025089263916, -2.3812382221221924, -3.2238893508911133, -3.6942460536956787, -0.9233851432800293, -4.567483425140381]",tensor(0.8759)
neutral_18f8ee7026a26b010a77f68533899add,50-59,Male,White,neutral,4,4,"[-2.240713357925415, -3.6711292266845703, -3.953977108001709, 2.9054927825927734, 4.451478958129883, -0.9198740720748901, -3.4661669731140137]",tensor(0.8198)
surprise_0d10d2820aebab2c7ba3636047761786,00-02,Male,White,surprise,6,3,"[-4.117784023284912, -3.1843137741088867, -3.586071491241455, 9.027710914611816, -3.2576100826263428, -3.5249581336975098, 1.4952392578125]",tensor(0.9994)
angry_ac3933ce23c9262aba3778b88c851a11,50-59,Male,White,angry,0,0,"[3.3113009929656982, -0.21423672139644623, -4.61357307434082, 0.19667741656303406, 3.0671963691711426, -3.8309097290039062, -3.2578887939453125]",tensor(0.5377)
sad_24ff43364698f93187a19414ff8dae10,30-39,Male,Latino_Hispanic,sad,5,4,"[-2.419506072998047, -4.914135456085205, -3.6787915229797363, -0.7409319877624512, 7.105541706085205, -1.3695827722549438, 0.4907972812652588]",tensor(0.9980)
disgust_fb45fda2c427e53ca240773d8cd0268a,30-39,Female,White,disgust,1,3,"[-2.8082823753356934, -2.4782378673553467, -3.6411590576171875, 6.511080265045166, 0.8364834785461426, -1.610903024673462, -3.00933837890625]",tensor(0.9960)
neutral_2f2cbd876c6c15ad196ab50d47c73fcc,50-59,Male,White,neutral,4,4,"[-0.08720721304416656, -1.5105427503585815, -3.81671142578125, 0.886248767375946, 3.4333512783050537, -3.0559232234954834, -1.937372088432312]",tensor(0.8913)
happy_ae2648a97c0a913f7b91467f6541bef2,20-29,Female,Middle Eastern,happy,3,3,"[-1.159417986869812, -1.3402259349822998, -2.5709314346313477, 5.571875095367432, -2.0400311946868896, -2.751295566558838, -1.2180163860321045]",tensor(0.9957)
neutral_4ffe9d4110a89569fbef7b9fe9fee84f,20-29,Male,White,neutral,4,4,"[-2.5615084171295166, -4.556036949157715, -4.132747173309326, 1.4104301929473877, 7.484482765197754, -0.9739483594894409, -2.797372341156006]",tensor(0.9974)
fear_4beb47de2f5424fed8960d41c51d5754,60-69,Male,White,fear,2,1,"[-0.13982020318508148, 2.1779897212982178, -2.8447556495666504, -0.2650392949581146, 0.6996591091156006, -2.2922091484069824, -1.9087121486663818]",tensor(0.6905)
happy_331454bc00deb9050563e5cbbd4035a6,20-29,Female,Middle Eastern,happy,3,3,"[-3.0072624683380127, -2.865076780319214, -4.022214889526367, 6.743019104003906, 0.7129380702972412, -2.5979204177856445, -1.874202013015747]",tensor(0.9972)
happy_bfee0d4f40f21a814c69a53c4da87caa,40-49,Female,White,happy,3,3,"[-2.570676565170288, -2.115624189376831, -3.0055840015411377, 7.388978481292725, -2.582205057144165, -2.648360013961792, -1.654111623764038]",tensor(0.9996)
surprise_7412515aa846264342fa7cc8a82a9b4d,03-09,Male,Black,surprise,6,4,"[-3.729121208190918, -3.532055139541626, -2.645934581756592, -0.993624210357666, 4.360792636871338, 0.11869211494922638, 1.5001797676086426]",tensor(0.9277)
sad_73f82f0b6acc3ce1c6e2e2ee323272d3,20-29,Male,East Asian,sad,5,5,"[-3.761687755584717, -5.451041221618652, 1.9115034341812134, -7.058431148529053, 0.9455532431602478, 7.738749980926514, 0.6746840476989746]",tensor(0.9951)
angry_0da33d75f74e4f1a4b7515360cdb3d43,50-59,Male,Latino_Hispanic,angry,0,0,"[7.042452335357666, -2.069596529006958, -0.6866180896759033, -5.7869672775268555, 0.5205254554748535, -1.9070713520050049, -4.398929119110107]",tensor(0.9978)
fear_6320bd99491451cd538ed8140928033d,20-29,Female,White,fear,2,2,"[-0.7351475954055786, -0.4324583411216736, 3.4643075466156006, -3.4556257724761963, -3.1980392932891846, -1.0481926202774048, 2.0280396938323975]",tensor(0.7774)
disgust_e6ead4d77c0c608fc5fb7e47322142c6,30-39,Male,White,disgust,1,0,"[4.8760600090026855, 1.184507966041565, -3.581930637359619, -3.9781031608581543, -0.42924612760543823, 0.3342277705669403, -1.7732338905334473]",tensor(0.9595)
angry_3641303f04a7387f93765fc8520f51ff,20-29,Male,White,angry,0,4,"[-0.07579360902309418, -2.962135076522827, -3.928663730621338, 0.4287637174129486, 5.514786243438721, -1.2710180282592773, -2.2921979427337646]",tensor(0.9884)
surprise_c016b79e509814b754cd5141cf23a63c,30-39,Male,White,surprise,6,6,"[0.9286264777183533, -1.5981861352920532, 1.8876628875732422, -0.4228164553642273, -5.4391255378723145, -6.318212032318115, 6.6455559730529785]",tensor(0.9872)
fear_e173c62361645990e70cd7c7f9f2f9bd,60-69,Male,White,fear,2,6,"[-0.6023547649383545, -2.9342331886291504, -2.4904446601867676, -1.4178308248519897, 1.9985368251800537, -4.282578945159912, 4.337706565856934]",tensor(0.9020)
happy_911ed6fbf802b95056dcd23041b3ab22,30-39,Female,Latino_Hispanic,happy,3,3,"[-1.9548956155776978, -1.8943285942077637, -2.855161428451538, 7.132137775421143, -2.0457921028137207, -3.039705276489258, -1.7979934215545654]",tensor(0.9994)
fear_caeadd372c19cf89aefb5fcdd397773f,03-09,Female,White,fear,2,6,"[-5.223942279815674, -5.748641490936279, 3.8222298622131348, -4.7471747398376465, 0.08751913905143738, 1.161884069442749, 4.548065662384033]",tensor(0.6538)
disgust_d0e7dc55fd6bd52235efe03bab9a308b,20-29,Female,White,disgust,1,4,"[-3.04555606842041, -4.284001350402832, -2.0013678073883057, 1.646035075187683, 4.005279064178467, 1.2442829608917236, -2.5671181678771973]",tensor(0.8601)
sad_bf5d4a0486e8f77dd74ccc7dd0a9c9ed,40-49,Female,Middle Eastern,sad,5,4,"[-2.8233225345611572, -2.3167927265167236, -1.3708138465881348, -2.9117798805236816, 3.7301595211029053, -0.480255663394928, 2.3584632873535156]",tensor(0.7814)
surprise_842a84fc68c07875d61c19dca39065e5,20-29,Female,White,surprise,6,4,"[-2.2735085487365723, -4.720292568206787, -3.6975109577178955, -0.10512984544038773, 3.9920735359191895, 2.9262990951538086, -1.5737439393997192]",tensor(0.7313)
neutral_08263272b56ba4fba41363e5d2833f7d,20-29,Male,White,neutral,4,3,"[-3.2007229328155518, -2.7921268939971924, 0.2144550234079361, 0.38315004110336304, -1.2713395357131958, -0.18501462042331696, 0.266933411359787]",tensor(0.2807)
angry_c3c80a717217535cfde937af9586400c,30-39,Male,White,angry,0,0,"[3.3172130584716797, -1.436537504196167, -3.1423048973083496, -1.0939269065856934, 2.8320200443267822, -1.2324389219284058, -3.2068278789520264]",tensor(0.6061)
sad_01a8ac9c323cfc7ef6fa3045f9d3433a,50-59,Male,Middle Eastern,sad,5,4,"[2.2302920818328857, -2.9495747089385986, -2.479196071624756, -2.947284460067749, 5.064192771911621, -1.1980820894241333, -3.6364598274230957]",tensor(0.9416)
angry_5ad044edf0a49378b0907304a73c5e6a,40-49,Female,White,angry,0,6,"[-4.774028778076172, -6.896895408630371, 1.5051146745681763, -1.8452699184417725, 3.385546922683716, -3.0197372436523438, 4.194294452667236]",tensor(0.6594)
angry_8b64f2dbc4fdfbc212f9328e794381e9,30-39,Male,White,angry,0,0,"[7.24378776550293, -0.8240045309066772, 4.704294681549072, -4.515286445617676, -5.770663738250732, -5.814189434051514, -0.11695773899555206]",tensor(0.9260)
sad_1340b1f7a53a23b77d24801e789abc78,03-09,Female,White,sad,5,5,"[-2.1087729930877686, -1.612871527671814, -0.5379586815834045, -2.4401121139526367, -2.743098258972168, 6.764697551727295, -1.0912754535675049]",tensor(0.9984)
surprise_0b73e0eb7c25bf74c2529e6407168c30,20-29,Female,White,surprise,6,3,"[-5.657538890838623, -4.373661518096924, -3.873945951461792, 4.6890692710876465, 3.5803415775299072, -6.079684734344482, 2.643207550048828]",tensor(0.6851)
sad_0fad3c4cc292e1f5100786e505d3ca78,10-19,Female,White,sad,5,4,"[-1.4864729642868042, -5.181769847869873, -3.566147804260254, -1.6302461624145508, 9.032234191894531, -0.5119085311889648, -2.9184508323669434]",tensor(0.9999)
sad_0d1a1319b54098a03fc37895810d8bb3,40-49,Male,Middle Eastern,sad,5,0,"[2.5415570735931396, 2.2240283489227295, -3.2012929916381836, -0.8550301194190979, 0.7473875880241394, -1.3350497484207153, -3.3993492126464844]",tensor(0.5117)
surprise_ceb47e6a62962db3d459d325e292c28a,60-69,Female,White,surprise,6,4,"[-4.006618976593018, -5.412972450256348, -4.209243297576904, 0.2848460376262665, 8.128382682800293, -1.7146730422973633, -0.7599656581878662]",tensor(0.9994)
angry_088c4055b36467e559af0063519d2cec,03-09,Female,White,angry,0,4,"[-3.5237534046173096, -5.272447109222412, -4.584161281585693, 1.2109724283218384, 4.475429058074951, 2.8405566215515137, -1.342099666595459]",tensor(0.8086)
surprise_7b1951b97213883791db415d723b2da1,60-69,Male,White,surprise,6,4,"[-0.9939689040184021, -1.688918113708496, -2.2014272212982178, -2.4420511722564697, 3.559995412826538, -2.3790297508239746, 1.4772593975067139]",tensor(0.8706)
neutral_dd5967bdcc897cc394091744932b3fcf,20-29,Female,White,neutral,4,4,"[-2.3367581367492676, -2.0240674018859863, -1.0313409566879272, -1.7684637308120728, 3.772522211074829, -1.4851984977722168, 0.628649115562439]",tensor(0.9383)
neutral_23d555fad7cbdc806f2987bc900bc6ac,20-29,Female,White,neutral,4,4,"[-0.08098168671131134, -2.282341480255127, -3.441082000732422, -1.5022014379501343, 5.168706893920898, -0.3105485439300537, -1.7932791709899902]",tensor(0.9878)
sad_8afa8dc4203c85cb712f7791c18acb93,10-19,Female,White,sad,5,4,"[-3.06561541557312, -4.354496955871582, -3.0595951080322266, 0.6288500428199768, 6.677684307098389, 0.19112515449523926, -2.070517063140869]",tensor(0.9958)
disgust_de53ecb5bae1ddb698a7a17146453b3b,20-29,Female,White,disgust,1,1,"[2.276273488998413, 6.829479217529297, -4.244420528411865, -1.3421682119369507, -2.7751717567443848, 0.42160162329673767, -4.320189952850342]",tensor(0.9876)
neutral_9e969f92d43d336da1c7897eca7ce16c,40-49,Male,White,neutral,4,4,"[-2.254418134689331, -4.023458003997803, -3.1233277320861816, 1.6389044523239136, 6.812559604644775, -2.609726905822754, -3.413360118865967]",tensor(0.9941)
neutral_6c22f1ff3aeb98c1ed64bc6772e77c3a,20-29,Female,White,neutral,4,3,"[-3.955228090286255, -4.125547409057617, -3.892664670944214, 3.9066336154937744, 3.6444852352142334, -2.611893653869629, 0.2773548662662506]",tensor(0.5560)
fear_f1b984c80da9f26777be1cbf4ceec018,30-39,Female,Black,fear,2,4,"[0.7925596833229065, -3.3921191692352295, 1.4933192729949951, -4.926137447357178, 3.2394826412200928, -1.4336471557617188, -1.0278198719024658]",tensor(0.7776)
neutral_1a6f6d1c8215b08cafa4f55b8ee4c5db,20-29,Female,White,neutral,4,3,"[-2.5599167346954346, -2.414278268814087, -4.609768390655518, 4.367732524871826, 3.7129132747650146, -3.688621997833252, -1.6606025695800781]",tensor(0.6560)
happy_28fd10d8c1e991b86ebcf080054cae6b,20-29,Female,White,happy,3,3,"[-3.728196382522583, -4.698015213012695, -3.3931238651275635, 3.7129178047180176, 1.9670705795288086, -2.020967960357666, 0.8305019736289978]",tensor(0.8095)
happy_2304bc465bbfb5d935655bb8a4a3c46e,50-59,Male,White,happy,3,3,"[-2.0828473567962646, -1.8910377025604248, -2.8214800357818604, 7.022833347320557, -2.070732593536377, -2.308774709701538, -1.5418545007705688]",tensor(0.9993)
fear_12e9465c228ad5a26238f9b5fa821569,30-39,Female,White,fear,2,5,"[-2.8665847778320312, -1.2723294496536255, 0.8597900867462158, -1.1819398403167725, -3.3064634799957275, 5.830704689025879, -2.822564125061035]",tensor(0.9910)
surprise_cf37308dfc6604cbe74239057d35b2a3,30-39,Male,Black,surprise,6,4,"[0.7697184681892395, -4.950038909912109, -0.9091699719429016, -4.509515762329102, 3.355577230453491, 0.8049108982086182, 0.38694584369659424]",tensor(0.8201)
disgust_2a61225b984ca2b9c7fc9199a1d246ec,30-39,Male,White,disgust,1,0,"[9.450777053833008, 3.448164939880371, -1.450402021408081, -6.961948871612549, -3.4264214038848877, -1.277232050895691, -3.3306376934051514]",tensor(0.9975)
surprise_8de9e0cee334151d782109dbb28f0289,00-02,Male,White,surprise,6,6,"[-3.367316722869873, -3.2860710620880127, -0.9396697282791138, 2.458333969116211, -0.5938471555709839, -4.198096752166748, 4.463420391082764]",tensor(0.8722)
disgust_e14bf0152f48d47210d223df9c6efdcc,03-09,Female,White,disgust,1,3,"[-3.873931646347046, -2.926140546798706, -2.8364861011505127, 5.718714237213135, -0.23401901125907898, -1.446852684020996, -1.1189357042312622]",tensor(0.9951)
happy_61a4e8766f6fb03b8fde3e80b4e3ec33,30-39,Male,Middle Eastern,happy,3,3,"[-1.7755062580108643, -3.0464274883270264, -2.946728229522705, 6.335107326507568, -0.12537074089050293, -2.7203009128570557, -2.0447325706481934]",tensor(0.9976)
sad_e40da23fa41d878008f1690eab7af657,30-39,Male,Southeast Asian,sad,5,4,"[-2.544484853744507, -4.778110504150391, -2.900470495223999, 1.4966844320297241, 4.218479633331299, -0.8853251934051514, -1.672900676727295]",tensor(0.9288)
disgust_d1733bfc5bbb5896904cff80f600e928,50-59,Male,Black,disgust,1,3,"[-1.253298044204712, -1.2421388626098633, -1.524251103401184, 4.625417232513428, -3.1117751598358154, -1.2939342260360718, -2.3124802112579346]",tensor(0.9883)
fear_539a6c4a2e1f9663f34fa99a067f7bd1,60-69,Male,White,fear,2,4,"[-0.2496335655450821, -2.4409122467041016, -4.602479457855225, 2.567389726638794, 2.748323917388916, -2.464521646499634, -0.8384687304496765]",tensor(0.5198)
fear_0c75c7619c3fb366220818e029487ffb,20-29,Female,White,fear,2,5,"[-3.541306972503662, -5.118753433227539, -2.395565986633301, -3.780240297317505, 6.00982141494751, 6.207976341247559, -1.7800861597061157]",tensor(0.5492)
surprise_53aecdd371875b77d65762e6b28a3d6d,00-02,Male,White,surprise,6,4,"[-3.633528232574463, -5.012322425842285, -4.214257717132568, 2.393036365509033, 5.836992263793945, -4.061621189117432, 1.1315964460372925]",tensor(0.9605)
disgust_87c77399d3c78843d03e88b405f502e5,40-49,Female,White,disgust,1,5,"[-0.38271135091781616, -0.783994734287262, -0.9878051280975342, -1.9565726518630981, -0.9617763757705688, 4.709192276000977, -4.394749641418457]",tensor(0.9819)
disgust_58422de02a575e16ac7d4c8cde8ecbfb,10-19,Female,White,disgust,1,3,"[-1.0413005352020264, -1.1796871423721313, -2.4746742248535156, 4.261806011199951, -3.340592384338379, -1.5039889812469482, -0.7692226767539978]",tensor(0.9798)
fear_de45fabd3cc2a6e72e3958c5210e722c,30-39,Female,White,fear,2,6,"[1.4024991989135742, 0.2976621687412262, -0.16628533601760864, -0.3011989891529083, -2.5725529193878174, -6.142602443695068, 3.077122211456299]",tensor(0.7540)
sad_f4b29178d04a58c154c396271abb78d9,03-09,Male,White,sad,5,5,"[-0.7551743984222412, -3.7543160915374756, -2.5108113288879395, -1.4634169340133667, 2.8546979427337646, 4.265698432922363, -2.0118260383605957]",tensor(0.7955)
fear_9c49620d4ceea50cb735ec45f147bf3b,03-09,Female,White,fear,2,5,"[-2.9315929412841797, -1.161713719367981, 1.824100136756897, -2.2018580436706543, -4.3621110916137695, 7.836867332458496, -3.51414155960083]",tensor(0.9974)
sad_703fa37111b730511ea0a102e041f36a,20-29,Female,Middle Eastern,sad,5,4,"[-0.9067439436912537, -1.822750210762024, -3.1651275157928467, -2.4252588748931885, 2.8057913780212402, -0.8227083683013916, 1.320745825767517]",tensor(0.7721)
fear_f19112265a9dede65f0c56b7c80234ca,20-29,Female,Black,fear,2,2,"[-1.1509058475494385, 1.2326451539993286, 2.1994433403015137, -4.792776584625244, 0.35800349712371826, 1.2529088258743286, -3.0239548683166504]",tensor(0.5080)
fear_40054e93364f872277e83cf55b3bcf9f,00-02,Male,White,fear,2,2,"[-3.761509656906128, -0.3318048119544983, 4.002632141113281, -3.342780113220215, -2.542006254196167, -0.36686792969703674, 2.237915277481079]",tensor(0.8337)
angry_8a26f57436d12887bb102892090d3cf4,30-39,Male,White,angry,0,3,"[-0.8127133250236511, -1.100941777229309, -3.025827407836914, 4.900219440460205, -2.0073904991149902, -0.7018477916717529, -2.5345921516418457]",tensor(0.9887)
neutral_ad6d1430c8339328d633d42c42cc62aa,20-29,Female,East Asian,neutral,4,4,"[-3.865046977996826, -4.068848609924316, -4.7063469886779785, 4.167012691497803, 5.232679843902588, -1.93394935131073, -1.3326447010040283]",tensor(0.7424)
surprise_7a6e470408f3fae2a0d8657cf81d2ee8,00-02,Female,White,surprise,6,6,"[-4.285528659820557, -4.678104400634766, -1.1512881517410278, 2.740506649017334, -1.4122384786605835, -2.129713535308838, 3.969240427017212]",tensor(0.7657)
surprise_bf003297b705d196f4aab1dc9a31c198,20-29,Female,White,surprise,6,4,"[-1.350951910018921, -4.3147430419921875, -2.532562017440796, 1.969709038734436, 3.5764236450195312, -0.8141763210296631, -1.7219884395599365]",tensor(0.8145)
neutral_3c0ea96dcea2c494a4cd79909fb1fdae,30-39,Male,White,neutral,4,4,"[-1.6617320775985718, -6.032533645629883, -3.8108973503112793, -1.2195417881011963, 7.060810565948486, 1.3299473524093628, -3.295236110687256]",tensor(0.9963)
fear_5ea980c1b9a9571ec3199816123fdd62,03-09,Female,White,fear,2,6,"[-2.6188266277313232, -4.755382537841797, 0.43210139870643616, -4.5880584716796875, 2.657949686050415, -0.49532803893089294, 4.081260681152344]",tensor(0.7820)
fear_47430ff9a884de6ec93be022b441db53,03-09,Female,White,fear,2,6,"[-0.49276164174079895, -3.337581157684326, 2.9701428413391113, -2.7925825119018555, -3.7730255126953125, -4.221388816833496, 6.611557483673096]",tensor(0.9735)
disgust_58e147153444268464770b704549f9de,03-09,Male,East Asian,disgust,1,5,"[3.819056749343872, 1.6959482431411743, -2.113670587539673, -5.025306224822998, -2.8970935344696045, 4.194961071014404, -4.944433689117432]",tensor(0.5644)
happy_e177081c0cda5cee72e09fb306eee3d6,20-29,Female,White,happy,3,3,"[-2.262913703918457, -2.1646223068237305, -3.5271363258361816, 7.331394672393799, -1.763045072555542, -2.079392910003662, -1.1523594856262207]",tensor(0.9994)
angry_63b8ac6bbbb0f88a962a2544c5cf20c3,40-49,Male,White,angry,0,4,"[0.9010589718818665, -2.384561777114868, -4.83866548538208, -0.03571895509958267, 5.564622402191162, -0.40823429822921753, -4.029831886291504]",tensor(0.9841)
fear_7416d56bf43cbe3676fbdcef22bc08ae,20-29,Male,White,fear,2,4,"[-3.0668270587921143, -5.357192039489746, -1.1617276668548584, -3.081118106842041, 6.037573337554932, -0.7410321235656738, 0.548843264579773]",tensor(0.9938)
disgust_cf73d39e0df24cf987358840fcc94860,20-29,Female,White,disgust,1,3,"[-1.008086085319519, 0.4223569929599762, -2.1400134563446045, 3.802481174468994, -2.0970611572265625, -2.192350149154663, -1.7377910614013672]",tensor(0.9488)
disgust_b80f2de6c898563cb9ca1c7bc25ce93e,60-69,Male,White,disgust,1,4,"[-3.360919952392578, -1.6820719242095947, -0.5401711463928223, -2.183872699737549, 2.3366668224334717, 1.970719814300537, -1.6083465814590454]",tensor(0.5551)
surprise_bbc9ad95af8843968be3fb7a52ce3ea8,00-02,Male,White,surprise,6,6,"[-4.98433256149292, -4.467061996459961, -2.254572868347168, 2.5829949378967285, 2.1077630519866943, -3.462441921234131, 3.800028085708618]",tensor(0.6740)
happy_736b4888b44153d44e731509c17c7915,30-39,Male,Middle Eastern,happy,3,3,"[-2.347994089126587, -1.7780581712722778, -2.3901944160461426, 7.275936603546143, -3.451606273651123, -3.3950209617614746, -0.6205201745033264]",tensor(0.9993)
surprise_699d04f256c354c65e11f9776bc690a3,10-19,Female,White,surprise,6,3,"[-2.4542222023010254, -2.9748055934906006, -3.5175392627716064, 5.097254276275635, 2.2459418773651123, -1.9108293056488037, -2.449216365814209]",tensor(0.9432)
fear_85e27256211f4a193b103eb4bc074073,20-29,Male,White,fear,2,6,"[-3.698401689529419, -3.6385252475738525, 1.9847923517227173, 0.9166693091392517, -3.343351125717163, -3.625051259994507, 5.289371013641357]",tensor(0.9525)
surprise_0551d4c6cc4e0d7c3be301cb9b98430e,00-02,Female,White,surprise,6,6,"[-2.0542633533477783, -0.48334217071533203, -2.0179755687713623, 0.4312891960144043, -0.6857935190200806, -2.4759340286254883, 3.3568902015686035]",tensor(0.9052)
angry_3d645f9af0c51ed54ebc691ec76a2546,40-49,Male,White,angry,0,4,"[3.8609602451324463, -4.373046875, -4.277027130126953, -3.8692970275878906, 4.724663257598877, 2.6125564575195312, -4.931792736053467]",tensor(0.6481)
neutral_2911d39bfa26b6765bf041e8d51a2f0b,20-29,Female,White,neutral,4,5,"[-0.7403126955032349, -3.998447895050049, -3.653021812438965, -1.0325433015823364, 2.7879559993743896, 4.988997936248779, -4.320464611053467]",tensor(0.8955)
surprise_1f20e3bc83b9c2a027cba60c8197015b,00-02,Female,Middle Eastern,surprise,6,6,"[-3.6974973678588867, -3.5842795372009277, -0.08744169026613235, -0.2440081536769867, -0.24177345633506775, -4.0826849937438965, 6.734053134918213]",tensor(0.9970)
disgust_e32ce5a6011e6206b50255af2b53d853,20-29,Female,White,disgust,1,4,"[-3.333481788635254, -3.183339834213257, -3.8584518432617188, 3.305722236633301, 4.199342250823975, -3.984344959259033, -0.09965688735246658]",tensor(0.7020)
happy_667f2b39f845cd5ade7ae9ece4d40f60,30-39,Female,White,happy,3,3,"[-4.0328192710876465, -3.2859108448028564, -3.6250085830688477, 7.369199752807617, 1.002329707145691, -3.0908806324005127, -2.2338924407958984]",tensor(0.9981)
disgust_af0c19cfdeec4a3f14f2e656e07f9e1a,50-59,Male,Latino_Hispanic,disgust,1,0,"[8.734794616699219, -1.402692198753357, -5.537123680114746, -4.255395412445068, 2.9234046936035156, 0.6306116580963135, -5.95410680770874]",tensor(0.9967)
fear_dfc040dcc941ce358031ab68ee913eb9,20-29,Female,White,fear,2,4,"[-0.48954665660858154, 1.3813985586166382, -2.537435531616211, -5.627792835235596, 4.137671947479248, -2.8352999687194824, -1.0464355945587158]",tensor(0.9249)
happy_b0c9d093b05fda187d123657fc6ac9b0,70+,Female,White,happy,3,3,"[-0.3839271366596222, -2.3402786254882812, -5.480867862701416, 4.987364292144775, 2.5159265995025635, -2.063282012939453, -4.360454082489014]",tensor(0.9168)
neutral_7a5367ad4eef2c54a0cf1f53e66d9b01,00-02,Female,East Asian,neutral,4,6,"[-4.857818603515625, -4.908329010009766, 1.818267583847046, -4.648623466491699, 3.1297945976257324, -1.5701876878738403, 3.619253158569336]",tensor(0.5604)
neutral_29601b882da1e4cb35c0b8631ae5f6d3,50-59,Male,White,neutral,4,4,"[-2.961740732192993, -4.436490058898926, -4.477921962738037, 2.664679527282715, 6.053030967712402, -1.6624046564102173, -2.061572551727295]",tensor(0.9665)
sad_6478b25910d5813271a7c7ad204e1b88,30-39,Male,Latino_Hispanic,sad,5,5,"[-2.473297119140625, -3.0134994983673096, -3.810393810272217, 1.0011526346206665, 1.3334338665008545, 4.992733955383301, -3.5134286880493164]",tensor(0.9565)
angry_8d4aa48e08b1710bef24cd3a57641df0,30-39,Male,White,angry,0,0,"[3.48384690284729, 0.9197723269462585, -1.6547691822052002, -2.1929659843444824, -1.9061216115951538, -0.6622564792633057, -4.127399444580078]",tensor(0.9032)
disgust_5687baadfae650410eefe70c014bf3ad,60-69,Male,White,disgust,1,4,"[1.2873272895812988, -2.484622001647949, -1.4735488891601562, -4.967319488525391, 2.983597993850708, 1.550138235092163, -0.4423784017562866]",tensor(0.6800)
happy_ae65a1c2356d5dfd03a72bade2120401,20-29,Female,White,happy,3,3,"[-1.985187292098999, -1.8168219327926636, -2.5596511363983154, 6.900209903717041, -2.7967379093170166, -2.1197476387023926, -1.4679839611053467]",tensor(0.9992)
fear_b050b1916221977c0a60df931543e3e5,00-02,Male,White,fear,2,2,"[-3.963993549346924, -0.7547419667243958, 3.746016502380371, -2.582106351852417, -3.355159044265747, 0.2919950783252716, 2.547441005706787]",tensor(0.7422)
happy_8a166c309cb475c964a024f26d0d6ebd,20-29,Female,Black,happy,3,3,"[-3.259744882583618, -2.7418882846832275, -2.479674816131592, 6.453433513641357, -2.706655263900757, -1.5220004320144653, 0.23803779482841492]",tensor(0.9973)
fear_836e63bd440ec1d0bff06b46b34f1013,20-29,Female,White,fear,2,4,"[1.8310325145721436, -3.7483043670654297, -4.496517658233643, -1.5963832139968872, 6.326876163482666, 0.547332763671875, -4.1892313957214355]",tensor(0.9855)
angry_82c29742d1741b3d90a7de2cb432a4fc,20-29,Male,White,angry,0,4,"[0.3943655788898468, -1.493126392364502, -1.8824810981750488, -3.136256694793701, 4.0067267417907715, -1.0647234916687012, -0.5110896825790405]",tensor(0.9507)
surprise_acdafc947b8408058a2fd09fca0c66ac,40-49,Male,White,surprise,6,4,"[-3.4258768558502197, -4.678548812866211, -3.4375691413879395, -0.8754252195358276, 5.944060802459717, -0.5807578563690186, 1.5630455017089844]",tensor(0.9850)
sad_691efafa99ca2bb0f3402bc7ae46229c,20-29,Male,White,sad,5,4,"[-0.9644148945808411, -5.077003479003906, -1.7330173254013062, -1.900255560874939, 3.17267107963562, 1.881067156791687, 0.6005539298057556]",tensor(0.7241)
disgust_ecf7244476003ca9e6dea7cadd7d1246,03-09,Male,White,disgust,1,3,"[-0.06504392623901367, 0.8254752159118652, -2.646157741546631, 1.4895172119140625, 0.5641655921936035, -1.4300894737243652, -2.563840627670288]",tensor(0.4525)
neutral_0e429cf46cd82901fe7cd890767d0f6c,20-29,Male,Black,neutral,4,5,"[-1.8998565673828125, -4.2771501541137695, -1.8406214714050293, -3.9153006076812744, 2.000650405883789, 7.877597808837891, -2.1184353828430176]",tensor(0.9970)
surprise_a93a42fe52d0cf7b3d7757d346ed80ca,20-29,Male,White,surprise,6,6,"[-1.3106275796890259, -2.869957208633423, -3.548330783843994, 2.0328497886657715, 1.5298165082931519, -5.116689682006836, 2.4635040760040283]",tensor(0.4822)
sad_e42891958b01decc8a76fe64813e2d3f,20-29,Female,White,sad,5,4,"[-0.3351372182369232, -1.803575873374939, -3.8095204830169678, 0.3955814242362976, 2.7584636211395264, 2.610346794128418, -3.5318875312805176]",tensor(0.4962)
disgust_43181396c19d8329c4b128d53a20c5e6,60-69,Male,White,disgust,1,0,"[5.321977615356445, 2.075265407562256, -4.457960605621338, -0.8347469568252563, 1.0418665409088135, -3.6574161052703857, -2.9086570739746094]",tensor(0.9476)
fear_720b54c5d7ee8c2f11e72bc4c03a333b,20-29,Male,White,fear,2,4,"[-1.0285874605178833, -4.8483710289001465, -3.7067575454711914, -4.746161460876465, 5.481757640838623, 4.3499436378479, -0.5070835947990417]",tensor(0.7538)
surprise_d67c718d24102a3fc7426c303274738b,50-59,Female,White,surprise,6,3,"[-4.91066312789917, -1.8486043214797974, -2.0724706649780273, 3.944298267364502, -0.4433613717556, -4.174079418182373, 2.5480127334594727]",tensor(0.7900)
sad_b8b46995d2c173aa2230d895eac59d29,30-39,Male,Black,sad,5,4,"[3.9867351055145264, -4.6885986328125, -4.149951457977295, -5.595248222351074, 6.251260280609131, 1.6664694547653198, -3.285797357559204]",tensor(0.8975)
neutral_a058892db53470c48ee5da045266c040,20-29,Female,White,neutral,4,4,"[0.6814954280853271, -1.7032705545425415, -5.480347156524658, 1.6284786462783813, 3.129570722579956, -1.1150726079940796, -2.5031771659851074]",tensor(0.7488)
angry_9ca7abc3423bf86b3a6a4ee988040f05,40-49,Male,White,angry,0,4,"[0.060363102704286575, -2.6393048763275146, -3.674959659576416, -1.629656195640564, 4.246448516845703, -2.002439498901367, 0.22854533791542053]",tensor(0.9622)
neutral_dba809b42b5787c73bdc3e466ce6f767,30-39,Male,White,neutral,4,4,"[0.11280177533626556, 1.1045455932617188, -2.517848253250122, -2.1688055992126465, 1.5182373523712158, 0.4679314196109772, -2.6693639755249023]",tensor(0.4321)
neutral_37d575fae8089a02a75a7216a22be1c4,20-29,Female,Latino_Hispanic,neutral,4,4,"[-2.4383339881896973, -4.508892059326172, -3.895434856414795, 1.0770468711853027, 6.610654830932617, 0.9676731824874878, -2.6971235275268555]",tensor(0.9923)
sad_72c1f3bf0e9b37b0936883ed9eca3b39,60-69,Male,White,sad,5,0,"[1.2395440340042114, 0.4289868474006653, -1.300126075744629, -0.5523465871810913, -1.4316623210906982, 0.8401875495910645, -3.4276788234710693]",tensor(0.4099)
surprise_f4cab90349d274e8c9f76f63141b3b68,30-39,Male,White,surprise,6,4,"[0.6470441818237305, -3.4917232990264893, -1.3535242080688477, -5.208820819854736, 2.363454580307007, 1.6124995946884155, 0.9798300862312317]",tensor(0.5181)
happy_639423de22261e0d117d02c90c420187,03-09,Female,White,happy,3,3,"[-2.215247392654419, -1.8934565782546997, -2.7172367572784424, 5.935147285461426, -1.6922528743743896, -2.2794840335845947, -1.008699893951416]",tensor(0.9974)
happy_014d2b3ed04ea419c93c1d974559976e,30-39,Female,White,happy,3,3,"[-1.9082567691802979, -2.0451018810272217, -2.892733573913574, 6.188345432281494, -1.5628422498703003, -1.7989280223846436, -1.8602157831192017]",tensor(0.9982)
surprise_3de573434f436b8b5224f745c21265be,40-49,Male,Latino_Hispanic,surprise,6,4,"[-2.7569799423217773, -5.0703887939453125, -5.23377799987793, 0.8307702541351318, 7.97349739074707, -4.331732273101807, -0.045340050011873245]",tensor(0.9989)
disgust_5fc10a8b7e4d8758585fdbe656f9bd66,20-29,Male,Latino_Hispanic,disgust,1,5,"[2.0022037029266357, 1.0343714952468872, -3.8341450691223145, -4.451564788818359, 0.8464030027389526, 5.373783588409424, -4.313712120056152]",tensor(0.9448)
angry_856e4724e2711d2a59107b69ef6c9938,40-49,Male,White,angry,0,0,"[6.804293155670166, -2.650866746902466, -6.344906330108643, -1.7010865211486816, 4.835136413574219, -3.0560922622680664, -4.5013957023620605]",tensor(0.8773)
disgust_0ebe40747dd749da88a556ad1c6aee32,30-39,Male,White,disgust,1,4,"[1.5142015218734741, -0.36628663539886475, -2.2268505096435547, -1.7494179010391235, 2.102825164794922, -0.3335835337638855, -2.542389392852783]",tensor(0.5646)
surprise_2737ea6206953c9e74c8302931f5f74f,20-29,Male,East Asian,surprise,6,4,"[-1.5014944076538086, -5.267831802368164, -1.195170521736145, -3.343327522277832, 4.222823619842529, -1.1765367984771729, 1.5326967239379883]",tensor(0.9253)
sad_066b21ddb084905570b77797bb574422,20-29,Female,East Asian,sad,5,5,"[-5.105407238006592, -6.216406345367432, 1.3400635719299316, -4.171270847320557, 3.2864649295806885, 4.679002285003662, -0.625556468963623]",tensor(0.7757)
neutral_6762489ca7e61f3486543f80fcc2afac,20-29,Female,White,neutral,4,4,"[-2.635958433151245, -5.00283670425415, -2.7690353393554688, -0.4965164065361023, 6.185429096221924, 1.148512601852417, -1.2619976997375488]",tensor(0.9915)
angry_74bcec9947e904928cd5ba251ab3baff,30-39,Female,White,angry,0,5,"[1.7696938514709473, 0.44591596722602844, -2.2574076652526855, -4.507985591888428, 1.263115406036377, 2.2418372631073, -2.3549792766571045]",tensor(0.4571)
sad_0a04b9862023b8a95f31b2b2c95167cf,20-29,Female,White,sad,5,4,"[-2.06626296043396, -3.8525357246398926, -3.2410757541656494, 1.309157371520996, 6.370164394378662, -0.35714736580848694, -3.687326192855835]",tensor(0.9922)
happy_663d657c377e082a8ad53e1629d2d60b,30-39,Female,Black,happy,3,3,"[-0.2714999318122864, -0.9553222060203552, -2.7469940185546875, 3.8492605686187744, -0.45895951986312866, -2.5004477500915527, -2.349585771560669]",tensor(0.9587)
disgust_0952e9ab8c31b93fe0d835b48bb6edb8,20-29,Male,Black,disgust,1,1,"[0.9136257767677307, 2.1788649559020996, -2.3409063816070557, -2.6926109790802, 0.49145182967185974, 2.147357940673828, -4.270277976989746]",tensor(0.4071)
fear_69caf084356a36730535af78557b5054,30-39,Female,White,fear,2,2,"[0.2526315450668335, -1.8255209922790527, 5.795826435089111, -3.5691652297973633, -4.2432684898376465, -2.9847912788391113, 3.2218174934387207]",tensor(0.9251)
fear_c132bae549515e549dcbb5ad912f043c,10-19,Female,White,fear,2,2,"[1.1260361671447754, -2.4162652492523193, 7.888825416564941, -5.348265171051025, -5.653027057647705, 1.0796617269515991, -1.4242026805877686]",tensor(0.9976)
surprise_580ccd7de797e6bac2c91fd031c1107f,30-39,Female,White,surprise,6,4,"[-3.6050684452056885, -5.452345848083496, -1.0896296501159668, -4.497597694396973, 5.926060199737549, -1.3638023138046265, 3.7477188110351562]",tensor(0.8969)
happy_50c56f2703aa2c2121e4c06b89951fb3,20-29,Male,White,happy,3,3,"[-2.456486940383911, -2.0141708850860596, -2.8921852111816406, 6.743596076965332, -2.2477195262908936, -1.2472952604293823, -1.9168572425842285]",tensor(0.9990)
happy_7385829038593520439d11cdfa686169,20-29,Female,White,happy,3,4,"[-3.1041152477264404, -3.754338026046753, -4.296870708465576, 3.2157230377197266, 5.425999164581299, -3.767418384552002, -1.7900160551071167]",tensor(0.9002)
happy_ea368560324119734f65f3815ea31d95,20-29,Female,Black,happy,3,3,"[-3.0176990032196045, -2.3527748584747314, -3.302983283996582, 7.369215965270996, -1.6958684921264648, -2.8437955379486084, -0.7609627842903137]",tensor(0.9994)
neutral_d643b35aef3ae1b5a7b3338ca8a6461d,20-29,Female,White,neutral,4,4,"[-3.494981527328491, -3.3850271701812744, -4.4817118644714355, 2.971675157546997, 5.530193328857422, -2.84981632232666, 0.16782723367214203]",tensor(0.9237)
disgust_8ee2b6eb726016662b3c39ddf18e5e98,40-49,Male,Black,disgust,1,0,"[2.9846880435943604, 0.9799053072929382, -2.210806369781494, -0.9526046514511108, 0.761488676071167, -1.745857834815979, -3.074086904525757]",tensor(0.7818)
angry_cfa020b89606d50b597fe226fcdfb69d,40-49,Male,White,angry,0,0,"[5.678809642791748, -4.360205173492432, -4.212857723236084, -4.272449970245361, 2.602987051010132, 0.23757101595401764, -1.3600974082946777]",tensor(0.9510)
angry_3c73da277b50825e1bf4f873792e7ade,50-59,Male,White,angry,0,0,"[3.0090296268463135, -1.4993997812271118, -3.549021005630493, 1.109585165977478, 2.2094194889068604, -1.641357660293579, -5.291959285736084]",tensor(0.6168)
neutral_1a50f27595fdb6035f63e17c62ed7400,20-29,Male,White,neutral,4,5,"[0.3273404836654663, -3.5799012184143066, -3.046872138977051, -2.7888166904449463, 3.5137577056884766, 4.162412166595459, -2.9359042644500732]",tensor(0.6463)
sad_efb6d63e10b90aa2b1892288e86b8bf0,03-09,Female,White,sad,5,5,"[-3.621358633041382, -2.8010122776031494, -0.21058453619480133, -0.2691953480243683, -2.415740728378296, 6.9200758934021, -2.259772777557373]",tensor(0.9982)
disgust_4c0d6a4bc39ac9b62e6ba0b528e2743b,50-59,Female,Black,disgust,1,3,"[0.5745441913604736, 0.6882815361022949, -4.391406059265137, 2.3668246269226074, 1.7004010677337646, -3.3748621940612793, -3.9309253692626953]",tensor(0.5339)
fear_c6e2241031834ffeeef9171fb39ee279,03-09,Female,White,fear,2,2,"[-0.3661355674266815, -3.827038288116455, 5.249471664428711, -1.2406015396118164, -6.709384441375732, -1.2925032377243042, 3.1211695671081543]",tensor(0.8883)
happy_e5a71f87a4053b5f81fad55e1655b667,20-29,Female,White,happy,3,4,"[-3.77201771736145, -4.352272987365723, -4.2739105224609375, 2.5244140625, 4.576272487640381, 1.4230488538742065, -2.4360785484313965]",tensor(0.8528)
neutral_e520ab264d079403e259ded5fcd61eb4,20-29,Female,White,neutral,4,4,"[-2.5668914318084717, -4.077444076538086, -4.042080402374268, 0.9970453977584839, 5.688835144042969, 1.5349091291427612, -2.751227855682373]",tensor(0.9752)
surprise_21d7f9c7118358b932b39d144dbeeef8,40-49,Male,White,surprise,6,6,"[-2.3540403842926025, -4.427521705627441, -0.49625512957572937, -2.0021679401397705, 3.0202271938323975, -4.771617412567139, 3.6386241912841797]",tensor(0.6405)
surprise_20a2a24bdf7bff19ee49dc8c9174d4ef,60-69,Male,Black,surprise,6,4,"[-0.44567692279815674, -3.5418097972869873, -2.1509363651275635, 0.28005561232566833, 2.3257439136505127, -0.36168500781059265, -2.459235668182373]",tensor(0.7797)
angry_be20b2d7445d21d29f1f9a5ef51293c1,40-49,Male,Indian,angry,0,4,"[1.627847671508789, -4.258508682250977, -2.856637954711914, -3.924294948577881, 4.394886493682861, 1.2590876817703247, -1.0865488052368164]",tensor(0.8996)
fear_85b7287c90760f061f03708db28d1b4d,20-29,Female,White,fear,2,6,"[-1.3350670337677002, 0.09013652056455612, 1.3977761268615723, -1.217300534248352, -0.5506868362426758, -3.4824037551879883, 1.8680051565170288]",tensor(0.5066)
fear_60788c69e52a6462db74d95a214d6999,20-29,Male,White,fear,2,2,"[-0.4325753450393677, -1.875292181968689, 6.538846492767334, -5.077310085296631, -5.046706676483154, -2.9671740531921387, 5.050340175628662]",tensor(0.8150)
sad_060b757cdeb916912e49318cecaf979c,50-59,Male,White,sad,5,0,"[4.294517993927002, -1.0694056749343872, -1.9887453317642212, -5.724515438079834, 1.2108486890792847, 2.07187819480896, -2.223710298538208]",tensor(0.8604)
sad_680b330d7aaa97e6eb9768936a4adfea,00-02,Male,White,sad,5,4,"[-1.1464688777923584, -4.018032073974609, -3.5287985801696777, 1.6386470794677734, 3.8494036197662354, -2.92380428314209, 0.054814379662275314]",tensor(0.8764)
fear_5cbd98294b93f06bef9d42b304f31338,20-29,Female,White,fear,2,6,"[-1.7176361083984375, -2.0560450553894043, 0.2731127440929413, -3.716057777404785, 1.206803560256958, -3.206564426422119, 4.325768947601318]",tensor(0.9376)
surprise_12965e3e081852e1443a55cc20c292e1,50-59,Male,White,surprise,6,5,"[1.7177444696426392, -2.4658091068267822, -4.105285167694092, -3.086141347885132, 3.1290977001190186, 3.67301344871521, -3.619349479675293]",tensor(0.5792)
happy_fba92759e7fe482c5b2547512fd5140a,03-09,Female,White,happy,3,3,"[-2.0028557777404785, -2.9621806144714355, -3.364267349243164, 5.720407009124756, 1.9217729568481445, -1.6435389518737793, -3.074862480163574]",tensor(0.9766)
sad_41ea34b93ea3c222b5d2667b357ac149,30-39,Male,Black,sad,5,4,"[-3.0962612628936768, -7.246251106262207, -4.350065231323242, -1.8745943307876587, 10.766974449157715, -1.3727827072143555, -1.3867621421813965]",tensor(1.0000)
fear_2412ae0b6a4298340395a69134430c7d,30-39,Male,White,fear,2,4,"[-3.321887731552124, -3.792999505996704, 0.37899768352508545, -3.142162322998047, 4.276539325714111, -3.919313907623291, 2.9182968139648438]",tensor(0.7818)
sad_f74ed599ad4a6f84c61db2221b0c5e64,00-02,Male,White,sad,5,1,"[1.403667688369751, 2.8796284198760986, -1.0940992832183838, -3.21846079826355, -3.0571041107177734, 2.6096014976501465, -3.1085472106933594]",tensor(0.4955)
neutral_50a4643ca0145c1475562cd654147963,20-29,Female,White,neutral,4,4,"[-1.7391170263290405, -5.03759241104126, -4.890260219573975, -1.362288475036621, 9.408987045288086, -2.4123921394348145, -1.8855772018432617]",tensor(0.9999)
fear_43bd9fc8f00ef0c3565543d795efeb4b,20-29,Male,White,fear,2,2,"[2.3839738368988037, -1.2111971378326416, 4.726844310760498, -1.8525551557540894, -6.414275646209717, -2.190164566040039, 1.062559962272644]",tensor(0.8875)
sad_1d2e5ee26fb6fed38de49b26924a1703,20-29,Male,White,sad,5,5,"[0.507648766040802, -3.9470701217651367, -2.5720324516296387, -5.398591041564941, 4.0472540855407715, 4.526959419250488, -2.4711227416992188]",tensor(0.6102)
happy_249fee55ed9fca90d4c6abb6c039cd71,30-39,Male,White,happy,3,4,"[2.206151247024536, -2.9648516178131104, -3.460120916366577, -1.9275554418563843, 5.119485378265381, -3.364382743835449, -1.6092891693115234]",tensor(0.9460)
happy_d9f47c3daff71393c19298ebba7316ac,20-29,Female,Indian,happy,3,3,"[-2.1041553020477295, -2.389667272567749, -3.054593563079834, 7.161344051361084, -1.5061492919921875, -1.3846248388290405, -2.353027820587158]",tensor(0.9994)
fear_11be4023c8d51222c0ad8c10239e8145,30-39,Female,White,fear,2,6,"[-0.011526358313858509, -0.8948062062263489, -0.6010155081748962, -2.092785358428955, -0.29679831862449646, -3.0447964668273926, 1.6581920385360718]",tensor(0.6474)
happy_16a462bb79e9cc8646368811d9d23005,30-39,Male,White,happy,3,3,"[-1.7497973442077637, -2.2175118923187256, -2.5672523975372314, 6.288786888122559, -1.9230742454528809, -2.6237659454345703, -1.1274830102920532]",tensor(0.9983)
angry_d1680f295582c1c0e4518a21a4e88b2a,50-59,Male,Middle Eastern,angry,0,5,"[1.172325849533081, 1.7415554523468018, 1.095666527748108, -6.097452640533447, -2.509068012237549, 5.511981964111328, -3.2851195335388184]",tensor(0.9536)
surprise_b1cb4af8966ad934e571d68f8013d121,20-29,Female,East Asian,surprise,6,4,"[-3.815659523010254, -5.841696739196777, -3.0409369468688965, -1.6723893880844116, 6.9510064125061035, -1.6220057010650635, 1.6845319271087646]",tensor(0.9944)
neutral_ff66d6429976aba1a93a839858cf6344,50-59,Male,White,neutral,4,4,"[-1.4934556484222412, -3.5600736141204834, -4.285741329193115, 1.6427890062332153, 6.437738418579102, -3.964651107788086, -1.773492455482483]",tensor(0.9911)
disgust_9112ce3f38f325da18b38e8b0f0285f3,20-29,Female,Black,disgust,1,4,"[-1.885483741760254, -3.910534620285034, -4.339166164398193, 0.9251064658164978, 5.8937201499938965, -0.2658724784851074, -2.2761051654815674]",tensor(0.9902)
surprise_70e36e736f9c5dc2124d1ca17ed27e5f,00-02,Male,White,surprise,6,4,"[-3.464851140975952, -4.646286964416504, -1.0776066780090332, -3.342806816101074, 4.453822612762451, 0.763394832611084, 1.9256398677825928]",tensor(0.9012)
neutral_76ec07cc97a2dba012aba857266a9923,50-59,Male,Latino_Hispanic,neutral,4,3,"[-2.6389269828796387, -3.1372270584106445, -2.8526902198791504, 1.7796911001205444, 1.5906115770339966, 0.9714088439941406, -0.21862298250198364]",tensor(0.4102)
surprise_aaf074b52b5e90c9cc3abac242e7a1f7,20-29,Male,White,surprise,6,6,"[-1.455152153968811, -5.404283046722412, -1.3754702806472778, -2.0155889987945557, 1.858414888381958, -4.22981595993042, 6.011472225189209]",tensor(0.9830)
sad_5daa6c05243ed6a298c68c7ba1a8655b,60-69,Male,White,sad,5,5,"[0.866553008556366, 0.811305820941925, -1.2513811588287354, -4.094470024108887, -0.09558269381523132, 2.616677761077881, -2.257539987564087]",tensor(0.6972)
fear_bd80935939bb442d5aa879d1b4e3e1b8,20-29,Male,White,fear,2,2,"[-1.4081571102142334, -3.1508638858795166, 5.093216896057129, -6.364047527313232, -0.03881347179412842, -1.160347819328308, 1.6642946004867554]",tensor(0.9597)
angry_a542963cc7ea6d5adc41ccd29527f573,30-39,Male,Middle Eastern,angry,0,4,"[2.01920223236084, -1.8209468126296997, -4.532817363739014, -1.3482087850570679, 3.3985812664031982, -0.44391360878944397, -3.451314687728882]",tensor(0.7760)
happy_0237d2451c9aea41a608f1827e288e48,03-09,Female,Black,happy,3,3,"[-2.865879774093628, -3.463160514831543, -2.24341082572937, 2.6218395233154297, 1.7172640562057495, 0.4403635561466217, -2.196333408355713]",tensor(0.6494)
surprise_e21c10e042e72c5c4223f1d91ef4a0b8,03-09,Female,Southeast Asian,surprise,6,4,"[-4.4706902503967285, -6.863273620605469, -0.7281650900840759, -2.880216360092163, 4.6551408767700195, -1.5387953519821167, 3.0812947750091553]",tensor(0.8234)
angry_b9c3f8f4aa51bf9d7c4ec04d424aedad,00-02,Male,East Asian,angry,0,4,"[1.2711389064788818, -1.1951462030410767, -5.135219097137451, -2.4764480590820312, 2.4067933559417725, -3.3584985733032227, 1.596926212310791]",tensor(0.5541)
happy_7042d1b72bbba5301240cc3dfb91cd8e,20-29,Female,White,happy,3,3,"[-2.5219781398773193, -2.389268398284912, -3.2288613319396973, 7.177285671234131, -2.1508946418762207, -2.9366421699523926, -0.6499006748199463]",tensor(0.9993)
disgust_c18f066696cd314cf8387f5b4736d0d8,30-39,Female,White,disgust,1,4,"[-0.15429341793060303, -1.6679855585098267, -0.4067906439304352, -4.191142559051514, 1.9407596588134766, -0.15809524059295654, 0.023565607145428658]",tensor(0.6590)
angry_937c7667dd94d0986b3ef53a051204d1,00-02,Male,White,angry,0,6,"[-0.9123690724372864, -4.891579627990723, -2.172706365585327, -2.0869076251983643, 0.11432018876075745, 1.3911778926849365, 2.6016178131103516]",tensor(0.6997)
angry_b76d8587f58cc2c076dca5455fd86457,30-39,Male,White,angry,0,4,"[2.5328166484832764, -3.35591721534729, -2.2362961769104004, -5.272032260894775, 3.839878797531128, -1.5591161251068115, 0.5786178708076477]",tensor(0.7595)
angry_45073dcb8b7f3ff35f2fcf9473369185,50-59,Female,Southeast Asian,angry,0,4,"[-0.053241413086652756, -2.541207790374756, -2.336031913757324, -2.5743894577026367, 4.9129486083984375, 0.2679938077926636, -2.6955389976501465]",tensor(0.9814)
happy_b32dabfb371264c8600f187cb4029210,20-29,Female,White,happy,3,3,"[-2.6229441165924072, -2.374399423599243, -3.2860615253448486, 8.026264190673828, -2.4458320140838623, -2.7499427795410156, -1.6513545513153076]",tensor(0.9998)
neutral_da965169afbcbe5c4816b2201f0acd41,20-29,Female,White,neutral,4,4,"[-1.7869023084640503, -5.797388076782227, -5.072366714477539, -0.3770299553871155, 8.841777801513672, 0.828166127204895, -3.076835870742798]",tensor(0.9995)
sad_e99aa2bc3ad75c1b0c4146b7b0818c97,20-29,Female,White,sad,5,3,"[-2.631060838699341, -1.2311310768127441, -2.497837543487549, 6.520244121551514, -2.1455891132354736, -2.7905688285827637, -0.9432395696640015]",tensor(0.9985)
surprise_3041fa033f5e7b9938713dce7f511028,20-29,Female,White,surprise,6,4,"[-5.896693229675293, -6.788658142089844, -2.927561044692993, -0.35462892055511475, 5.18599271774292, -2.346796989440918, 5.054566383361816]",tensor(0.5315)
sad_c1bc7b0e200057e14332eab028252dde,03-09,Female,White,sad,5,5,"[0.02859293296933174, -3.727851390838623, -1.57419753074646, -3.946749210357666, 2.450145959854126, 5.139463424682617, -2.2566773891448975]",tensor(0.9293)
disgust_a00ccd15c34ca749965160b9deaa8925,20-29,Female,White,disgust,1,3,"[-0.4044111967086792, 0.8605986833572388, -3.3542375564575195, 1.7904986143112183, -0.4536168575286865, -3.051551103591919, 0.39644235372543335]",tensor(0.5337)
happy_657453ab07ea2ef2f96a4561633f8cb0,00-02,Male,White,happy,3,4,"[-0.6641929745674133, -4.277300834655762, -4.090569972991943, -0.909019947052002, 5.817319393157959, 0.3628493547439575, -1.2838263511657715]",tensor(0.9921)
disgust_fdc110c691f582eaae5f84e9ccd3def5,50-59,Male,White,disgust,1,5,"[1.3021565675735474, -0.9385193586349487, -0.2397450953722, -5.04163122177124, 0.31132182478904724, 2.976717472076416, -1.4036070108413696]",tensor(0.7520)
disgust_c0eb79b0e5b92808f2e0499b10ca446f,40-49,Male,White,disgust,1,1,"[2.8191349506378174, 3.3991129398345947, -2.583113193511963, -2.942673921585083, -1.5759645700454712, 1.3620880842208862, -3.925811767578125]",tensor(0.5875)
neutral_628a33eb59a6fa2b0ee37cacb8e21603,40-49,Male,Middle Eastern,neutral,4,4,"[-1.575731635093689, -4.332676410675049, -0.4907209575176239, -2.2898290157318115, 2.0890560150146484, 1.2500518560409546, -3.8039751052856445]",tensor(0.6450)
neutral_2d27e3c046f5ba25bc53edf662e34cb6,60-69,Male,White,neutral,4,4,"[0.5731797218322754, -3.558443069458008, -2.114177703857422, -1.6754333972930908, 5.636769771575928, -1.4684739112854004, -3.3388218879699707]",tensor(0.9916)
surprise_2e7fd842d238597e30846f5a5d3103e4,30-39,Female,Middle Eastern,surprise,6,3,"[-3.4215543270111084, -1.9121984243392944, 0.44045311212539673, 1.9340969324111938, -0.6451102495193481, -2.3279027938842773, 1.505906343460083]",tensor(0.5019)
sad_21cb463af72d2a4670cdfeb68b2fe3b1,03-09,Female,East Asian,sad,5,4,"[-3.167468309402466, -5.444461822509766, -2.901484489440918, -0.48319947719573975, 4.809587001800537, -2.053008794784546, 2.7697811126708984]",tensor(0.8795)
sad_46afea4851004b76ff76ee463796d968,30-39,Female,White,sad,5,5,"[-2.2682743072509766, -2.555152654647827, 0.061986178159713745, -4.608574390411377, 1.6025004386901855, 3.399742603302002, -2.0442757606506348]",tensor(0.8251)
surprise_dd3748775b050342803eac1b3e5d33cc,20-29,Female,White,surprise,6,4,"[-4.69346284866333, -5.930168151855469, -3.87469220161438, 1.8097549676895142, 6.216390132904053, -0.08460795134305954, 0.44712916016578674]",tensor(0.9831)
surprise_75acae61136395a79d7df42dba1c6e73,20-29,Female,White,surprise,6,6,"[-2.712522506713867, -4.793120384216309, 0.45361098647117615, 1.3160868883132935, -5.849537372589111, -6.4150519371032715, 10.525398254394531]",tensor(0.9999)
angry_ab9defcba12bc2a6462222e4ef7b0ec3,30-39,Male,Latino_Hispanic,angry,0,5,"[0.7034376263618469, -1.1581358909606934, -1.746163249015808, -3.103358268737793, -0.8690947890281677, 6.328293800354004, -4.4188008308410645]",tensor(0.9947)
angry_fbe2fdf0a28e4f3c53a6c6e0159f87c2,40-49,Male,East Asian,angry,0,5,"[-3.810692071914673, -4.748435020446777, -1.590872049331665, -0.5434408783912659, 0.31351232528686523, 2.865582227706909, 0.7698267698287964]",tensor(0.8017)
angry_77102531562581971134befe247d573d,20-29,Female,White,angry,0,4,"[-3.509075880050659, -5.006031036376953, -4.387625694274902, -0.49353644251823425, 8.439472198486328, -0.6001664400100708, -0.8153048157691956]",tensor(0.9996)
angry_9fe47fc88e22803498328d4f665b18b3,40-49,Male,Southeast Asian,angry,0,5,"[-3.2410194873809814, -1.8524634838104248, -0.6427910327911377, -3.6968393325805664, 2.617354154586792, 3.3255958557128906, -2.016829013824463]",tensor(0.6561)
angry_b452eb66f838bad981022596720cb085,50-59,Female,White,angry,0,1,"[0.6898059248924255, 2.675591468811035, 0.2643809914588928, -2.4431724548339844, -2.80414080619812, -3.250887393951416, 1.1057624816894531]",tensor(0.6907)
disgust_61936613935d4ac8c62dd2e2a262849c,30-39,Female,Latino_Hispanic,disgust,1,3,"[1.7448965311050415, 1.9296022653579712, -2.9513232707977295, 2.7547736167907715, -3.730703830718994, -2.6798534393310547, -3.5345265865325928]",tensor(0.5514)
angry_23db3a5ed9bc75cd2150ef70fdea50c0,40-49,Female,White,angry,0,4,"[-0.8605437874794006, -2.7506368160247803, -4.616479396820068, 0.1488429605960846, 5.361523151397705, -1.9747980833053589, -1.6417546272277832]",tensor(0.9907)
neutral_b8ef42f94ed39c6b57708b6f2a1fc89a,40-49,Female,White,neutral,4,4,"[-3.023853063583374, -5.662713050842285, -2.7586464881896973, -2.477778434753418, 7.3541646003723145, 1.8127681016921997, -2.113490581512451]",tensor(0.9959)
neutral_235fc5ae449ea72b3cb2b742ebdc1e69,50-59,Male,White,neutral,4,4,"[-0.5476391315460205, -1.806273102760315, -6.618534564971924, 1.666918396949768, 5.103126525878906, -0.8626611232757568, -4.250489234924316]",tensor(0.9621)
happy_9fb63e6b8def575bd486d179926bddcd,20-29,Female,White,happy,3,3,"[-2.5348362922668457, -2.2306132316589355, -2.765810966491699, 7.104981422424316, -2.7203481197357178, -2.741251230239868, -0.626166045665741]",tensor(0.9992)
surprise_25cbd1b2381a909992054ae3feb9790c,20-29,Female,White,surprise,6,4,"[-1.3315049409866333, -2.788086175918579, -0.007210521958768368, -3.6067824363708496, 2.9561195373535156, 1.0569690465927124, 0.21983925998210907]",tensor(0.7785)
neutral_69a9cb14ea9e37ff19e71875a65e6122,20-29,Female,Middle Eastern,neutral,4,4,"[-2.1140663623809814, -4.08510160446167, -4.141036510467529, 0.5137108564376831, 6.124126434326172, -0.7178189754486084, -0.26445272564888]",tensor(0.9933)
fear_558238690600ded090e68563020fab8b,30-39,Male,White,fear,2,2,"[-2.4749200344085693, -0.9285460710525513, 5.367140293121338, -6.002792835235596, -2.26729416847229, 0.44249919056892395, 1.5610718727111816]",tensor(0.9688)
surprise_01c4aac06ba2505f57e78d02902f2f29,30-39,Male,Middle Eastern,surprise,6,2,"[-4.50482702255249, -3.3790972232818604, 6.796172142028809, -4.65733003616333, -2.269090175628662, 1.2473533153533936, 1.5014896392822266]",tensor(0.9910)
angry_2f050510806d81699ab7b3c06e9576b9,20-29,Female,White,angry,0,4,"[-3.351705551147461, -6.059052467346191, -2.497805118560791, -5.037535190582275, 8.398177146911621, 1.5093450546264648, -0.021976476535201073]",tensor(0.9987)
angry_a093a1f8b72cacb3e019657274ee2e5c,50-59,Male,White,angry,0,4,"[-0.41602763533592224, -4.070220947265625, -2.2712512016296387, -5.377388000488281, 4.86956262588501, 4.275087356567383, -2.426616907119751]",tensor(0.6416)
sad_a3eed3381e4e2517e25bf1f60a76214e,20-29,Female,White,sad,5,4,"[-2.5523364543914795, -3.0870091915130615, -2.3121039867401123, -3.0559606552124023, 3.3136041164398193, -0.5594255924224854, 3.0771708488464355]",tensor(0.5494)
angry_591a6b9fe25c1f50b9f84b588ef2ce0a,20-29,Male,Black,angry,0,5,"[0.01628713682293892, -3.184812068939209, -0.17216113209724426, -6.18387508392334, 2.0717108249664307, 4.498258590698242, -1.2932274341583252]",tensor(0.8988)
neutral_5fc82ddf78721120187169db24d61599,10-19,Female,Latino_Hispanic,neutral,4,5,"[-0.9159682393074036, -3.3428213596343994, -2.1427013874053955, -2.8685104846954346, 2.420264959335327, 4.345743656158447, -1.274398922920227]",tensor(0.8641)
sad_e72522e8d8508ac469626b47594876b8,70+,Male,Latino_Hispanic,sad,5,5,"[-2.076143980026245, -3.4579193592071533, 0.8284724950790405, -7.092792510986328, 2.2158970832824707, 7.22075080871582, -2.3722314834594727]",tensor(0.9915)
fear_1dc4e5919f6e712fcc5db94988eb5d40,20-29,Female,Black,fear,2,5,"[-2.4201862812042236, -1.2851332426071167, 1.9338998794555664, -4.706872463226318, -0.23137536644935608, 5.9468302726745605, -3.1339802742004395]",tensor(0.9792)
fear_99fa43788897875d91b20b91c951fe0d,20-29,Male,White,fear,2,2,"[-1.053102970123291, -0.557716965675354, 4.020410060882568, -2.9731497764587402, -3.1833817958831787, -0.9608944654464722, 1.9832608699798584]",tensor(0.8655)
angry_04bd3a1ac9d64eb8ffd2dccc35f78dc3,30-39,Male,White,angry,0,4,"[2.368745803833008, -4.496002674102783, -1.3969347476959229, -5.548920631408691, 3.5057990550994873, 0.9902877807617188, 0.1594741940498352]",tensor(0.6922)
sad_6693384fb02a17ebf8c943082b9b3473,30-39,Male,White,sad,5,4,"[-1.9836535453796387, -5.098117828369141, -4.319324493408203, -0.0905430018901825, 6.719787120819092, 2.9790873527526855, -3.7940335273742676]",tensor(0.9756)
disgust_e78d17c569e4ade021755b19b81dba99,00-02,Male,White,disgust,1,4,"[-2.6936399936676025, -1.7900680303573608, -2.126032829284668, -1.701992154121399, 2.7980215549468994, -0.3687187135219574, 1.0159105062484741]",tensor(0.8044)
happy_b15edcf603f08dd1d96e59ba7e95ad54,20-29,Female,White,happy,3,3,"[2.349255084991455, 0.5919325947761536, -4.0655059814453125, 2.426701545715332, -0.5464263558387756, -3.2916371822357178, -3.056074619293213]",tensor(0.4662)
disgust_e533ac526e50c1e0a74fa61ba51b31da,50-59,Male,White,disgust,1,4,"[1.5304707288742065, -0.3088814616203308, -4.420428276062012, 0.9736613035202026, 3.732208013534546, -2.2634453773498535, -4.631074905395508]",tensor(0.8371)
happy_d8f0d35069f80fbc791e6859ef0b7189,30-39,Female,White,happy,3,3,"[-2.122737169265747, -1.699255347251892, -3.0722246170043945, 5.8636794090271, -0.8706669807434082, -1.9509186744689941, -2.494579792022705]",tensor(0.9972)
neutral_efd435f04f359a67cab6854c1b8064f9,20-29,Female,East Asian,neutral,4,4,"[-4.642787456512451, -5.802051067352295, -5.535199165344238, 0.8802386522293091, 9.013932228088379, -1.7379767894744873, -1.3444510698318481]",tensor(0.9997)
sad_b9e8d9bb81f372cbdda51676caaef120,40-49,Male,White,sad,5,5,"[-1.9035240411758423, 0.8519784808158875, -0.4952080547809601, -2.3151566982269287, -3.6025352478027344, 8.876166343688965, -4.194009304046631]",tensor(0.9995)
fear_0be3a8003d2eed7c07e3b8995779acf1,20-29,Female,White,fear,2,2,"[-1.203803539276123, -1.6908340454101562, 7.34939432144165, -4.479435920715332, -3.914508581161499, -2.104802131652832, 1.4551377296447754]",tensor(0.9968)
surprise_889b1abc78b35da8eaa54dd08bf243d5,03-09,Male,White,surprise,6,6,"[-3.3882734775543213, -2.9857280254364014, -0.9251949191093445, -1.5650683641433716, 2.2972776889801025, -3.3034582138061523, 4.068355083465576]",tensor(0.8456)
neutral_8a434d54f08da05db0a95d41c8ecf0fb,20-29,Male,White,neutral,4,4,"[-2.8321433067321777, -3.2182726860046387, -2.391045570373535, 0.7807654738426208, 3.2869088649749756, -0.1320326030254364, -0.30118709802627563]",tensor(0.8702)
disgust_bae57b0bd4c3578483481045aef74bd7,40-49,Male,Indian,disgust,1,3,"[-0.786206066608429, -0.7172592282295227, -2.7595601081848145, 2.323000431060791, -1.7870283126831055, -0.764123797416687, -1.160752773284912]",tensor(0.8394)
fear_aa8b1706522ef7d6abd1e64f80ad6838,03-09,Female,White,fear,2,6,"[-3.325423002243042, -3.244499444961548, 2.2802114486694336, 0.1351829469203949, -3.2232470512390137, -4.456508159637451, 6.175343036651611]",tensor(0.9775)
angry_7c4af3330b1e1cea806ff96d3593fa68,50-59,Male,White,angry,0,4,"[1.440119743347168, -4.23524284362793, -5.412290096282959, -1.5910446643829346, 7.464447498321533, -0.007411643862724304, -4.503713130950928]",tensor(0.9969)
surprise_94d033bc1c53594befc2e9bcd5d4d76f,40-49,Male,Middle Eastern,surprise,6,4,"[-0.6749807596206665, -0.6890211701393127, -1.1905627250671387, -2.783980131149292, 2.0024163722991943, -1.7153868675231934, 1.4991517066955566]",tensor(0.5510)
angry_41393992c64132ca70cda31ef53cf5e9,40-49,Male,White,angry,0,4,"[2.697009801864624, -2.737330198287964, -4.318390369415283, -2.7683238983154297, 4.704122066497803, 1.421990156173706, -4.421324253082275]",tensor(0.8523)
surprise_9a946510c89763601a2840b7e67542aa,20-29,Female,White,surprise,6,4,"[1.0402687788009644, -2.612528085708618, -1.4883021116256714, -2.781797170639038, 2.9050588607788086, -1.9162421226501465, 0.6777594685554504]",tensor(0.7749)
angry_23b8289b154cbb3ff87f5f7d27112264,20-29,Female,Latino_Hispanic,angry,0,4,"[-1.8613450527191162, -4.8241376876831055, -5.710103511810303, -0.20274776220321655, 7.13430643081665, 0.07653120160102844, -2.703916072845459]",tensor(0.9983)
sad_0bd08e8e03ab5d93609b5823546f9eba,00-02,Male,White,sad,5,5,"[-2.964838743209839, -2.8114402294158936, -0.8193392753601074, 0.6178768277168274, -3.3183915615081787, 6.6128764152526855, -1.2983067035675049]",tensor(0.9964)
surprise_c30385f52101436ed1dd1b32e1a5b834,30-39,Female,White,surprise,6,4,"[-4.61832857131958, -5.172543048858643, -4.878702640533447, 2.1801323890686035, 5.5813093185424805, -6.06478214263916, 4.362154483795166]",tensor(0.7525)
sad_8f0493afbdffcb9e33b864f76d418938,60-69,Male,White,sad,5,5,"[-0.10320179164409637, 0.9512575268745422, -1.2531232833862305, -2.9766552448272705, 0.5736280083656311, 2.6966145038604736, -2.895925521850586]",tensor(0.7239)
disgust_f59f02a20675e256bea2e89c492b7f22,20-29,Male,White,disgust,1,1,"[1.6858428716659546, 5.353811740875244, -0.786556601524353, -3.582414150238037, -2.1246578693389893, -1.950524926185608, -0.05767621472477913]",tensor(0.9676)
neutral_c8e1f7ba235a587c7b76cad742de7153,20-29,Female,White,neutral,4,4,"[-4.050151348114014, -5.261524200439453, -3.50846791267395, -1.9033169746398926, 7.241942882537842, -0.25560951232910156, 1.4816861152648926]",tensor(0.9962)
sad_091cefbaa0353517889bcc3b3a2bd186,30-39,Male,Indian,sad,5,4,"[-0.3760961592197418, -3.1270954608917236, -2.805232524871826, -3.0087080001831055, 4.229294300079346, 3.1533713340759277, -2.9167981147766113]",tensor(0.7385)
fear_b1a40b725606bde7c45f541a459b242d,20-29,Female,White,fear,2,2,"[1.8100874423980713, -1.6771279573440552, 5.420227527618408, -0.9681293368339539, -6.259896755218506, -1.2176154851913452, -1.4402612447738647]",tensor(0.9691)
angry_b81bc493c6b0dde915748044266dc1d4,20-29,Male,White,angry,0,4,"[-2.6359832286834717, -4.062915802001953, 0.9544423818588257, -3.6259372234344482, 3.4655182361602783, -2.2055156230926514, 1.814216136932373]",tensor(0.7812)
happy_731a4d1b850c4a543f175d4f8b05ffc9,20-29,Female,White,happy,3,3,"[-1.510664701461792, -1.7987486124038696, -2.7433478832244873, 5.520164966583252, -1.4237337112426758, -1.6559114456176758, -1.7652338743209839]",tensor(0.9958)
surprise_9a69dfb8fc4107af0baf7717cf9cf972,20-29,Female,White,surprise,6,6,"[-3.458752393722534, -4.142116069793701, 1.5888464450836182, -1.7321230173110962, 0.28231081366539, -1.5488694906234741, 3.402674913406372]",tensor(0.8185)
angry_4b63dcb00b8ccd2411284198b4236209,40-49,Male,White,angry,0,2,"[5.27460241317749, -0.15455539524555206, 6.69133186340332, -5.292202472686768, -6.74026346206665, -6.110464572906494, 2.1073696613311768]",tensor(0.7976)
surprise_619e31372e0053f9ff1c826bdf9bc8d4,20-29,Female,White,surprise,6,6,"[-0.40524086356163025, 0.2082357406616211, -0.6899909973144531, -4.293320655822754, 2.4382741451263428, -4.379418849945068, 2.544689655303955]",tensor(0.4786)
disgust_fd05db4311f2d83bfd352397036d2b6d,20-29,Female,East Asian,disgust,1,6,"[-2.9020817279815674, -0.9995390772819519, -2.861006736755371, 2.6321349143981934, -1.6518683433532715, -3.0629029273986816, 3.3764007091522217]",tensor(0.6668)
sad_f86a5cd9bf1f3032075ed0af6795b93f,20-29,Female,East Asian,sad,5,5,"[-0.569460928440094, -2.0273072719573975, -1.237274169921875, -5.003909587860107, 1.843292474746704, 3.4356443881988525, -1.510995626449585]",tensor(0.8048)
surprise_8233ef5d9c43aed666546e5f998b72b7,00-02,Male,White,surprise,6,2,"[-1.0658295154571533, -1.2898398637771606, 3.8685948848724365, -2.867483139038086, -1.4016367197036743, -1.9323986768722534, 0.6893888115882874]",tensor(0.9399)
angry_56a910bde8e30a148e929f49c7b1b642,50-59,Male,White,angry,0,0,"[7.870459079742432, 0.5081549286842346, -4.51810359954834, -3.5860531330108643, 0.9186571836471558, -0.42898187041282654, -4.4733500480651855]",tensor(0.9981)
sad_179007584cdb26ccec1e3a544634d76d,20-29,Female,Latino_Hispanic,sad,5,5,"[-2.7099416255950928, -5.182955741882324, -3.3781750202178955, -1.8438316583633423, 4.827774524688721, 6.619024276733398, -3.6906578540802]",tensor(0.8568)
angry_4750d7110c734ca8dfb96551a11c32bf,30-39,Female,Middle Eastern,angry,0,4,"[3.26603627204895, -1.588436484336853, -7.660157680511475, 0.3335267901420593, 5.366405963897705, -1.460326075553894, -5.582820415496826]",tensor(0.8842)
happy_fdee264742d4ca598d1c545f1a46b4ce,20-29,Male,East Asian,happy,3,3,"[-3.289123773574829, -3.722978115081787, -3.4940786361694336, 7.354575157165527, -1.1039137840270996, -4.828075885772705, 1.5300052165985107]",tensor(0.9968)
disgust_707f0d6d6dae9b1e11ee257ea220c1ea,60-69,Male,White,disgust,1,1,"[0.7159826755523682, 1.9142078161239624, -0.5003083348274231, -4.594408988952637, -0.5927807092666626, 0.8219199180603027, -0.6652651429176331]",tensor(0.5304)
fear_a150e8acb4b8baeb4ea3c19f26ca3de9,03-09,Female,Latino_Hispanic,fear,2,2,"[-0.5397219061851501, -0.7819682955741882, 3.659891128540039, -2.6859920024871826, -4.738463401794434, -1.6609487533569336, 3.424297571182251]",tensor(0.5483)
fear_8b86327536abf11df0ce384d0019ea36,30-39,Female,White,fear,2,2,"[1.2094182968139648, -1.738900065422058, 5.532766819000244, -3.323371410369873, -4.857223033905029, -3.3119263648986816, 3.0201821327209473]",tensor(0.9130)
fear_fd20665e731a2e9a737dd22766af54b1,20-29,Female,White,fear,2,4,"[-2.7730765342712402, -5.366329193115234, -0.3417167663574219, -2.678715229034424, 6.10565185546875, 0.7830051183700562, -1.6884143352508545]",tensor(0.9929)
neutral_e8956cbbf98af6b88d95a2d6157d8f95,20-29,Male,White,neutral,4,4,"[-2.0101230144500732, -4.662583351135254, -4.3524580001831055, 2.9702112674713135, 4.509373188018799, -0.8455599546432495, -1.6822375059127808]",tensor(0.8176)
happy_6b3f958a8456af9090758f1ca27120b9,20-29,Male,White,happy,3,3,"[-2.3140265941619873, -2.2180142402648926, -2.972520112991333, 6.8712239265441895, -0.8593364953994751, -1.8779038190841675, -2.1101927757263184]",tensor(0.9990)
angry_51f9e9b6a79effb378d49a7c7562e18b,40-49,Female,White,angry,0,0,"[4.704543590545654, -0.5748239755630493, -4.208742618560791, -3.9424171447753906, 3.7608726024627686, -4.069370746612549, -1.2397369146347046]",tensor(0.7156)
angry_b78dbf38609acd40efb40e8f0e7d5c2a,40-49,Male,White,angry,0,4,"[-1.827639102935791, -5.697507858276367, -5.005361557006836, 1.7858279943466187, 9.466912269592285, -1.3251551389694214, -5.622190952301025]",tensor(0.9995)
sad_69300b0caff090e810a7fe2cdc93b7dc,30-39,Female,Middle Eastern,sad,5,4,"[-1.311093807220459, -4.336123466491699, -4.532745838165283, -2.278550624847412, 5.945764541625977, 2.544109344482422, -3.2966630458831787]",tensor(0.9667)
neutral_e24a6d989164e235bb521b6056826c85,20-29,Female,Indian,neutral,4,5,"[-1.7589232921600342, -3.862485408782959, -2.4228920936584473, -1.271604061126709, 3.87444806098938, 4.814059257507324, -3.6244006156921387]",tensor(0.7166)
neutral_e0e023698bc0b64c15ce47e39fc442b9,03-09,Female,White,neutral,4,4,"[-2.709577798843384, -4.706831455230713, -1.2363150119781494, -1.4348087310791016, 2.8215320110321045, 0.15772467851638794, 1.6078777313232422]",tensor(0.7129)
angry_d16aceeae879ff887d8628c393fc6e61,60-69,Male,Middle Eastern,angry,0,3,"[-0.41302719712257385, -2.2972891330718994, -3.145690679550171, 4.036975860595703, 0.09323230385780334, -0.6436488628387451, -3.654397487640381]",tensor(0.9585)
sad_0f0b029a2303111063c3e01830388978,30-39,Male,White,sad,5,5,"[-0.6089070439338684, -2.3664982318878174, -2.1070613861083984, -5.584327220916748, 1.2454122304916382, 8.642084121704102, -2.2607693672180176]",tensor(0.9992)
angry_7819233c6240b14bc2c7986b2dbc9123,40-49,Male,Black,angry,0,4,"[-1.6698724031448364, -4.9675703048706055, -2.341984987258911, -1.1538058519363403, 7.464106559753418, -2.11576247215271, -1.5763745307922363]",tensor(0.9995)
fear_898beb7df01c99ea347618df3a1fa211,30-39,Male,White,fear,2,2,"[0.13756196200847626, -2.46423602104187, 2.8367207050323486, -6.916015625, 0.15505144000053406, -0.7765415906906128, 2.649013042449951]",tensor(0.5009)
sad_a50d4668577f8b1a41b31a135dfb2fc1,30-39,Female,White,sad,5,5,"[-4.96921968460083, -3.9941155910491943, -1.3934872150421143, -0.6976684331893921, 2.800962209701538, 5.783748149871826, -2.5183396339416504]",tensor(0.9494)
angry_9f6dba9ed9cea948a07a2849359b41f0,50-59,Male,White,angry,0,0,"[2.8350751399993896, 2.637974262237549, -1.449711799621582, -3.957756519317627, -1.9125332832336426, 1.3936747312545776, -1.5726560354232788]",tensor(0.4777)
sad_f572e0691b4ba91e9c23e93167213bc4,60-69,Male,White,sad,5,5,"[-0.11056612432003021, -1.141233205795288, 2.461082696914673, -5.212871074676514, -0.27353760600090027, 2.777120590209961, -2.3860831260681152]",tensor(0.5382)
disgust_e4894ff74eddf1c2fe7fd178b392af43,20-29,Male,White,disgust,1,4,"[0.37173694372177124, -1.3748060464859009, -2.9778549671173096, -2.6931891441345215, 3.527721405029297, -1.2882838249206543, -0.5537891387939453]",tensor(0.9272)
sad_ceb495a267904304ac979f2affcfb5fe,60-69,Male,Middle Eastern,sad,5,5,"[-1.985438585281372, -2.437368631362915, 0.7316375374794006, -5.601744651794434, -0.5078995227813721, 4.540278434753418, 1.9389235973358154]",tensor(0.9048)
fear_d06aeb6a543539535711590b45dae5be,10-19,Female,Latino_Hispanic,fear,2,4,"[-4.080872535705566, -5.076164722442627, -3.5860209465026855, -0.4807012975215912, 5.309147357940674, -1.1178523302078247, 2.952570915222168]",tensor(0.9094)
surprise_756ae623330d4192e291688383294a8b,30-39,Female,Latino_Hispanic,surprise,6,3,"[-3.4939286708831787, -3.49489426612854, -2.79551100730896, 3.679511308670044, 1.671541690826416, -1.9117541313171387, 1.156077265739441]",tensor(0.8188)
surprise_b1a680dc323f6372f7a01a7417ac7f1a,30-39,Male,White,surprise,6,6,"[-2.0652856826782227, -4.335500717163086, -0.2403886318206787, -1.0436936616897583, 2.0788333415985107, -2.530902147293091, 3.002835512161255]",tensor(0.6829)
sad_2d0af065eaca131ccf84c7fb982c314c,50-59,Male,White,sad,5,5,"[-1.7062273025512695, 2.4711554050445557, 0.5574216842651367, -3.5129215717315674, -4.325481414794922, 6.622828006744385, -3.4198570251464844]",tensor(0.9819)
angry_dc456034ca3d7a75c8a4806bbfa1ac87,40-49,Male,Black,angry,0,0,"[3.7348015308380127, 1.0737953186035156, -1.9449431896209717, -0.06060027703642845, -1.5801013708114624, -2.896392822265625, -3.47707462310791]",tensor(0.9068)
neutral_518159a672009e26ff099fc5ed198124,20-29,Male,White,neutral,4,5,"[1.3977255821228027, -2.296574354171753, -2.92195463180542, -2.6605591773986816, 2.1705195903778076, 3.938338041305542, -3.5552735328674316]",tensor(0.7972)
happy_a04978c8c4db6d1f92cb130f2223cf8d,03-09,Female,White,happy,3,3,"[-2.9248127937316895, -2.228060483932495, -3.497560977935791, 7.888720512390137, -2.4677774906158447, -3.3377013206481934, -0.6267340779304504]",tensor(0.9997)
fear_e7ab83288fa207eff282d0a2637b567d,20-29,Male,White,fear,2,2,"[2.34161639213562, -0.9973253607749939, 4.317830562591553, -4.355802536010742, -3.2957711219787598, -2.1369099617004395, -0.11903288215398788]",tensor(0.8639)
happy_469b981ed64a3b66e5df81324cf444eb,20-29,Female,East Asian,happy,3,3,"[-3.161846876144409, -2.5616228580474854, -4.2150559425354, 8.37833023071289, -0.7671294212341309, -1.7405295372009277, -3.6066112518310547]",tensor(0.9998)
happy_5e74eec82e5444ca521d36238b88ad69,20-29,Female,East Asian,happy,3,3,"[-3.591334342956543, -2.4767065048217773, -3.8808884620666504, 6.001601696014404, 0.8166953921318054, -4.5610456466674805, 0.22567224502563477]",tensor(0.9910)
happy_4d6a173ec46f0ad18c8236cfd23a9525,20-29,Male,White,happy,3,3,"[-2.0336310863494873, -2.0432636737823486, -2.2396390438079834, 5.704156398773193, -1.6426275968551636, -1.913103461265564, -1.4072235822677612]",tensor(0.9968)
disgust_fcfbb65f7b87e21941f56e4ae2251d5f,20-29,Female,White,disgust,1,4,"[-1.9176812171936035, -0.253336101770401, -3.0965988636016846, -0.30483418703079224, 3.6485135555267334, -2.003011703491211, -2.0224227905273438]",tensor(0.9512)
surprise_cd86e96c617b6b73f0813269e653584e,50-59,Male,White,surprise,6,5,"[-0.5704790949821472, 0.7376284003257751, -0.6554648876190186, -3.9311180114746094, 0.6874558329582214, 1.5348933935165405, 0.2533939480781555]",tensor(0.4176)
disgust_7014ea2b34008abc9eccb403b25af30f,60-69,Male,Black,disgust,1,0,"[2.8809280395507812, -0.6979551315307617, 0.2652956545352936, -4.592845439910889, 0.24957609176635742, 2.19293212890625, -3.7102885246276855]",tensor(0.5961)
disgust_ccbb6859678ad271a570fa0a6f083bd7,20-29,Female,East Asian,disgust,1,5,"[-0.9526390433311462, -3.6073830127716064, -1.4813859462738037, -4.033008575439453, 1.4185340404510498, 4.6144537925720215, -0.352276086807251]",tensor(0.9484)
surprise_948d9a23c56b444479c88720cdbc7e22,20-29,Female,White,surprise,6,3,"[-2.584399461746216, -1.98869788646698, -2.773911952972412, 5.663261890411377, -2.1870267391204834, -4.854104518890381, 2.002612829208374]",tensor(0.9736)
fear_b63f8b64aa9845bdba09e931fcb04771,70+,Female,Middle Eastern,fear,2,4,"[-1.7510249614715576, -4.263105392456055, -2.404456615447998, -2.0745158195495605, 6.15814733505249, -0.9589246511459351, -0.31712955236434937]",tensor(0.9968)
sad_959db3fa3d3109abd160000e392aeeb4,03-09,Female,White,sad,5,3,"[-0.08028154075145721, -1.1865876913070679, -2.2479798793792725, 2.7704861164093018, -2.533184289932251, 0.16695725917816162, -2.976656436920166]",tensor(0.8578)
surprise_f0dd53dd05c1d2d595681c9f79d89bf7,40-49,Female,White,surprise,6,6,"[-3.222210645675659, -3.8146111965179443, -0.22225753962993622, -1.5756034851074219, 1.5791388750076294, -1.3285584449768066, 3.383840322494507]",tensor(0.8266)
happy_d32379b4c01e80d4b559b5b8a21aa19b,20-29,Female,White,happy,3,3,"[-1.8977086544036865, -1.5181113481521606, -2.5067877769470215, 5.471289157867432, -1.6195157766342163, -1.8534668684005737, -1.143632411956787]",tensor(0.9953)
sad_a8bd01268eea0581096816086dee982b,00-02,Male,Latino_Hispanic,sad,5,5,"[-3.098074436187744, -2.237757444381714, -0.04754800349473953, -1.9616886377334595, -2.7295007705688477, 9.921849250793457, -3.7739381790161133]",tensor(0.9999)
happy_a87f50a888b703a75930eda64707d4cf,10-19,Male,White,happy,3,3,"[-3.1767122745513916, -2.1954398155212402, -1.7024140357971191, 3.051856517791748, 0.18107005953788757, 0.7516634464263916, -1.267745018005371]",tensor(0.8431)
sad_7108afa6b241b746f3d1ffadce150347,50-59,Male,East Asian,sad,5,5,"[-1.7395036220550537, 1.2133604288101196, -3.8158912658691406, -0.9753893613815308, 0.6595524549484253, 3.082310914993286, -3.996898651123047]",tensor(0.7873)
neutral_8dc1949ca3049d4853308804deae6874,20-29,Female,White,neutral,4,4,"[-2.1944894790649414, -3.446848154067993, 0.1464785933494568, -1.8746718168258667, 1.152679204940796, 0.26946866512298584, 0.22535410523414612]",tensor(0.4408)
sad_a13c5969908001baf75eb40ecb735175,50-59,Male,White,sad,5,5,"[0.8402161002159119, -0.6969955563545227, -0.4173140525817871, -5.610983371734619, -0.16442720592021942, 5.210168361663818, -1.2001582384109497]",tensor(0.9754)
neutral_eca7618f3e9bbd6183e6bf1668162827,20-29,Female,White,neutral,4,3,"[-3.5865185260772705, -4.005715370178223, -1.4224997758865356, 3.4813315868377686, -1.5685316324234009, 1.3801320791244507, -1.0760657787322998]",tensor(0.8711)
fear_e7bf5e8a4ab43df2e4adfefbb5df0709,20-29,Male,White,fear,2,5,"[-3.5613973140716553, -3.6427180767059326, 2.289515733718872, -3.1719460487365723, -1.2058682441711426, 3.621365547180176, 1.3866336345672607]",tensor(0.7238)
neutral_78102aa5fe05124f5f29e9884681565e,30-39,Female,Middle Eastern,neutral,4,4,"[0.5219363570213318, -2.367558240890503, -2.9384372234344482, -2.200760841369629, 2.854212999343872, 2.0688235759735107, -1.623555302619934]",tensor(0.6332)
happy_69d122b7ecd2246c47004c998d197516,50-59,Male,East Asian,happy,3,3,"[-3.318190336227417, -2.1308014392852783, -3.7706949710845947, 8.639739036560059, -2.65071177482605, -3.630352020263672, -0.861638069152832]",tensor(0.9999)
disgust_48a29d6ba844efc08502c2ffca696b62,20-29,Female,East Asian,disgust,1,4,"[1.5490158796310425, 0.3562324345111847, -1.5300712585449219, -4.314744472503662, 1.7270209789276123, -0.38546445965766907, -2.080775499343872]",tensor(0.4396)
sad_3e246793e061cd77580c2356eaf3e67d,20-29,Female,White,sad,5,4,"[-2.697303533554077, -3.780198335647583, -4.407326698303223, 3.756629705429077, 5.7410502433776855, -1.2871345281600952, -2.6056857109069824]",tensor(0.8780)
happy_05dfa749f01c7698e114d2ee14b54459,20-29,Female,White,happy,3,4,"[-2.836965322494507, -4.289114952087402, -4.545194625854492, 4.009921550750732, 6.25449800491333, -1.9801912307739258, -3.0960302352905273]",tensor(0.9038)
disgust_4c1939d0511a31be15494ba1608f391a,30-39,Female,White,disgust,1,4,"[-1.810509443283081, -0.8650930523872375, -3.611813545227051, -0.2845291495323181, 3.872396945953369, -1.0334137678146362, -1.4941953420639038]",tensor(0.9611)
happy_ee875c00db23b1c010f80bdcb795db3e,30-39,Female,White,happy,3,3,"[-1.7312655448913574, -0.6211168169975281, -2.8521804809570312, 5.458547115325928, -1.7201290130615234, -1.9993101358413696, -2.5378599166870117]",tensor(0.9951)
neutral_6445ada73e8ee4e4c7d891d9c69497d2,30-39,Male,White,neutral,4,4,"[-1.643886923789978, -5.008722305297852, -4.12212610244751, 1.6517530679702759, 7.996122360229492, -1.8343232870101929, -3.581688404083252]",tensor(0.9981)
disgust_875e63a77160b691166ffd686932aafa,50-59,Male,Latino_Hispanic,disgust,1,4,"[-2.6980621814727783, -3.6683387756347656, -3.0232138633728027, 0.46016138792037964, 4.879422187805176, -1.6043058633804321, -0.4941626191139221]",tensor(0.9811)
happy_3867a1ef3ffdce41ad1f53616af914b8,30-39,Female,White,happy,3,3,"[-1.9647444486618042, -2.048912763595581, -2.9163129329681396, 6.5655035972595215, -1.9392592906951904, -1.911627173423767, -1.6375707387924194]",tensor(0.9989)
fear_7cf427987f0293ff17a8ecc9cf35136d,00-02,Female,Latino_Hispanic,fear,2,2,"[0.9922611117362976, 0.3314827084541321, 3.3872103691101074, -6.361323833465576, -3.315518617630005, 2.005932092666626, -1.3575681447982788]",tensor(0.7145)
fear_a121e5b72e50643e34c23f827d009c5e,20-29,Female,White,fear,2,5,"[-2.080843687057495, 0.05171691253781319, 1.4195950031280518, -2.7692794799804688, -3.0123507976531982, 5.424335956573486, -2.4567713737487793]",tensor(0.9763)
angry_dc25101599a62c2c15fc840b8bdbd16f,40-49,Male,Black,angry,0,0,"[2.814286231994629, -0.8775034546852112, -3.43001127243042, 0.4707229733467102, 1.6110897064208984, -1.8161786794662476, -3.6109893321990967]",tensor(0.6971)
fear_cb5620f791e2e83ea42d0b2a5d2f3da5,60-69,Male,White,fear,2,6,"[-1.9425126314163208, -1.212685227394104, -2.7298638820648193, -2.2995901107788086, 2.7617180347442627, -3.8840606212615967, 3.3818728923797607]",tensor(0.6414)
neutral_a386fa81ecd0d48ba66f60115af1dfcc,20-29,Female,White,neutral,4,4,"[-2.0701816082000732, -3.3018176555633545, -3.347987651824951, -1.4805933237075806, 6.562671184539795, -1.1759854555130005, -0.3987227976322174]",tensor(0.9980)
angry_108a23fbcc3ae8c120fe750dab2ebc20,40-49,Male,White,angry,0,0,"[4.753995895385742, -1.052625298500061, -3.7439944744110107, -3.9689507484436035, 1.4840505123138428, 4.021465301513672, -5.416360378265381]",tensor(0.6570)
fear_f084757dd52ed1e07429d32d6df2eba3,20-29,Female,White,fear,2,4,"[-2.3201189041137695, -3.7978031635284424, -2.8243460655212402, 1.6271034479141235, 5.365583419799805, -0.5452649593353271, -1.6368281841278076]",tensor(0.9725)
disgust_9e76591265bc5babfbd4d2d7bffa7124,30-39,Male,White,disgust,1,4,"[1.5142015218734741, -0.36628663539886475, -2.2268505096435547, -1.7494179010391235, 2.102825164794922, -0.3335835337638855, -2.542389392852783]",tensor(0.5646)
disgust_a383d643e19b4d32efb51d64af7ed26a,40-49,Male,Latino_Hispanic,disgust,1,3,"[-1.778172492980957, -0.8782506585121155, -1.906101107597351, 4.86354923248291, -2.415487289428711, -1.7079328298568726, -1.3848507404327393]",tensor(0.9904)
surprise_a048778196720a2b7701afeb3307f2da,50-59,Male,White,surprise,6,3,"[-3.923102617263794, -3.1379129886627197, -2.25095272064209, 5.801764011383057, -0.4863746762275696, -2.995716094970703, 0.7780278325080872]",tensor(0.9910)
surprise_6d203f91de78b6701643973888b79101,00-02,Female,White,surprise,6,6,"[-5.67305326461792, -5.91745662689209, 1.442927360534668, -3.8751797676086426, 3.760728597640991, -4.139649868011475, 5.963219165802002]",tensor(0.8916)
happy_40838661b4634efab780f09c01d97d51,20-29,Female,White,happy,3,3,"[-3.6407172679901123, -3.282231092453003, -3.4282257556915283, 4.351921558380127, 3.4666543006896973, -4.265844821929932, 0.17010071873664856]",tensor(0.6996)
angry_5564644302ae9d7df9dc066e493eb65c,30-39,Female,White,angry,0,0,"[5.501582622528076, 0.7157566547393799, -1.9842636585235596, -4.042879581451416, -0.006665715482085943, 0.4638103246688843, -3.3878095149993896]",tensor(0.9807)
fear_3430b51f9dede5e507f9e8b2df4ef5d2,40-49,Male,White,fear,2,4,"[-2.9780819416046143, -8.237740516662598, 0.9412717223167419, -6.209475040435791, 5.809053421020508, 2.696918487548828, -0.8257733583450317]",tensor(0.9491)
fear_1576ac5b43cb08ce424448baf763ce22,03-09,Female,White,fear,2,5,"[-1.710044503211975, -2.970134735107422, -0.07384026050567627, -3.795938014984131, 0.6045488119125366, 2.752532482147217, -0.8466546535491943]",tensor(0.8200)
angry_6223ac617bd7c22a48cd07555d272d21,50-59,Male,White,angry,0,0,"[7.128255367279053, 1.6177862882614136, -2.615906238555908, -4.678968906402588, -0.33788377046585083, -3.2767159938812256, -2.991617202758789]",tensor(0.9953)
disgust_705e78306196449b611404431911260b,30-39,Male,Middle Eastern,disgust,1,0,"[3.6236014366149902, 0.9725752472877502, -4.527398109436035, -2.408379554748535, 0.7232910394668579, 2.3705978393554688, -4.395108699798584]",tensor(0.7071)
neutral_045d8e5d3f277ac912e0996556422b38,40-49,Male,White,neutral,4,5,"[-1.4544694423675537, -3.161590814590454, -3.474073648452759, -1.220507025718689, 2.232062578201294, 5.872249126434326, -3.336822509765625]",tensor(0.9727)
happy_a25dda363327b34a190c63e94076df6f,30-39,Male,White,happy,3,4,"[-2.841561794281006, -3.0801751613616943, -4.969882488250732, 0.3336772322654724, 6.557414531707764, 1.259848713874817, -3.4891254901885986]",tensor(0.9929)
surprise_d4a88305d08b0afb82a80e4fcd6b5ae1,00-02,Female,Middle Eastern,surprise,6,4,"[-4.5948920249938965, -4.678813934326172, -3.4840991497039795, 3.295726776123047, 4.574765682220459, -4.206203937530518, 2.3243935108184814]",tensor(0.7224)
disgust_524a91df618cfc3c598da61873f7f47d,20-29,Female,Latino_Hispanic,disgust,1,5,"[-0.5690366625785828, 1.2697402238845825, -0.7389655113220215, -4.221238136291504, 0.14954975247383118, 1.5196647644042969, -0.5452861189842224]",tensor(0.4182)
sad_98063cb56473bfc52e0523927e451b3c,30-39,Male,White,sad,5,5,"[-1.7015628814697266, -5.667748928070068, -2.2116308212280273, -4.744502067565918, 4.953439235687256, 6.521194934844971, -2.2253854274749756]",tensor(0.8270)
fear_d591a0851f41380e60d51b980e0cd6de,20-29,Male,Black,fear,2,4,"[-1.7563393115997314, -3.9436004161834717, -4.820378303527832, 1.1720272302627563, 4.795528888702393, -1.4261854887008667, -0.3975735902786255]",tensor(0.9654)
sad_f9a3d41eee677e3407db4a1d0b17d4da,50-59,Male,Middle Eastern,sad,5,2,"[0.6037015318870544, -1.8949309587478638, 2.8256659507751465, -5.559280872344971, -3.300999402999878, 1.1166490316390991, 1.5169122219085693]",tensor(0.6366)
disgust_ba18a4dbd7fda29ea394ee22a1da4aaa,30-39,Male,White,disgust,1,1,"[3.328099012374878, 3.529841184616089, -2.7163522243499756, -4.7115397453308105, -0.5848771333694458, 0.671951174736023, -2.625148296356201]",tensor(0.5276)
disgust_1197346ffd173339df7e8419499c12d2,10-19,Female,East Asian,disgust,1,0,"[3.7272770404815674, 2.6845591068267822, -4.52603006362915, -0.2081214338541031, 0.2653183043003082, -2.347140073776245, -3.915642738342285]",tensor(0.7110)
angry_2ebcfd70d49720a2ea64ee66858a7730,20-29,Female,White,angry,0,4,"[0.16456054151058197, -1.9525424242019653, -2.5045056343078613, -2.294098138809204, 2.175800085067749, 0.9065006971359253, -0.16534578800201416]",tensor(0.6460)
happy_a0aafee5245782f2958ba01fcc4e8d3a,20-29,Female,White,happy,3,3,"[-1.6776244640350342, -1.780598521232605, -2.873152494430542, 5.833425045013428, -1.5882201194763184, -2.566559314727783, -1.094592571258545]",tensor(0.9970)
sad_bc234d8fc62fc504afd1bdcc4ab231a2,03-09,Male,White,sad,5,5,"[-2.2046799659729004, -3.7551686763763428, 2.590210199356079, -4.3643598556518555, -3.4378602504730225, 10.041146278381348, -3.385594367980957]",tensor(0.9994)
angry_578783af47c7dccb3ed25666eb9a640a,00-02,Male,White,angry,0,0,"[4.382906913757324, 2.373781681060791, -4.614434719085693, -3.3864264488220215, -1.081092357635498, 3.758235454559326, -5.559595584869385]",tensor(0.5972)
surprise_b781c297627fe8ed4dcf52a585c5f035,20-29,Female,White,surprise,6,4,"[-2.670793056488037, -3.1691524982452393, -2.992826461791992, 0.3349430561065674, 4.344821453094482, -2.0441131591796875, 1.4097747802734375]",tensor(0.9302)
angry_56ae8563158bf8c7293e51a6b8c80598,20-29,Male,Black,angry,0,4,"[-2.3751673698425293, -2.01094126701355, -3.184971332550049, 2.612583875656128, 2.897852659225464, -1.0256747007369995, -2.3595311641693115]",tensor(0.5582)
fear_aa48a535cf45eea026392e848405a491,50-59,Male,Indian,fear,2,2,"[-0.7847521305084229, -1.7585889101028442, 2.321425437927246, -6.090826988220215, -1.2620618343353271, 1.7376493215560913, 1.8682276010513306]",tensor(0.4380)
happy_76947e08fb306ff3afbedd667eee9129,20-29,Female,White,happy,3,3,"[-2.5547502040863037, -2.271352529525757, -2.1450884342193604, 6.372442245483398, -2.7213404178619385, -1.9845410585403442, -0.6718167066574097]",tensor(0.9983)
happy_aaf9b63665c394b0f2baf71e4c58faff,20-29,Male,White,happy,3,3,"[-2.8913750648498535, -2.8696768283843994, -2.1810550689697266, 5.549286365509033, -2.1102116107940674, -2.4164371490478516, 0.49299079179763794]",tensor(0.9920)
surprise_13cc55ea70ad9edb379f33b023645379,00-02,Female,Latino_Hispanic,surprise,6,6,"[-4.034008979797363, -3.88725209236145, 0.07568353414535522, -2.2584612369537354, 1.8911070823669434, -0.42210477590560913, 3.1987669467926025]",tensor(0.7424)
disgust_9ad6398e4144cafc71f84d9f6825ed2b,20-29,Male,Middle Eastern,disgust,1,2,"[1.2143175601959229, 1.5568677186965942, 4.474498271942139, -6.077459812164307, -4.646911144256592, 1.7027063369750977, -3.2766408920288086]",tensor(0.8654)
surprise_574f3898a3a142a89f07bbd731a9f864,20-29,Female,White,surprise,6,6,"[-5.567249774932861, -6.885427474975586, -2.2908644676208496, -1.5880869626998901, 1.3157308101654053, -1.396188497543335, 7.350290775299072]",tensor(0.9973)
angry_631da8aa2f2372ba777c93e89ef6c1df,70+,Male,Latino_Hispanic,angry,0,0,"[4.723501205444336, -1.7837685346603394, -1.7489335536956787, -3.6903247833251953, 1.2088711261749268, 1.340889573097229, -4.606835842132568]",tensor(0.9371)
disgust_4c84e9534f5f4ffcdb02bf2706ad3bd3,40-49,Male,White,disgust,1,3,"[-0.6590636372566223, -0.3518969416618347, -2.781217098236084, 2.418088436126709, -0.27749985456466675, 0.9430080652236938, -4.158919811248779]",tensor(0.7083)
angry_d0a29a3eb87749404cb041b9f456d122,20-29,Male,White,angry,0,0,"[4.984241008758545, -3.1463940143585205, -4.229279041290283, -2.952484130859375, 4.672526836395264, -0.8213834762573242, -3.9065072536468506]",tensor(0.5760)
surprise_6e7d91391c45a3308340d6fda100d6f6,00-02,Male,Latino_Hispanic,surprise,6,6,"[-3.1742775440216064, -4.570553779602051, -0.7558066248893738, -2.5369033813476562, 1.4529013633728027, -1.4580888748168945, 5.934342861175537]",tensor(0.9867)
surprise_6f8f3a3b4313084c6d267f77e9b623af,20-29,Female,White,surprise,6,4,"[0.8863224387168884, -0.31961384415626526, -2.1337568759918213, -3.3298110961914062, 2.4192943572998047, -4.756399154663086, 2.026482105255127]",tensor(0.5076)
fear_0140a36eb7eaf9958a827300e8dd40ad,20-29,Female,Indian,fear,2,2,"[-0.8084791898727417, -4.021856307983398, 6.056881427764893, -3.1051409244537354, -4.294994831085205, -3.9302005767822266, 3.1953935623168945]",tensor(0.9448)
happy_7a52bda8d38cab84a547ad23e5c6b02c,00-02,Male,White,happy,3,3,"[-3.214439630508423, -2.8215973377227783, -3.234523296356201, 7.712306499481201, -2.4401590824127197, -2.987969160079956, 0.4165565073490143]",tensor(0.9992)
angry_ef9880d9bad849eb5eaa22d28c9aa9e3,03-09,Male,White,angry,0,0,"[3.525299549102783, -1.6130496263504028, -2.6832613945007324, -0.4925444722175598, -1.905412197113037, -3.9509565830230713, 0.6220307350158691]",tensor(0.9211)
sad_0ec6db322246cf759d5d7e411eadc622,20-29,Female,White,sad,5,0,"[2.675638437271118, -1.6672468185424805, -4.4544854164123535, -1.4317668676376343, 2.453857898712158, 1.0856469869613647, -3.4405150413513184]",tensor(0.4908)
happy_630651dace26af291b5f07c924bfdd1a,30-39,Male,White,happy,3,3,"[-0.7437148094177246, -1.9863224029541016, -3.53336238861084, 5.005059719085693, 0.25198692083358765, -2.5806355476379395, -3.3003852367401123]",tensor(0.9865)
neutral_6197eee74d62248f71e174e9338d5463,40-49,Male,White,neutral,4,4,"[-0.30843496322631836, -0.8334324955940247, 0.40764185786247253, -2.3844799995422363, 0.5479108691215515, -1.0004533529281616, -1.040681004524231]",tensor(0.3317)
disgust_cbb13e81661878c54c05055da6ca3481,50-59,Male,White,disgust,1,5,"[-2.1433417797088623, -0.7918704152107239, -1.252274990081787, -1.5218318700790405, 1.3453283309936523, 1.4553273916244507, -1.0800797939300537]",tensor(0.4493)
surprise_477109f2b0e918620b337eec957fad31,20-29,Female,White,surprise,6,4,"[-6.581640243530273, -4.950213432312012, 0.3820338547229767, -2.976755142211914, 6.628284454345703, -2.6173088550567627, 1.6332035064697266]",tensor(0.9912)
angry_fedc7efff62231007f3ad1094b790caf,40-49,Male,White,angry,0,4,"[4.32227087020874, -2.65085768699646, -5.0687785148620605, -2.1598145961761475, 4.755260467529297, 0.3266718089580536, -4.85776948928833]",tensor(0.6016)
surprise_5e128c4319e83779d7157a83b749c4c7,20-29,Female,White,surprise,6,4,"[-0.4979585111141205, -4.193236351013184, -2.6746275424957275, -3.563894748687744, 5.8456621170043945, 1.1086273193359375, -1.5219700336456299]",tensor(0.9887)
fear_51a3924534b2fd41d3f258183497524c,20-29,Female,Southeast Asian,fear,2,4,"[-4.393843173980713, -4.4226274490356445, -0.42652860283851624, -1.8902536630630493, 4.161840915679932, -2.62333345413208, 2.4728317260742188]",tensor(0.8342)
surprise_73ce9a332b485774d182752aac0300d3,20-29,Female,White,surprise,6,3,"[-2.789747476577759, -0.9778897762298584, -3.360720157623291, 3.453918695449829, 1.5577806234359741, -4.9616498947143555, 1.1966350078582764]",tensor(0.7874)
neutral_e7907c13b1b49f88b73aaac9b941fbd5,20-29,Female,White,neutral,4,4,"[-1.9552760124206543, -4.923513889312744, -4.5912275314331055, -0.1096874326467514, 5.681266784667969, 2.1370837688446045, -2.215127944946289]",tensor(0.9682)
fear_f944b63ae1d932f5f7c4b17f87f6a004,20-29,Female,White,fear,2,0,"[1.1983457803726196, -0.3223511874675751, 0.38281509280204773, -2.2423276901245117, -2.002610445022583, -1.834609866142273, 1.1504547595977783]",tensor(0.3656)
surprise_f72f8eb9d367c903086be00c67a958f8,30-39,Female,White,surprise,6,2,"[0.23616911470890045, -1.2221159934997559, 4.657298564910889, -3.2467660903930664, -3.6456964015960693, -3.9618046283721924, 4.164138317108154]",tensor(0.6149)
surprise_80eb784361fd90e735321a1fd166922d,60-69,Male,Middle Eastern,surprise,6,4,"[-2.286855697631836, -5.255646705627441, -5.063014507293701, -0.7341905832290649, 7.94734001159668, 0.2478538304567337, -1.9224250316619873]",tensor(0.9993)
happy_54a88e65330f93f6eaabbce2d6493faf,10-19,Female,White,happy,3,3,"[-3.475797414779663, -2.97979474067688, -2.654129981994629, 6.235024929046631, -2.2268378734588623, -2.624136447906494, 1.1252762079238892]",tensor(0.9934)
sad_56e5547cd7a413e981671385e747f4d2,20-29,Female,East Asian,sad,5,3,"[-2.8074681758880615, -2.3699772357940674, -2.879244804382324, 5.772616863250732, -0.5334572792053223, -4.22756814956665, 1.018298625946045]",tensor(0.9890)
fear_d2caf0be6a035cbf050ab196ecbc2e5a,20-29,Male,White,fear,2,4,"[-2.277205228805542, -3.817852735519409, -1.065149188041687, -2.885010242462158, 3.2585389614105225, 1.311896562576294, 0.46476513147354126]",tensor(0.8169)
happy_9deaa5427e719a2252eec9146305cc5b,40-49,Male,Latino_Hispanic,happy,3,3,"[-2.1911215782165527, -1.759536862373352, -1.9829819202423096, 6.279224872589111, -2.364790678024292, -2.2195396423339844, -1.100287914276123]",tensor(0.9982)
angry_0b6dbd86317b60084df13a035ff0d2de,03-09,Male,White,angry,0,0,"[7.075216293334961, 2.1542446613311768, -2.8995587825775146, -4.362322807312012, -0.3496578335762024, -0.6738759279251099, -3.953101396560669]",tensor(0.9917)
happy_8e517da6f82adb13a5d2d49c00bbae01,30-39,Male,White,happy,3,3,"[-2.7075891494750977, -3.3715696334838867, -4.259247303009033, 6.9213666915893555, 1.6242024898529053, -1.100180745124817, -4.272206783294678]",tensor(0.9946)
disgust_6c0e0e39b441cbc4be96e4869e580b72,40-49,Female,White,disgust,1,4,"[-0.6751776933670044, -2.956172466278076, -3.100651264190674, -1.6299337148666382, 2.733341932296753, -0.5114319324493408, 0.6187127232551575]",tensor(0.8252)
angry_61c86b3be8a59f83c06197abaf53fbef,30-39,Male,White,angry,0,0,"[1.7876081466674805, 0.13568736612796783, 0.3103412687778473, -1.373252034187317, -2.129659414291382, -2.295990467071533, -0.5097704529762268]",tensor(0.6252)
angry_49a8cbc5ade1195fdc5cf775e68dc238,30-39,Male,White,angry,0,4,"[1.2807259559631348, -4.406732559204102, -3.1583504676818848, -0.2833830714225769, 1.7371232509613037, 0.12721025943756104, -1.092032551765442]",tensor(0.4915)
angry_34b266cad4245ad4be0c804a6657893c,30-39,Male,White,angry,0,4,"[1.7881710529327393, -0.37056905031204224, -2.2968955039978027, -3.024693012237549, 3.4632914066314697, -1.1627098321914673, -2.543994665145874]",tensor(0.8158)
neutral_7d2061c9d2faae63bd2aea7db939adaa,50-59,Male,White,neutral,4,4,"[2.882197618484497, -4.457257270812988, -5.47007417678833, -0.5740054845809937, 6.771395683288574, -1.134460687637329, -5.359965801239014]",tensor(0.9790)
surprise_035badc2b418656ac27269711683df2d,60-69,Male,Middle Eastern,surprise,6,4,"[-0.19003568589687347, -2.361624002456665, -2.516167163848877, -4.238526344299316, 3.073376178741455, 1.0606716871261597, 0.4435340166091919]",tensor(0.7983)
fear_cba75d5133753e70e1466328b0d173c0,30-39,Male,White,fear,2,6,"[-0.5709533095359802, -1.657725214958191, -0.388201504945755, -0.24018990993499756, -1.1375045776367188, -4.903126239776611, 3.3908419609069824]",tensor(0.9210)
happy_ccb87dd926e17ee1c74b5a127216c8f4,20-29,Female,White,happy,3,3,"[-3.8635880947113037, -3.496227502822876, -4.050787925720215, 5.135402202606201, 4.259707927703857, -3.0978333950042725, -1.7540740966796875]",tensor(0.7051)
surprise_e535f12dca1f7178f123cf19a1b20fb8,20-29,Female,Latino_Hispanic,surprise,6,6,"[-0.9972805976867676, -1.8226960897445679, 2.073723316192627, -1.4507755041122437, -3.553800582885742, -5.155088901519775, 6.641319751739502]",tensor(0.9887)
sad_210929cd90ad5404c8a1a2f12f963f60,00-02,Male,White,sad,5,4,"[-3.224782943725586, -5.326929092407227, -2.4573307037353516, -1.9456794261932373, 6.024385929107666, 0.4209117591381073, -1.2262232303619385]",tensor(0.9950)
angry_5994bbc8cae4928b667576903fcb3694,60-69,Male,White,angry,0,4,"[-1.1373932361602783, -2.5764830112457275, -3.042011022567749, 0.306268572807312, 4.059329509735107, -1.373414397239685, -2.1880269050598145]",tensor(0.9639)
happy_2a9cdb21d3681372f6960b5d309322cd,30-39,Female,White,happy,3,3,"[-2.609550714492798, -2.102006435394287, -3.107747793197632, 7.308839797973633, -1.7216403484344482, -2.4648709297180176, -1.928815484046936]",tensor(0.9996)
disgust_0acceb885231a6d07b2e84ca2d52e925,30-39,Male,White,disgust,1,3,"[-2.030743360519409, -3.4524734020233154, -4.375779628753662, 6.26841926574707, 2.491877794265747, -3.671031951904297, -2.7033066749572754]",tensor(0.9771)
neutral_23ce2b7a0f2028e5a6f920039399af5c,30-39,Male,Latino_Hispanic,neutral,4,4,"[-2.334406614303589, -4.978017807006836, -5.043400287628174, 2.4299068450927734, 7.1992316246032715, -0.8134801387786865, -3.982774257659912]",tensor(0.9912)
surprise_15e4cc498e24c16f57feb0efd60581e3,30-39,Female,White,surprise,6,4,"[-2.462085008621216, -5.7076215744018555, -5.879715442657471, -0.9805330038070679, 6.805601119995117, -3.8161373138427734, 3.4670259952545166]",tensor(0.9652)
angry_281baf50b6125e508b070db0e5feb704,40-49,Male,Middle Eastern,angry,0,4,"[-3.3912229537963867, -3.418675184249878, -0.4885742962360382, -1.221988320350647, 4.268626689910889, -2.6651217937469482, 0.5963661074638367]",tensor(0.9615)
sad_6304e5170ba8c089a34212809cd9081e,03-09,Female,White,sad,5,5,"[1.1694928407669067, -3.10085129737854, -5.800637245178223, -0.6584218740463257, 3.3938817977905273, 4.581818103790283, -4.706362247467041]",tensor(0.7442)
angry_ccca51828c9e9347a62a4024568e4074,50-59,Male,White,angry,0,4,"[0.2254304140806198, 0.8297340273857117, -3.2110018730163574, -1.408746361732483, 1.855623722076416, 1.5214555263519287, -4.2602314949035645]",tensor(0.4316)
sad_ac3c05e5619dcc1c0c756224cec0f17a,40-49,Female,White,sad,5,4,"[-1.300328016281128, -3.430868148803711, -4.457028865814209, -0.7308447957038879, 7.555761337280273, -0.9365707635879517, -2.846067428588867]",tensor(0.9993)
angry_4133b6735fda1d69499a5375de0f91ef,40-49,Male,White,angry,0,0,"[4.56857967376709, -0.18289393186569214, -1.8865704536437988, -2.906507968902588, 0.42429763078689575, 0.7697501182556152, -3.57098650932312]",tensor(0.9530)
surprise_4038d802e4e239fd093c63385cd8679e,20-29,Female,White,surprise,6,6,"[-2.0564162731170654, -2.2228994369506836, -0.595425009727478, -2.4878041744232178, 0.022824479267001152, -5.09219217300415, 7.140510559082031]",tensor(0.9985)
angry_d3b2a3562bb845a4188e54ca6b8ecb2a,20-29,Male,Middle Eastern,angry,0,4,"[3.7904505729675293, -1.8808258771896362, -4.1679301261901855, -1.904958724975586, 4.918880462646484, -1.1679857969284058, -4.255195617675781]",tensor(0.7529)
sad_2f98bd7c1d20e264c75040f03c2ecc15,00-02,Male,White,sad,5,5,"[-2.421447515487671, 0.5369843244552612, 0.10233332961797714, -1.9618480205535889, -3.486388921737671, 7.675439357757568, -2.9490303993225098]",tensor(0.9985)
happy_5a21af76c6f022001b029ebc9a6dbb57,20-29,Female,White,happy,3,3,"[-2.1939878463745117, -1.212915301322937, -2.9454293251037598, 5.772348880767822, -2.1826441287994385, -2.7538859844207764, -0.6488367915153503]",tensor(0.9964)
angry_cb33aacf9f26044c2a3b6c09a1cb7e3f,40-49,Male,White,angry,0,0,"[4.3661112785339355, -1.9707751274108887, -2.112765312194824, -5.128628730773926, 2.898606061935425, 2.307497262954712, -3.304213523864746]",tensor(0.7342)
angry_829287e45034e5afc03270cc38582483,40-49,Male,Middle Eastern,angry,0,5,"[2.498262882232666, 2.0551464557647705, -1.7093822956085205, -5.1329426765441895, -0.7910628914833069, 3.0124425888061523, -2.0995571613311768]",tensor(0.4952)
angry_dc22796bf9ebd8ae36a0af754d77fabb,50-59,Male,Latino_Hispanic,angry,0,4,"[1.9746592044830322, -5.335140228271484, -4.379146099090576, -3.519411563873291, 7.9004340171813965, 0.9798002243041992, -6.21343469619751]",tensor(0.9963)
happy_8d466838eecf461ca4f58f0f4a3a8db9,30-39,Female,White,happy,3,3,"[-1.6195567846298218, -1.9463605880737305, -2.648010730743408, 6.238332748413086, -1.3696162700653076, -2.4638991355895996, -1.6692814826965332]",tensor(0.9982)
disgust_daa06b465b0969085c3708d181b6e03a,60-69,Male,White,disgust,1,0,"[4.962818622589111, 1.1773619651794434, -0.27553343772888184, -3.945127010345459, -2.39158034324646, -2.925568103790283, 0.21291154623031616]",tensor(0.9636)
angry_c8064769f3013fc8ed85b234911a94c4,20-29,Male,White,angry,0,0,"[6.87662410736084, 1.925195336341858, -1.9071292877197266, -1.8674498796463013, -3.4263906478881836, -4.137689590454102, -0.9809678196907043]",tensor(0.9922)
neutral_ac32378a363459026fe3f2bedc722ee7,50-59,Male,White,neutral,4,3,"[-6.577622890472412, -5.6506266593933105, -4.949072360992432, 6.418275356292725, 4.417806148529053, -3.5661215782165527, 1.2200074195861816]",tensor(0.8765)
angry_a26bfb863b3a86ad5eb801bdd58522ae,50-59,Male,White,angry,0,0,"[6.553323268890381, 3.8512635231018066, -1.5088403224945068, -4.5988922119140625, -2.0230839252471924, -3.4065582752227783, -2.4733057022094727]",tensor(0.9365)
sad_ec9b63e1298b997b09d202d0221449e6,20-29,Female,White,sad,5,5,"[-1.1333054304122925, -2.670518159866333, -3.1377110481262207, -1.1414738893508911, 3.1588714122772217, 3.703423500061035, -3.500568151473999]",tensor(0.6252)
disgust_5599e1a41e92c152e6f2fea02de206ab,50-59,Male,White,disgust,1,1,"[5.120565891265869, 7.60175895690918, -1.221044659614563, -4.267220497131348, -3.266336679458618, -4.233654499053955, -2.7310171127319336]",tensor(0.9226)
surprise_a2bbfc42f8d80562d0ad1cf39b50822a,10-19,Female,Southeast Asian,surprise,6,6,"[-7.200220584869385, -6.955655574798584, -4.676824569702148, 2.766519546508789, 5.66118860244751, -5.257785797119141, 5.854321479797363]",tensor(0.5348)
neutral_8e6a0604b5fe673670c9e4215b9f620d,20-29,Female,White,neutral,4,4,"[-4.401493072509766, -3.1312673091888428, -4.299500942230225, 1.7204891443252563, 5.3538126945495605, -5.773439884185791, 3.104348659515381]",tensor(0.8832)
angry_58fb877cc613f18d062f356408b193b6,20-29,Male,White,angry,0,4,"[1.1701656579971313, -3.7074711322784424, -0.9723803400993347, -3.6976444721221924, 5.265599727630615, -2.0419952869415283, -1.8439230918884277]",tensor(0.9801)
sad_f09a3557abb03ae6fe1516e9c3baddb6,40-49,Female,White,sad,5,5,"[-0.6151662468910217, -0.48981764912605286, -3.7402071952819824, -0.2682335674762726, 1.5247958898544312, 2.2396669387817383, -4.35476016998291]",tensor(0.5891)
surprise_52d877c362c8f5cd50ffee5eb3873c88,20-29,Female,Latino_Hispanic,surprise,6,4,"[-1.7678124904632568, -4.674469947814941, -2.104645252227783, -3.168972969055176, 6.106948375701904, 0.266194611787796, -0.36522045731544495]",tensor(0.9948)
disgust_4ab796deebd66dbe4f33325172810b3e,50-59,Male,White,disgust,1,0,"[7.860764980316162, 0.4295489192008972, -4.001330852508545, -5.758504867553711, 0.9394236207008362, 1.018872857093811, -3.9829468727111816]",tensor(0.9973)
sad_898f63b2420e8c252ea686a16d5b7227,20-29,Female,White,sad,5,4,"[-1.4152159690856934, -4.643536567687988, -3.1401093006134033, 0.5684755444526672, 5.762455463409424, -0.9944185018539429, -1.2479157447814941]",tensor(0.9915)
neutral_48a973bab8964ccae1d950fa4941ee31,30-39,Male,White,neutral,4,4,"[1.1380490064620972, -1.3316391706466675, -5.414412021636963, 0.5638912320137024, 4.790637969970703, -0.7691627740859985, -5.012100696563721]",tensor(0.9554)
fear_7bf5786bbc5a03b7da1b8bd91df86dfb,30-39,Male,White,fear,2,2,"[-0.9862461686134338, 0.4510583281517029, 5.569060325622559, -6.763219356536865, -3.1226346492767334, -1.8730616569519043, 2.013615131378174]",tensor(0.9646)
surprise_494ed687cf49efbd13d4643ef9c92f6f,20-29,Female,White,surprise,6,6,"[-3.4429738521575928, -3.9027016162872314, 2.1280617713928223, -2.346041202545166, -1.0775278806686401, -5.243175029754639, 8.08288860321045]",tensor(0.9973)
disgust_fba1883581ec27ff5e8cd84c28681093,03-09,Female,Indian,disgust,1,0,"[4.210558891296387, 1.1708694696426392, -3.091320037841797, -1.5338832139968872, -0.2937990725040436, -1.1974481344223022, -4.14181661605835]",tensor(0.9368)
surprise_d9c120590a5ec29bb53d7c7e02d34b89,20-29,Male,Black,surprise,6,4,"[-1.6104481220245361, -3.395789861679077, -1.872249722480774, -2.437964677810669, 5.428038120269775, -2.9570257663726807, 1.6328386068344116]",tensor(0.9758)
neutral_7923bc951b8ae3f7e5bf5ed67b35c1f4,30-39,Male,Indian,neutral,4,4,"[-1.7654508352279663, -3.8772530555725098, -3.8184170722961426, 1.7586523294448853, 4.46475076675415, 1.1050026416778564, -2.980335235595703]",tensor(0.9053)
neutral_d1c5005373cf8526110c5ea2e9d77a7c,03-09,Female,Indian,neutral,4,3,"[-1.3353359699249268, -2.6711008548736572, -2.765045166015625, 3.010664701461792, 2.0872879028320312, -1.2717739343643188, -2.07139253616333]",tensor(0.6961)
sad_6907dda18f41f2928341c9a675e60624,03-09,Male,Middle Eastern,sad,5,5,"[2.20953631401062, -3.438504219055176, -3.0213236808776855, -5.63489294052124, 1.5499162673950195, 8.157700538635254, -3.627107620239258]",tensor(0.9960)
neutral_a2fefe97a74a82eb7b26fafe15c713b3,60-69,Male,White,neutral,4,4,"[-2.5104727745056152, -5.535731315612793, -3.397235155105591, -2.662978172302246, 6.897728443145752, 4.181972980499268, -2.981045722961426]",tensor(0.9377)
surprise_0c333c209b3918687988bdb88596db1f,00-02,Male,White,surprise,6,4,"[-4.504512310028076, -5.236401557922363, -1.0468106269836426, -2.1675286293029785, 3.8519959449768066, -1.2198978662490845, 3.354522228240967]",tensor(0.6155)
disgust_80293855595f76735dc111c451681b45,20-29,Female,East Asian,disgust,1,5,"[-2.882716417312622, -1.4447613954544067, 0.38100770115852356, -0.839584231376648, -2.504703998565674, 6.039228439331055, -3.2648050785064697]",tensor(0.9945)
neutral_6a61867779c3ea2635a36e9ced63ae5a,40-49,Male,White,neutral,4,4,"[1.087330937385559, -3.9776604175567627, -3.400331497192383, -0.5959935784339905, 6.19114351272583, -0.9688209295272827, -4.4952311515808105]",tensor(0.9920)
angry_dd877b73fbbad14645297245b7a92fcd,30-39,Female,White,angry,0,4,"[-1.3714518547058105, -6.347760200500488, 3.3796186447143555, -8.683056831359863, 4.411890029907227, 2.7618327140808105, -1.4665052890777588]",tensor(0.6434)
fear_793cbea0a79b17f5247e8504c3e0149d,30-39,Male,Latino_Hispanic,fear,2,0,"[7.931058883666992, -4.504814147949219, -0.5145136117935181, -5.701412677764893, 0.33448225259780884, -2.6848769187927246, -0.2275858223438263]",tensor(0.9990)
fear_265d80914b11fd0d8a379c9db06981ae,50-59,Male,White,fear,2,6,"[-1.0643243789672852, -0.40286484360694885, -1.06998872756958, -3.8285040855407715, 0.6725665330886841, -2.5366721153259277, 3.935594081878662]",tensor(0.9374)
surprise_0d9f32c87e953cb41d62d32dd052ab6f,50-59,Male,Indian,surprise,6,6,"[-0.8419910073280334, -1.2211344242095947, -2.8697896003723145, -1.4170206785202026, 1.166508674621582, -2.012220859527588, 1.2575156688690186]",tensor(0.4459)
disgust_7902aa143e6bb1d7cd07cb8c46409935,60-69,Male,Middle Eastern,disgust,1,6,"[-4.112999439239502, -2.563095808029175, -1.858864426612854, 0.5772897601127625, 1.8711522817611694, -2.15079665184021, 2.455777645111084]",tensor(0.5742)
angry_b9097f85aa974ae2476d383d821e0085,40-49,Male,Latino_Hispanic,angry,0,4,"[-1.768585443496704, -4.292069435119629, -3.711028814315796, -1.0286813974380493, 6.569775581359863, 1.7402011156082153, -1.9606417417526245]",tensor(0.9911)
happy_4beab35dfcc1b8b07d15c8907f6be9f5,30-39,Male,White,happy,3,3,"[-2.8523056507110596, -2.4469358921051025, -2.9544124603271484, 6.989647388458252, -0.891281008720398, -2.2339844703674316, -2.0826897621154785]",tensor(0.9992)
happy_5d9b1f9366eac34a1efd5e8e2e9fd68e,20-29,Female,White,happy,3,3,"[-2.651223659515381, -3.081907272338867, -3.8804759979248047, 7.251402854919434, 0.19716686010360718, -2.1937222480773926, -2.147993564605713]",tensor(0.9989)
fear_055ede8fbc7f9acf41510f845313cfd9,40-49,Male,White,fear,2,6,"[-0.8647449612617493, -2.043464422225952, 0.2544753849506378, -0.9243637919425964, -1.6148854494094849, -4.065696716308594, 4.605571269989014]",tensor(0.9761)
neutral_cd7fde0f8afa8834fe6ed86648f29c34,60-69,Male,Latino_Hispanic,neutral,4,5,"[2.422788619995117, -2.548295497894287, -0.9306403398513794, -4.280673980712891, 1.0550410747528076, 3.5041556358337402, -3.4749045372009277]",tensor(0.6939)
sad_40da7b2908ec2807f252365893c04074,30-39,Male,White,sad,5,0,"[6.150167465209961, -2.6061112880706787, -3.8831868171691895, -5.699448585510254, 1.353235125541687, 3.669257164001465, -3.5276854038238525]",tensor(0.9156)
neutral_419b9d547901c0072f93f08c10baf07b,20-29,Male,White,neutral,4,5,"[-3.894500494003296, -4.449568271636963, 0.2876473665237427, -4.958395004272461, 1.3815020322799683, 8.993149757385254, -1.671173095703125]",tensor(0.9993)
surprise_3e6d2d93c4dc0f9a8267455b2d8d1335,03-09,Male,White,surprise,6,5,"[-1.190510630607605, -3.2346503734588623, 0.8246270418167114, -4.53569221496582, -0.08055617660284042, 2.289752960205078, 1.7049446105957031]",tensor(0.5215)
happy_e85642d20230c71eb49ce7c03e542c4c,20-29,Female,Indian,happy,3,3,"[-1.8976293802261353, -1.4465399980545044, -2.5251717567443848, 6.1336989402771, -1.8927199840545654, -2.443369150161743, -1.3096158504486084]",tensor(0.9979)
fear_f644f0a7bd772581e3a38606be38710c,03-09,Male,Black,fear,2,6,"[-2.286734104156494, -2.8885374069213867, 0.8338207006454468, -2.3951380252838135, 0.8506543636322021, -3.603623390197754, 4.534715175628662]",tensor(0.9499)
sad_04a4f91041054d6df2103f96b9a5230f,40-49,Female,White,sad,5,5,"[-2.2998368740081787, -2.5097720623016357, -1.6988294124603271, -3.07840633392334, 1.6547157764434814, 6.340751647949219, -2.257567882537842]",tensor(0.9900)
surprise_d63eae024c6fd8992455b7249b600b48,40-49,Male,Middle Eastern,surprise,6,6,"[-5.342369556427002, -4.921444892883301, -0.3816342055797577, -2.1105406284332275, 1.3506944179534912, 2.4285600185394287, 3.5204014778137207]",tensor(0.6784)
happy_4a122884328163eadd17959f6c9fda79,00-02,Male,White,happy,3,3,"[-1.9932082891464233, -1.3070749044418335, -2.2868499755859375, 3.565993070602417, -2.41044545173645, -4.634100437164307, 2.3097851276397705]",tensor(0.7681)
sad_d48bad333ea07d0a34bf94a7802d7b77,20-29,Female,Middle Eastern,sad,5,5,"[-3.1141982078552246, -2.6979639530181885, -0.2730650007724762, 0.5924636125564575, -0.8126327991485596, 5.89875602722168, -3.157475233078003]",tensor(0.9914)
angry_eae3bbfb05c282f3980b03b3afa14eec,30-39,Male,White,angry,0,0,"[3.935063123703003, 1.1812127828598022, -4.2088494300842285, -2.011878728866577, 1.9005615711212158, -3.487482786178589, -0.6875264644622803]",tensor(0.8280)
disgust_47d76b8a9053fe8e4c53251870f6c2b5,20-29,Male,White,disgust,1,0,"[2.5611560344696045, 2.0976250171661377, -0.897964358329773, -3.096240520477295, 1.4078664779663086, -2.98052978515625, -3.2262496948242188]",tensor(0.5034)
neutral_9eded97c30d35f508b8ae317f1f39ef5,00-02,Female,White,neutral,4,6,"[-3.049537420272827, -4.080135345458984, -2.2088704109191895, -0.027997475117444992, 3.4195635318756104, -2.871349811553955, 3.4532718658447266]",tensor(0.4988)
fear_049974ca2ebbb76e86ff0057ef9492e6,20-29,Male,White,fear,2,2,"[1.9959595203399658, 0.7082793116569519, 4.261016368865967, -5.1338677406311035, -3.541544198989868, -2.8959949016571045, 1.0488322973251343]",tensor(0.8518)
angry_56d5fcd3878dc6f286a8893d0b42914d,20-29,Female,Middle Eastern,angry,0,6,"[-1.5055254697799683, -3.4407029151916504, -1.5388286113739014, -1.2366210222244263, 2.2291576862335205, -2.205819606781006, 3.4696390628814697]",tensor(0.7597)
fear_ba5058a6837e00b2d2e6f7dc08e8d4f3,60-69,Male,White,fear,2,6,"[-2.1359221935272217, -2.841583490371704, 3.4482827186584473, -3.045067310333252, -1.7403806447982788, -4.230566024780273, 5.304019451141357]",tensor(0.8633)
sad_adf9f706a47f28ac0dc320fed3518e87,03-09,Female,Latino_Hispanic,sad,5,1,"[-0.5581933856010437, 5.161255359649658, -0.6059589982032776, -3.3104159832000732, -3.8208532333374023, 5.064756393432617, -3.705657958984375]",tensor(0.5222)
disgust_42a718c30be7617eea7c74813cfc795d,30-39,Female,Black,disgust,1,1,"[-1.982851505279541, 3.438251495361328, -0.5817633867263794, -0.057049911469221115, -3.8260834217071533, 1.5258265733718872, -1.665900707244873]",tensor(0.8284)
surprise_bac9f81278e8f2b42e3d80caa74e33ec,20-29,Female,Black,surprise,6,5,"[-0.786099910736084, -3.1030595302581787, -0.9062658548355103, -3.742532253265381, 1.906140923500061, 3.0735702514648438, -0.4343858063220978]",tensor(0.7225)
surprise_d89aceff59eda5975a26586ce3b28985,30-39,Male,White,surprise,6,3,"[-4.517301082611084, -3.7839043140411377, -1.4091567993164062, 5.356944561004639, -1.8334577083587646, -4.677032947540283, 4.040131092071533]",tensor(0.7873)
happy_1120e5a43267e89fb17262e1b37e92b4,40-49,Female,White,happy,3,3,"[-2.216843605041504, -1.798781394958496, -3.051783323287964, 7.317042827606201, -1.9204182624816895, -3.1702253818511963, -1.5062230825424194]",tensor(0.9995)
happy_a59d0bf9eb1ccf0b66a8d7bdd78d83c0,30-39,Female,Latino_Hispanic,happy,3,3,"[-2.2925047874450684, -1.882059931755066, -2.8295180797576904, 7.2732977867126465, -2.5839812755584717, -2.767730236053467, -0.9378925561904907]",tensor(0.9994)
sad_989b6d896e835f89e5cc9594a98c81c6,03-09,Female,White,sad,5,5,"[-1.4738878011703491, -3.72259783744812, -2.3541345596313477, -2.929328441619873, 2.663106679916382, 7.242123603820801, -3.7125601768493652]",tensor(0.9895)
surprise_c8cd9e767ab101dc45cae36314103a72,20-29,Female,White,surprise,6,1,"[0.8631914854049683, 3.673658609390259, -2.2678470611572266, -1.761066198348999, 0.08889175206422806, -1.743273377418518, -1.3362886905670166]",tensor(0.9041)
sad_93b1a1f3266c2e3433cc28f70899c7ed,40-49,Female,White,sad,5,5,"[-1.28212308883667, -4.057767391204834, -4.0043182373046875, -1.9895678758621216, 3.74513840675354, 4.885685443878174, -3.3784804344177246]",tensor(0.7557)
neutral_09fbf5e2494979634b3038b38818deaf,40-49,Male,White,neutral,4,4,"[-0.3132573962211609, -2.9804494380950928, -2.2692244052886963, -2.92927622795105, 4.2699785232543945, -4.040011882781982, 1.0873429775238037]",tensor(0.9480)
surprise_bb98a3582a1c63cf3bca2f20900902b8,40-49,Male,White,surprise,6,6,"[-0.6525540947914124, -2.657755136489868, 1.2314212322235107, -6.262247085571289, -0.360309898853302, -0.21364350616931915, 3.6202869415283203]",tensor(0.8712)
surprise_dce2626fc99eacd4e9e5ae00a474e5f5,40-49,Male,White,surprise,6,5,"[-1.1461724042892456, -3.9872262477874756, -1.2077410221099854, -6.611202239990234, 1.9176666736602783, 8.673718452453613, -1.2679996490478516]",tensor(0.9987)
happy_cf4fe12c269abd684846a075d18bc94f,40-49,Female,Black,happy,3,3,"[-2.365988254547119, -3.4416258335113525, -2.3178555965423584, 3.984874725341797, 2.1328516006469727, -3.498986005783081, -0.9712652564048767]",tensor(0.8557)
disgust_0e8575066e3f6bd9fd3e35069a6fd8b4,20-29,Male,Black,disgust,1,4,"[1.8715349435806274, -4.602163314819336, -2.9706215858459473, -3.1505322456359863, 5.451793670654297, 2.4777729511260986, -4.998758316040039]",tensor(0.9264)
surprise_90c598ab36e4cb2491e1df4cb8d5a9fd,00-02,Male,White,surprise,6,6,"[-4.304942607879639, -6.556257247924805, -2.8833718299865723, -0.43956854939460754, 3.497810125350952, -4.699618816375732, 7.525061130523682]",tensor(0.9821)
sad_9ab8d555aade56c47721301bec6c8204,03-09,Female,White,sad,5,5,"[-2.4209558963775635, -4.022568702697754, -2.0910215377807617, -3.3064348697662354, 2.0420243740081787, 6.11674165725708, -0.5088701248168945]",tensor(0.9814)
disgust_8c6baec7296e4a97ae6365cad95b9800,00-02,Male,White,disgust,1,5,"[-1.3107054233551025, 3.5561492443084717, -2.12973690032959, -3.0492050647735596, -2.30431866645813, 5.68644905090332, -3.7939133644104004]",tensor(0.8923)
fear_288363791359830b79a63b8fcf7a8765,50-59,Male,Middle Eastern,fear,2,4,"[-4.959599018096924, -5.6425862312316895, -0.46891701221466064, -3.0910720825195312, 4.233389377593994, -0.43647685647010803, 3.4540951251983643]",tensor(0.6766)
disgust_c96f49102aaba0a58f6f97ec7bd1b793,40-49,Male,Latino_Hispanic,disgust,1,4,"[-2.753115177154541, -2.532029867172241, -4.720077037811279, -1.4352580308914185, 5.796746730804443, 2.3662614822387695, -2.8114817142486572]",tensor(0.9674)
disgust_d1c53e6b2f271e938b1b9f6382d9aa98,00-02,Female,White,disgust,1,1,"[2.272559404373169, 3.729128122329712, -3.5897817611694336, -0.9599713683128357, -0.07152688503265381, -1.4282546043395996, -3.7484042644500732]",tensor(0.7864)
neutral_6b5479bac57e1331785aa0041e1ee27a,00-02,Female,White,neutral,4,3,"[-2.8646090030670166, -3.8592798709869385, -3.5689239501953125, 3.151094436645508, 2.8200485706329346, -2.287079334259033, 0.3675914406776428]",tensor(0.5590)
angry_b75b64d100a8143000086dfabe253365,20-29,Female,White,angry,0,4,"[-1.819249153137207, -4.424650192260742, -3.170520305633545, -1.1252719163894653, 7.5172438621521, -1.8785090446472168, -1.681212067604065]",tensor(0.9995)
angry_43069776ef2db1e56a43a7f541e06727,40-49,Male,Latino_Hispanic,angry,0,0,"[3.6954615116119385, 0.773576557636261, -2.5002918243408203, -3.415958881378174, 0.07946659624576569, 2.3624002933502197, -5.1669745445251465]",tensor(0.7422)
happy_2773e4a169c2f04839e41db4e0fa0d8e,20-29,Female,Latino_Hispanic,happy,3,3,"[-2.669616937637329, -2.111586332321167, -2.936386823654175, 7.307502269744873, -2.1691901683807373, -3.230804443359375, -0.6840775609016418]",tensor(0.9994)
sad_86cd5f11c813fb5f554a9285cd90d013,20-29,Male,White,sad,5,4,"[-2.643948793411255, -4.3797712326049805, -4.990018844604492, 4.129481792449951, 6.042681694030762, -0.6302926540374756, -4.098847389221191]",tensor(0.8702)
disgust_d11be1a24213c2845b7a1be14084475b,00-02,Male,White,disgust,1,6,"[1.4289640188217163, -0.8373690247535706, 1.5979623794555664, -4.615464687347412, -1.4543941020965576, -3.0978143215179443, 3.7606899738311768]",tensor(0.8137)
angry_0089b3b3e8bae657e71556333ce5535b,50-59,Male,White,angry,0,4,"[1.5200583934783936, -1.8627263307571411, -3.1038246154785156, -1.386440396308899, 5.0004401206970215, -1.4323945045471191, -3.9533638954162598]",tensor(0.9657)
neutral_1e793d7229800dca015e1fc5f269a920,20-29,Male,White,neutral,4,4,"[-2.5526235103607178, -4.194535255432129, -4.796919345855713, 0.8712772727012634, 5.784006595611572, 2.479933738708496, -3.389681816101074]",tensor(0.9574)
disgust_45b9dfeb88bb788aa0bbdcc2114f53a1,20-29,Female,White,disgust,1,5,"[-0.3698767423629761, 0.228677898645401, -4.033213138580322, -0.41465991735458374, 1.220524549484253, 2.312178134918213, -3.833050489425659]",tensor(0.6258)
fear_6460fce927e53f0487608bca381d478d,20-29,Female,White,fear,2,5,"[-1.3932242393493652, -4.023093223571777, -1.5673197507858276, -3.1132516860961914, 2.944478988647461, 5.817174434661865, -2.0995419025421143]",tensor(0.9448)
fear_dad55fa48e9f8744f28dec669e15b988,30-39,Male,Latino_Hispanic,fear,2,4,"[-2.937375545501709, -2.2786362171173096, -3.440244436264038, 1.3762844800949097, 5.005245685577393, -2.584838390350342, -0.27445343136787415]",tensor(0.9677)
disgust_1d24bcfb4d332e19e958a51ec215d88b,30-39,Male,White,disgust,1,1,"[4.041585445404053, 4.361543655395508, -1.2896580696105957, -5.720038890838623, 0.008217452093958855, -2.820253849029541, -1.4342013597488403]",tensor(0.5726)
surprise_d799ad89cfa6320fd39bcb25ddb3749b,30-39,Male,White,surprise,6,6,"[-0.10509829223155975, -0.48424863815307617, 1.8821808099746704, -2.461430311203003, -2.0220119953155518, -3.1553115844726562, 1.989375352859497]",tensor(0.4670)
happy_8a3eebfac455f5b80c3b4c12ee60971b,20-29,Female,Black,happy,3,3,"[-1.8795499801635742, -1.9486466646194458, -2.443887710571289, 6.556125164031982, -1.9868943691253662, -2.2850024700164795, -1.568500280380249]",tensor(0.9988)
sad_7ba136a546958ed17d65d43dda5f62d1,03-09,Female,White,sad,5,0,"[5.6821417808532715, -3.084205389022827, -2.7725772857666016, -4.461415767669678, 2.9030866622924805, 0.854150652885437, -2.9871034622192383]",tensor(0.9340)
fear_0826a8d85207049e5fa145137ed9883c,40-49,Female,White,fear,2,2,"[2.0588669776916504, -1.0978214740753174, 4.242435932159424, -1.8907631635665894, -5.291775226593018, -1.336270809173584, -1.1011178493499756]",tensor(0.8863)
angry_a077fa2d97f9ddca468b132cbc595d93,00-02,Male,White,angry,0,0,"[4.210141181945801, 2.4428937435150146, -4.110043525695801, -2.067920684814453, 0.1549588143825531, -1.5007814168930054, -4.372729778289795]",tensor(0.8377)
disgust_6659e1e66f5ffde64aebcdd6079aa862,50-59,Female,White,disgust,1,1,"[-1.0236393213272095, 1.6828688383102417, 0.9388595819473267, -1.9184502363204956, -2.1951520442962646, 0.07722197473049164, -1.248234748840332]",tensor(0.5423)
neutral_0d3e44d2e41e08000354f9e737335863,00-02,Female,Middle Eastern,neutral,4,3,"[-6.55842924118042, -6.182214736938477, -2.689960241317749, 5.70352029800415, 3.403081178665161, -3.084073543548584, 2.0647058486938477]",tensor(0.8874)
fear_52f3c4d57e4cc8babc4b017907f6bbca,20-29,Female,White,fear,2,6,"[-4.172123432159424, -5.10759973526001, 0.21775439381599426, -4.2960524559021, 3.074781656265259, -0.8475397825241089, 5.1113739013671875]",tensor(0.8766)
happy_5afbfb9c7728a0cbdfc5832d0fc68b15,30-39,Male,Black,happy,3,3,"[-1.88584566116333, -2.3105595111846924, -2.9980309009552, 7.2765278816223145, -2.003495931625366, -2.3869946002960205, -1.9602482318878174]",tensor(0.9995)
happy_17c7befa3e1c12a07205f083ec8bbed1,10-19,Female,White,happy,3,3,"[-2.7493152618408203, -3.895373582839966, -3.9148340225219727, 5.789794445037842, 2.0873563289642334, -0.2658257782459259, -3.2436299324035645]",tensor(0.9733)
happy_007364646daae7ad6034eb6023cb32c3,20-29,Female,East Asian,happy,3,3,"[-2.4051241874694824, -2.2814910411834717, -2.92846417427063, 7.1183085441589355, -2.4449985027313232, -2.7653465270996094, -0.7786720991134644]",tensor(0.9993)
neutral_a2d813a53529911c0fa0cb992611b157,20-29,Female,White,neutral,4,4,"[-4.008985996246338, -4.867762565612793, -4.269607067108154, -0.4906528890132904, 9.359675407409668, -2.5201668739318848, -1.3774597644805908]",tensor(0.9999)
angry_59609214f60ce81ec4408a0f7fa46708,50-59,Male,Latino_Hispanic,angry,0,5,"[2.531606435775757, 0.5424068570137024, -1.477461576461792, -5.642963409423828, 0.1750911921262741, 3.3413822650909424, -2.2631523609161377]",tensor(0.6411)
neutral_681e5c9fcc9b904e407d64763ded118e,20-29,Female,Latino_Hispanic,neutral,4,4,"[-2.0067543983459473, -3.8196351528167725, -3.552222490310669, 0.9562221169471741, 5.574925422668457, 0.9885987043380737, -2.817999839782715]",tensor(0.9794)
happy_b6d6a3e60848b1b6a21ec6e66d934638,50-59,Male,Middle Eastern,happy,3,3,"[-2.06831431388855, -2.7598252296447754, -3.343865394592285, 7.171746253967285, -0.8020894527435303, -2.3062379360198975, -3.3557047843933105]",tensor(0.9994)
angry_349907bf913ec4ae988224f39a7214ca,30-39,Male,Black,angry,0,4,"[-1.981905221939087, -6.776232719421387, -5.010288715362549, -2.375300168991089, 10.613790512084961, 2.2495899200439453, -3.881765842437744]",tensor(0.9998)
sad_989229f24019448acde38c2ca749983c,00-02,Male,White,sad,5,5,"[-1.4087707996368408, -3.431896686553955, 2.0076308250427246, -0.9506697654724121, -5.623079776763916, 6.880910396575928, -0.9603791236877441]",tensor(0.9913)
happy_f306b5b4a93f0fa7dcf524672dc42b54,30-39,Male,Black,happy,3,3,"[-2.142763614654541, -1.45781409740448, -2.3548128604888916, 5.770104885101318, -1.9910705089569092, -2.170361280441284, -1.2737038135528564]",tensor(0.9970)
sad_11e91cf43fef5c0ae38e2f231d0832fa,03-09,Female,White,sad,5,5,"[-2.7636308670043945, 0.7773330211639404, 0.9033501744270325, -3.7582004070281982, -1.8558905124664307, 5.883012294769287, -2.3019471168518066]",tensor(0.9863)
angry_fd74df75e1c6d2ddddd2d7dbef27bafa,40-49,Male,Latino_Hispanic,angry,0,6,"[0.44607609510421753, 0.9018682241439819, -0.08430355787277222, -4.61447286605835, 0.8526696562767029, -1.7749145030975342, 0.9958656430244446]",tensor(0.2660)
surprise_c230ba23474a8e5f8b8ad2733b1ef889,03-09,Male,White,surprise,6,6,"[-3.845829963684082, -5.0208330154418945, 3.058544874191284, -4.3353166580200195, -1.5917983055114746, -3.363723039627075, 8.475242614746094]",tensor(0.9955)
disgust_d0259a8bbdda7a48cd8ad6b70259fed2,40-49,Male,White,disgust,1,0,"[4.478321075439453, 1.0898780822753906, -1.6652231216430664, -6.098615646362305, -1.0732465982437134, 1.260684847831726, -2.434582233428955]",tensor(0.9252)
neutral_a6ec40a01c5d51df4c5ca4a2469899b1,20-29,Male,Black,neutral,4,4,"[-1.9964377880096436, -4.084902763366699, -3.707392454147339, 2.136577606201172, 4.357337951660156, 0.06731386482715607, -2.9924817085266113]",tensor(0.8888)
disgust_f666f0fbbd81d61c407441941ee621eb,30-39,Female,White,disgust,1,4,"[-0.7279338240623474, -0.7030379176139832, -2.8107047080993652, 1.6420307159423828, 1.7809470891952515, -3.683534622192383, -0.36619269847869873]",tensor(0.4616)
sad_18e38f8081fa97a1a2a5232d07dada38,30-39,Female,White,sad,5,5,"[-0.15853585302829742, 1.6611806154251099, -2.7376506328582764, -0.31648343801498413, -3.0892674922943115, 4.578338146209717, -4.264623641967773]",tensor(0.9332)
neutral_0e1349cb132605b9d9240d6862cb96ef,40-49,Male,White,neutral,4,4,"[-1.22477126121521, -5.2570037841796875, -3.5399773120880127, -2.319672107696533, 9.935220718383789, -3.1929492950439453, -2.5693511962890625]",tensor(1.0000)
angry_674b8f294ba4308a4c60ae9c1e26de9d,50-59,Male,Latino_Hispanic,angry,0,3,"[-0.6445825695991516, 0.24714238941669464, -3.428536891937256, 3.6658902168273926, 0.5251685380935669, -5.024742603302002, -1.4119811058044434]",tensor(0.9119)
happy_8a6222da97fd17b9879e15bdc817d0f6,03-09,Female,White,happy,3,3,"[-2.3091084957122803, -2.20096755027771, -2.835723400115967, 7.166621685028076, -2.2937166690826416, -2.164605140686035, -1.4109476804733276]",tensor(0.9994)
angry_1111f2b63b5a7708ceecfd260f2eabcf,00-02,Male,Black,angry,0,4,"[-4.758265018463135, -5.242572784423828, 0.5391631126403809, -0.32554328441619873, 3.457460880279541, 0.5774393081665039, -2.4070091247558594]",tensor(0.8801)
happy_4a545153ff44fad460000ed731e98e41,50-59,Male,White,happy,3,3,"[-2.4150264263153076, -2.0000784397125244, -3.4071083068847656, 7.091639518737793, -1.623279333114624, -1.9741781949996948, -1.9894742965698242]",tensor(0.9994)
surprise_c9ddf1f704e30ac1ebfa54fdce948024,10-19,Female,White,surprise,6,4,"[-3.882946014404297, -7.036404609680176, -6.1513590812683105, -0.061312805861234665, 9.821028709411621, 1.7221400737762451, -2.007077932357788]",tensor(0.9996)
angry_0e93f825a0ec1cc79a1a9c25a3994230,20-29,Female,White,angry,0,3,"[0.5924636125564575, 2.7304370403289795, -3.0604920387268066, 2.975594997406006, -2.6771833896636963, -2.7868001461029053, -2.529421329498291]",tensor(0.5297)
happy_8a738850d0ab67873fc5e716fd12df45,20-29,Female,White,happy,3,3,"[-2.444206714630127, -2.154522180557251, -3.0046777725219727, 7.006948471069336, -1.460556149482727, -2.6089601516723633, -1.9262280464172363]",tensor(0.9994)
sad_59ffda1cbd4317db7b5c173928725e2a,70+,Male,Middle Eastern,sad,5,4,"[2.030198097229004, -3.703324794769287, -3.545327663421631, 0.34732723236083984, 2.573427438735962, 2.150569438934326, -6.458266735076904]",tensor(0.4259)
fear_23b5cf7eb99ad2cf402175a20ffaa408,20-29,Female,White,fear,2,4,"[0.1571599394083023, -2.891453981399536, -2.6965510845184326, -3.0853734016418457, 4.935338497161865, 0.822608232498169, -2.1558032035827637]",tensor(0.9739)
fear_437d1dce15973a5d5922b4ceb97c6331,00-02,Female,White,fear,2,6,"[-2.8837125301361084, -3.090820550918579, 1.3345544338226318, -0.3299608826637268, -2.938255786895752, -1.8729945421218872, 4.8489813804626465]",tensor(0.9636)
angry_03e7d3052a0b1ceef044c5e13f6f43b6,20-29,Male,Latino_Hispanic,angry,0,4,"[0.7711743712425232, -4.866521835327148, -4.063771724700928, -1.0620795488357544, 5.990095138549805, 0.7784819602966309, -2.631743907928467]",tensor(0.9882)
fear_30a885b66bd630a7f6c5c2dfe2a410bc,20-29,Female,East Asian,fear,2,5,"[-2.5606391429901123, -0.9733883738517761, 0.9477860927581787, 0.4650677740573883, -3.578234910964966, 4.47509765625, -2.681727886199951]",tensor(0.9489)
sad_0e6ec740ff12503152daabff8bb65651,30-39,Female,White,sad,5,5,"[-3.4553472995758057, -4.199797630310059, -2.604519844055176, -3.297327995300293, 5.310973644256592, 5.402727127075195, -2.4445385932922363]",tensor(0.5226)
disgust_aec71c95ea96921dd09d95f02dff3d04,03-09,Female,White,disgust,1,3,"[-2.136596441268921, -2.593609094619751, -4.0300798416137695, 8.617234230041504, -2.651470422744751, -1.8460848331451416, -2.993865489959717]",tensor(0.9999)
angry_11cc2ec66debea73408992074ffcb576,20-29,Female,White,angry,0,4,"[-0.5574063062667847, -2.832092046737671, -3.03549861907959, -2.3431668281555176, 3.2923943996429443, 0.05941636860370636, 1.2327622175216675]",tensor(0.8363)
fear_60d735c4bdcdea7cafb9e3ff7c0dec9d,50-59,Male,White,fear,2,4,"[-3.7259275913238525, -5.236562728881836, 0.15596726536750793, -4.998724460601807, 3.905438184738159, 3.4037861824035645, 1.5116052627563477]",tensor(0.5810)
neutral_cd2f3b8724d4e2be3def9262e7e39078,10-19,Female,Middle Eastern,neutral,4,4,"[-4.5449700355529785, -4.7223358154296875, -3.5235586166381836, -0.8155474662780762, 6.665063858032227, -1.5433011054992676, 1.7962721586227417]",tensor(0.9915)
disgust_216faa35b857556511778f37cecfa01a,50-59,Male,White,disgust,1,4,"[0.08571426570415497, -2.4852278232574463, -2.2095947265625, -4.575491905212402, 3.7262542247772217, 0.0037887394428253174, 0.890790581703186]",tensor(0.8977)
disgust_0259d8f8607def2991418e9524771a40,50-59,Male,White,disgust,1,0,"[2.15838360786438, -1.0896023511886597, 0.8683357238769531, -5.748389720916748, -0.3953714966773987, 0.931705117225647, 0.07421308010816574]",tensor(0.5525)
happy_d4185f04f09185bebe9657f23e6d748f,20-29,Female,White,happy,3,3,"[-2.2907679080963135, -1.562039852142334, -2.5939085483551025, 6.405365467071533, -2.62774395942688, -2.3717446327209473, -0.8471263647079468]",tensor(0.9984)
fear_791bdeed79dea64babcc28ddeea35760,30-39,Male,Middle Eastern,fear,2,4,"[-0.12405739724636078, -0.9505195021629333, -1.5819758176803589, -0.2356923520565033, 1.5539416074752808, -1.417725920677185, -0.5075151920318604]",tensor(0.6033)
happy_704a48e527a63ebc16140c76e8061a32,40-49,Male,Middle Eastern,happy,3,3,"[-2.0556037425994873, -1.8537758588790894, -2.50229549407959, 5.698282718658447, -1.5033066272735596, -1.6785151958465576, -1.6783170700073242]",tensor(0.9968)
angry_10b0377214a5df0ac61f83e09a3a1d08,40-49,Male,Middle Eastern,angry,0,0,"[6.129977703094482, -2.4368207454681396, -2.7979817390441895, -4.304298400878906, 2.3278138637542725, 1.7214775085449219, -4.232301235198975]",tensor(0.9663)
fear_252783789e33e607241041b12bb06030,00-02,Male,White,fear,2,2,"[-2.7436230182647705, -2.1592020988464355, 3.702183961868286, -2.1738834381103516, -3.249188184738159, -1.2224022150039673, 2.745100975036621]",tensor(0.7146)
sad_a1bf778c50cf59978abe17e2e21c23f8,03-09,Male,White,sad,5,5,"[-2.94972825050354, -2.9156315326690674, -0.3132375478744507, -1.3228856325149536, -1.4221023321151733, 6.130657196044922, -1.5371544361114502]",tensor(0.9966)
happy_bcefa5292cafb6efcca5039a595d9de0,20-29,Female,East Asian,happy,3,3,"[-3.717972993850708, -2.4720065593719482, -3.82537579536438, 5.018832683563232, 0.7178707122802734, -5.298138618469238, 2.9149398803710938]",tensor(0.8799)
disgust_722c25d98a9f21e9e709cb3618cb3d86,03-09,Male,Latino_Hispanic,disgust,1,5,"[-2.356703042984009, 0.5110734701156616, -2.6701126098632812, -3.6012980937957764, 0.3878311514854431, 5.004459381103516, -2.148529291152954]",tensor(0.9774)
sad_4a4fd2ce63ca02a950a6fd623e0e99a3,00-02,Male,White,sad,5,4,"[-2.838059902191162, -6.86375617980957, -3.4540152549743652, -4.2611565589904785, 8.331223487854004, -3.543544054031372, 3.890871047973633]",tensor(0.9883)
disgust_273097c371cb711eec72f8e0db5abd1e,30-39,Female,White,disgust,1,1,"[1.7457060813903809, 1.8549790382385254, -2.578272819519043, -1.5128110647201538, 1.0509922504425049, -0.754203200340271, -4.350930690765381]",tensor(0.4055)
neutral_ba2dd3235eacd345423a7b715fe3d14f,20-29,Male,Indian,neutral,4,4,"[1.4072562456130981, -4.034299850463867, -4.855017185211182, -3.4454164505004883, 6.692519187927246, 1.9758456945419312, -3.60489821434021]",tensor(0.9861)
sad_f344a77dbbf273b5fa935dcce867c220,00-02,Male,White,sad,5,5,"[-3.505892276763916, -1.9767907857894897, -0.4711818993091583, -0.377398818731308, -2.9516541957855225, 9.201356887817383, -3.2952780723571777]",tensor(0.9998)
fear_1f409a3b051d84fa4baf09dbd33873b3,60-69,Male,White,fear,2,5,"[-0.5745829939842224, -2.9663281440734863, -1.9916813373565674, -3.4936907291412354, 1.4717499017715454, 4.974180698394775, -1.2056752443313599]",tensor(0.9638)
disgust_a000ac93ed7c9d74a411d31362fe7746,60-69,Female,White,disgust,1,4,"[-6.07951021194458, -7.644758701324463, -0.6462862491607666, -3.5250229835510254, 4.150153636932373, 4.033257484436035, 2.464966058731079]",tensor(0.4799)
angry_8dd926ca460e378cc6ce04a4fff986bb,30-39,Male,White,angry,0,4,"[0.44723355770111084, -5.21963357925415, -2.8815977573394775, -3.763352394104004, 6.135119915008545, 1.7227362394332886, -2.5132970809936523]",tensor(0.9844)
angry_4a0bccb9ff9a2bfbb5813dddd65a119d,30-39,Male,White,angry,0,4,"[-1.1602904796600342, -3.635063409805298, -4.076260089874268, 2.700472354888916, 6.382887363433838, -4.836035251617432, -2.781810760498047]",tensor(0.9748)
sad_9cd256c53ceaf9bf550365e697c90e35,00-02,Male,White,sad,5,5,"[-3.8591253757476807, -3.8226869106292725, 0.29562121629714966, 0.8412835001945496, -2.884816884994507, 7.381855010986328, -2.0033626556396484]",tensor(0.9976)
angry_a4d735531660b0bc6e20b8b4887b4602,03-09,Female,White,angry,0,4,"[0.8235989212989807, -1.341020941734314, -3.798795700073242, -1.7919968366622925, 1.875331163406372, -1.2765225172042847, -0.8454433083534241]",tensor(0.6549)
fear_23333696621d2eb8e5f1cd27721cf893,10-19,Male,White,fear,2,0,"[5.508330821990967, -0.08267465978860855, 3.5620808601379395, -3.5892410278320312, -4.249259948730469, -1.1725984811782837, -4.261507511138916]",tensor(0.8711)
neutral_a33ff6fd8c8b5ad60343d68c5cad0451,30-39,Male,White,neutral,4,4,"[-0.9876736998558044, -3.05700945854187, -2.531721591949463, -0.679457426071167, 2.2833845615386963, -1.7463629245758057, 0.38433974981307983]",tensor(0.7874)
fear_765929c3746698637a57e34d4d18b346,30-39,Female,White,fear,2,5,"[-1.5310156345367432, -1.260374903678894, 1.877772569656372, -2.4541738033294678, -4.887157917022705, 6.858918190002441, -2.7577550411224365]",tensor(0.9925)
sad_f09c98ec09dbc80cd4589d69a99624e9,50-59,Male,White,sad,5,5,"[0.4935855269432068, -7.797918319702148, -1.1494665145874023, -8.163590431213379, 2.440687894821167, 5.148361682891846, 2.73964786529541]",tensor(0.8562)
happy_a86240ea76f6e19b3c345ebea9dacea0,20-29,Female,Latino_Hispanic,happy,3,3,"[-2.3586390018463135, -1.5928716659545898, -2.5913147926330566, 5.461181163787842, -0.6198363304138184, -2.6843793392181396, -1.0698931217193604]",tensor(0.9944)
sad_90b9101394d1825d33430034b305baa5,20-29,Female,White,sad,5,5,"[-1.99052095413208, -0.798613429069519, -1.0352180004119873, -1.6036345958709717, -0.7694270610809326, 4.658087253570557, -1.5192253589630127]",tensor(0.9830)
sad_6d8e4578967bb94c65e05a4018b0f009,20-29,Female,White,sad,5,5,"[-2.336803674697876, -1.9394389390945435, -0.9915554523468018, -2.4345836639404297, -1.6227288246154785, 8.321965217590332, -3.759828805923462]",tensor(0.9998)
neutral_b1611af469bc9fceb93f8bee1377bdb9,20-29,Male,White,neutral,4,4,"[-3.4557502269744873, -6.393418312072754, -6.159660816192627, 2.5531888008117676, 9.890874862670898, -1.322454571723938, -2.8415608406066895]",tensor(0.9993)
happy_5f40c31dae84dfbbda209f9d38fe41c6,20-29,Female,Southeast Asian,happy,3,3,"[-1.8144367933273315, -1.5804671049118042, -2.0840744972229004, 5.856563091278076, -2.6857993602752686, -1.5875881910324097, -1.0130181312561035]",tensor(0.9968)
neutral_4391622f34809b0e137730bdf0a8828d,60-69,Male,White,neutral,4,6,"[-2.019080877304077, -2.360183000564575, -2.657869577407837, -0.15706488490104675, 1.3926076889038086, -4.318286418914795, 4.397007942199707]",tensor(0.9399)
disgust_271cee9e1e84ca3b07904ef5d80b052f,40-49,Male,Middle Eastern,disgust,1,5,"[1.2522058486938477, 1.108873963356018, -1.8999658823013306, -4.19248104095459, -0.20541606843471527, 2.5644922256469727, -2.1812386512756348]",tensor(0.6303)
surprise_8b405bca1b8f0e0d2994314ab6a000c8,40-49,Male,White,surprise,6,4,"[-0.09023232758045197, -3.342634916305542, -0.2706923186779022, -3.6808784008026123, 1.3235173225402832, 0.6586780548095703, 0.7388101816177368]",tensor(0.3946)
neutral_0804c3950fe9156c54949c904e9c3f0c,20-29,Male,White,neutral,4,4,"[-1.9186570644378662, -1.8678821325302124, -0.43200328946113586, 0.2942454218864441, 1.0597834587097168, -2.1601808071136475, 0.8009955286979675]",tensor(0.3837)
sad_be281fe4e6cd1c90dc8075eaa8a9b94c,30-39,Female,White,sad,5,5,"[0.9869410395622253, -0.7155805230140686, -4.120315074920654, -0.9094103574752808, 1.128835916519165, 3.9950647354125977, -5.224780559539795]",tensor(0.8904)
fear_fcebe4a1d9d869b1401068b7dcb2b6f8,00-02,Male,White,fear,2,4,"[-2.1315858364105225, -3.3568453788757324, -3.0988609790802, -1.774111032485962, 4.921769142150879, -2.443657875061035, 1.4184257984161377]",tensor(0.9677)
surprise_4d31aeb2c301677349aed874fd5b50dc,40-49,Male,White,surprise,6,6,"[0.8585955500602722, -3.5953853130340576, -0.7807988524436951, -8.27048110961914, 1.1334099769592285, 1.7236288785934448, 3.4208173751831055]",tensor(0.7258)
disgust_8697b4c15e4babd00d1367f661f5f21d,03-09,Male,White,disgust,1,4,"[1.1023287773132324, -3.5348291397094727, -3.425532341003418, -3.0987915992736816, 4.06528902053833, 3.953277587890625, -4.277891635894775]",tensor(0.5134)
happy_a05f12cd18b8867a4311bc9357bd0d92,20-29,Female,White,happy,3,3,"[-1.220497965812683, -1.5567137002944946, -3.1497080326080322, 5.6639204025268555, -1.5727297067642212, -1.047359585762024, -2.5024523735046387]",tensor(0.9959)
fear_2ec3624fe471b2f7f6b958bc32bab65d,40-49,Male,White,fear,2,5,"[0.3507155776023865, 0.9585707187652588, 0.6075116991996765, -2.7992775440216064, -2.8815367221832275, 1.0377165079116821, -3.2732796669006348]",tensor(0.3193)
disgust_a6e7799f7cf3c7362f4de7c99e6112f3,30-39,Male,Indian,disgust,1,3,"[-3.883507013320923, -3.9609603881835938, -4.349484920501709, 6.694580554962158, 1.7729262113571167, -1.1542754173278809, -2.901029109954834]",tensor(0.9923)
fear_d9e8d489bd4aa594a05a2306dbe2fa36,30-39,Male,Southeast Asian,fear,2,2,"[-5.264623641967773, -2.8079874515533447, 7.655463695526123, -6.867457389831543, -1.0439931154251099, 0.938788890838623, 1.6044319868087769]",tensor(0.9962)
angry_3130334d9cf6f83862781b56a5f8baa3,20-29,Female,White,angry,0,0,"[3.3344614505767822, 1.192063808441162, 0.5930526256561279, -2.554354190826416, -1.9481533765792847, -2.607174873352051, -0.9511545300483704]",tensor(0.8291)
neutral_0f2564841c62e5722a35585084094e7c,10-19,Female,White,neutral,4,0,"[8.119667053222656, -3.2126076221466064, -3.06117844581604, -6.072101593017578, 1.8017594814300537, 1.8800593614578247, -4.332881927490234]",tensor(0.9962)
fear_4d0f93549fab997fd1c1d78a166fc457,20-29,Female,White,fear,2,6,"[0.3676847517490387, -0.3096552789211273, 1.1762202978134155, -2.6025490760803223, -1.1438262462615967, -3.324993133544922, 2.911147117614746]",tensor(0.7586)
sad_504639a1d5d85d38fa5a93b83365b05e,30-39,Male,White,sad,5,5,"[-2.7483441829681396, 0.9948737025260925, -0.4811599850654602, -1.43740975856781, -4.099544048309326, 8.037232398986816, -3.5739946365356445]",tensor(0.9988)
neutral_020df88bee912f497c7c79e013ade005,00-02,Female,White,neutral,4,4,"[-0.8543621301651001, -5.504768371582031, -3.444143772125244, -1.7662347555160522, 7.20866060256958, -0.5440332889556885, -2.0103654861450195]",tensor(0.9990)
disgust_b862da8ebb4aed488a210fc75b570ebc,20-29,Female,White,disgust,1,3,"[-0.7518599033355713, -0.6691053509712219, -2.088529586791992, 2.5099658966064453, -0.60765540599823, -0.16871225833892822, -2.9437367916107178]",tensor(0.8284)
disgust_39ef14c7e95b914ccc41c1ab2cbfc9ea,40-49,Male,White,disgust,1,3,"[-1.4654688835144043, -0.012408207170665264, -2.6295242309570312, 2.941953659057617, 0.49162954092025757, -1.0210167169570923, -2.779503345489502]",tensor(0.8499)
surprise_d67b9f332e2f1d08dc8a20533c658e38,03-09,Female,White,surprise,6,6,"[-3.6879689693450928, -1.6096645593643188, -2.130631685256958, 1.8234238624572754, 0.2858450710773468, -4.022886276245117, 3.3573660850524902]",tensor(0.7845)
sad_f34df4b3b3196466c798cee4209f4f74,20-29,Female,White,sad,5,5,"[-0.5204142332077026, -3.0112392902374268, -2.3355579376220703, -3.9948716163635254, 0.3735182583332062, 8.348875045776367, -3.159198045730591]",tensor(0.9995)
happy_79cf5c88fdbf1ceac1e55345499b6011,30-39,Female,White,happy,3,3,"[-2.2874886989593506, -2.5707595348358154, -3.286402463912964, 8.504927635192871, -2.765622854232788, -2.7136857509613037, -1.6434561014175415]",tensor(0.9999)
neutral_80ca172d77346866241f2796242f5c6a,30-39,Male,White,neutral,4,3,"[-2.516695261001587, -2.7435033321380615, -2.859278440475464, 4.316806316375732, 2.301210403442383, -2.049365520477295, -3.1757588386535645]",tensor(0.8786)
fear_50c0591a4b7111784f659aed13e9044a,00-02,Male,White,fear,2,5,"[-1.8438210487365723, -3.2932283878326416, -4.711183071136475, 3.1840641498565674, 2.4102675914764404, 3.207329034805298, -4.772593021392822]",tensor(0.4105)
fear_0c76034c51f28ccdc0fc2044086a2570,30-39,Male,White,fear,2,6,"[-3.9582362174987793, -3.998730182647705, -1.8239104747772217, -0.7369329333305359, 3.863729953765869, -2.8186423778533936, 4.022040843963623]",tensor(0.5357)
disgust_7bb55274519369ceded5996e9266ab2a,50-59,Female,White,disgust,1,1,"[-1.542086124420166, 1.3622703552246094, 0.6617159843444824, -1.0488237142562866, -2.3579599857330322, 0.08026568591594696, -1.2616883516311646]",tensor(0.4963)
disgust_c65fedb22794192c3a189f6440d61b3a,30-39,Female,Latino_Hispanic,disgust,1,1,"[-0.6633018851280212, 2.9418246746063232, -4.333391189575195, 0.3004560172557831, 0.5144040584564209, -0.35107192397117615, -4.559957027435303]",tensor(0.8163)
surprise_5e16692adaef4cd2dc52a4493276e7d6,10-19,Male,Latino_Hispanic,surprise,6,2,"[-3.9835855960845947, -3.348222494125366, 2.8942019939422607, -1.9486932754516602, -0.43862807750701904, 2.3011608123779297, -0.3814848065376282]",tensor(0.6109)
disgust_d4b7b9003ecd9ee4cbb8628bd8e92658,00-02,Male,White,disgust,1,3,"[-1.5321197509765625, -3.2006266117095947, -5.414266109466553, 6.375997066497803, 0.8190369009971619, -2.3146049976348877, -2.7058792114257812]",tensor(0.9954)
sad_d923491c24620c80669ba16b512bd9e6,30-39,Female,White,sad,5,5,"[-1.1789696216583252, -5.104000568389893, -1.6919538974761963, -4.91925573348999, 2.700040578842163, 8.421609878540039, -3.059800386428833]",tensor(0.9966)
disgust_9a84c01931681d509d909a11d682d595,03-09,Male,Middle Eastern,disgust,1,1,"[2.1009979248046875, 4.8139543533325195, -3.176649570465088, -2.781801462173462, -2.029775381088257, 1.5452519655227661, -3.463853359222412]",tensor(0.9037)
angry_529ce48548e7c8e1eb18c1e113644d80,30-39,Male,White,angry,0,0,"[6.9015092849731445, 3.2439959049224854, -1.8377196788787842, -3.7671737670898438, -4.8536224365234375, 0.6156443357467651, -4.167695045471191]",tensor(0.9729)
fear_735473882c584c08362aa6d3374b186b,20-29,Female,White,fear,2,5,"[-3.8235862255096436, -4.325372219085693, 2.004852771759033, -3.282756805419922, 0.12323451042175293, 5.500967502593994, -2.232126235961914]",tensor(0.9656)
surprise_652bb274b35f137cab14c254e8c9f782,20-29,Male,Middle Eastern,surprise,6,6,"[-5.091434001922607, -4.928946495056152, -2.487220287322998, 0.9203251600265503, 2.593961477279663, -1.4450056552886963, 3.9627254009246826]",tensor(0.7643)
angry_447e78fb4a357292c4007e3fc6d3b848,30-39,Female,Middle Eastern,angry,0,4,"[-1.5521128177642822, -3.678551197052002, -4.946251392364502, 0.8680683374404907, 6.9551191329956055, -0.9432171583175659, -3.362783432006836]",tensor(0.9971)
angry_40cbbea3a9d8e518252ffaee69c586da,20-29,Male,White,angry,0,4,"[3.7817089557647705, -6.123899936676025, -2.9723732471466064, -4.3692474365234375, 5.017393112182617, 3.020334243774414, -4.344008922576904]",tensor(0.7008)
disgust_6291260b5f71765242356e9cb954de4b,50-59,Female,White,disgust,1,1,"[-1.0236393213272095, 1.6828688383102417, 0.9388595819473267, -1.9184502363204956, -2.1951520442962646, 0.07722197473049164, -1.248234748840332]",tensor(0.5423)
neutral_10319909022344b09c639d34318b461f,20-29,Female,White,neutral,4,4,"[-4.946756362915039, -5.502140998840332, -3.3206698894500732, -1.0860620737075806, 7.887173652648926, -2.412214994430542, 1.841384768486023]",tensor(0.9975)
happy_8cb4c29790b39a66a94ee07c978bf179,20-29,Female,Latino_Hispanic,happy,3,3,"[-1.7359185218811035, -0.9107750058174133, -3.2072691917419434, 5.873402118682861, -1.5572032928466797, -2.5354526042938232, -1.562760591506958]",tensor(0.9969)
angry_7ca739436ad6ef46f53e767cd1437947,30-39,Female,White,angry,0,4,"[0.596912145614624, -2.9887583255767822, -2.205476999282837, -1.8132025003433228, 4.362410068511963, 1.0282714366912842, -3.169093608856201]",tensor(0.9403)
angry_9826e6e1bb2fbd586f9c10b71297f608,03-09,Male,Latino_Hispanic,angry,0,0,"[8.08669662475586, 5.324902057647705, -3.665923595428467, -3.0042128562927246, -3.0762228965759277, -1.8995496034622192, -3.835427761077881]",tensor(0.9405)
angry_18d51023fe42863120499a80d4780a26,30-39,Male,Black,angry,0,0,"[3.567786693572998, 2.531639337539673, 1.1076292991638184, -1.8410016298294067, -3.6095099449157715, -2.496371269226074, -3.2328436374664307]",tensor(0.6902)
happy_674b174d689398fbad7545eec375fb1b,30-39,Female,Latino_Hispanic,happy,3,3,"[-2.215538740158081, -2.072692394256592, -2.7350027561187744, 6.975998401641846, -1.6670637130737305, -2.8338406085968018, -1.5529913902282715]",tensor(0.9993)
happy_b09015eaf12776581318dec12a25cc6f,20-29,Female,White,happy,3,3,"[-2.779029369354248, -1.7030566930770874, -3.187391757965088, 8.257404327392578, -3.203645706176758, -2.5242502689361572, -1.4832466840744019]",tensor(0.9998)
surprise_83eae06bea058ac99063901d67c49633,60-69,Male,Indian,surprise,6,6,"[-2.952211856842041, 1.2331911325454712, 1.2142908573150635, -2.28560733795166, -0.27655959129333496, -2.868528366088867, 1.8640949726104736]",tensor(0.4536)
fear_904cb929bb4b5f80a664ef42316a80d8,20-29,Male,White,fear,2,6,"[0.9276897311210632, -0.10948067158460617, 3.6014585494995117, -3.8096671104431152, -3.803516149520874, -4.081562519073486, 4.988149166107178]",tensor(0.7851)
neutral_0f259155a65cdb70a221ebbe106e6e59,00-02,Male,White,neutral,4,4,"[-1.760092854499817, -3.893585681915283, -1.7868385314941406, -1.6740144491195679, 4.315382480621338, -1.9291507005691528, 1.7501651048660278]",tensor(0.9207)
happy_17247fb9749a482d1fcb5803925922c6,20-29,Female,East Asian,happy,3,3,"[-2.9503936767578125, -3.2452189922332764, -3.596397876739502, 7.151142120361328, -1.307388186454773, -4.4522552490234375, 1.2317596673965454]",tensor(0.9970)
sad_ad564c96be3f30b68707174b5b1634c6,40-49,Female,East Asian,sad,5,5,"[-2.8881375789642334, -1.9113150835037231, -0.17113009095191956, 0.5897026658058167, -3.51641845703125, 6.213138103485107, -2.089015483856201]",tensor(0.9940)
sad_c99fdf76060b0fcb604eeba35bd2b0a8,40-49,Male,Black,sad,5,5,"[-2.41762375831604, -2.8496289253234863, -0.4224688410758972, -3.3694677352905273, 2.1464731693267822, 2.764930248260498, -0.9540315866470337]",tensor(0.6189)
surprise_6cf9d5d007cb7c82b78fa17320896b5a,03-09,Male,White,surprise,6,5,"[0.16995276510715485, -2.6368939876556396, -0.06093040108680725, -5.3173089027404785, 2.389833450317383, 2.887779712677002, -1.3596272468566895]",tensor(0.5731)
neutral_5096e9fd75ed1a3b064fe6b64c519ddc,20-29,Female,White,neutral,4,4,"[-2.7059121131896973, -3.704080104827881, -4.066319465637207, 1.299121618270874, 5.730131149291992, -1.846657395362854, -0.6431580185890198]",tensor(0.9857)
surprise_306fb3f7ab463f8929c79efa1602bd1b,20-29,Male,Middle Eastern,surprise,6,4,"[-5.221807479858398, -5.960968494415283, -2.552581310272217, -1.1780198812484741, 7.431212902069092, -2.5471930503845215, 2.287712574005127]",tensor(0.9939)
disgust_c9316a9fd13b0164272612879964b177,20-29,Female,East Asian,disgust,1,3,"[-3.5157241821289062, -4.54122257232666, -5.763477325439453, 5.806645393371582, 5.37603759765625, -1.8487218618392944, -2.601705312728882]",tensor(0.6057)
fear_dc3bf4dbebff0ffc3b241e482fab0111,03-09,Female,White,fear,2,6,"[-3.1434624195098877, -3.8388471603393555, 0.2516825795173645, 2.8524866104125977, -4.617743492126465, -2.229433059692383, 5.653942108154297]",tensor(0.9382)
angry_c750810a22040519e862561da78e49b8,30-39,Male,Middle Eastern,angry,0,4,"[-1.561360239982605, -4.524049758911133, -3.857719659805298, -0.8388936519622803, 8.28543758392334, -0.3736354410648346, -3.612852096557617]",tensor(0.9996)
angry_7c82c8d653c5819c8458a3fecc8c9c34,60-69,Male,Middle Eastern,angry,0,0,"[4.019178867340088, -4.046074867248535, -2.6550357341766357, -3.915297508239746, 3.4828193187713623, 2.804781198501587, -4.606093883514404]",tensor(0.5308)
sad_ecb51aa9757e6c6ecbc2b2a7a97da4c8,20-29,Female,Latino_Hispanic,sad,5,5,"[-0.37563440203666687, 0.9561471343040466, -0.9479092359542847, -3.5708470344543457, -1.6888598203659058, 5.409986972808838, -3.037339687347412]",tensor(0.9827)
disgust_0d200b0b5307901690d2ad07b69181f3,60-69,Male,Middle Eastern,disgust,1,4,"[-0.5701937675476074, -0.03113565221428871, -2.9324960708618164, -3.0841064453125, 4.28425931930542, -1.43251371383667, -0.5296989679336548]",tensor(0.9672)
happy_c2d35d54df801c1e92e32c5f083207f0,10-19,Female,White,happy,3,3,"[-2.7065117359161377, -2.5947482585906982, -3.3826301097869873, 7.837080955505371, -1.9450747966766357, -2.3222529888153076, -1.9907797574996948]",tensor(0.9998)
disgust_99765f6c3b51609aefb1d6504acb6da8,40-49,Male,Middle Eastern,disgust,1,4,"[-4.480344295501709, -0.9722063541412354, -1.363795518875122, -1.593138337135315, 3.2810964584350586, -2.3059051036834717, 2.7032480239868164]",tensor(0.6263)
disgust_d341726781f30e5afe8a14d6edcfca7b,50-59,Male,White,disgust,1,4,"[2.727890729904175, -2.175227165222168, -5.116163730621338, -1.3799309730529785, 4.501886367797852, -1.0165503025054932, -3.9418606758117676]",tensor(0.8489)
neutral_78a99ce059a71103dc52b93c61778555,20-29,Female,East Asian,neutral,4,3,"[-5.018795490264893, -4.839203357696533, -2.3536157608032227, 2.6388137340545654, 1.7132384777069092, 0.2161017656326294, 1.8323301076889038]",tensor(0.5157)
surprise_28ccb6f8aa68197fa9c4d34e9644c3de,20-29,Female,White,surprise,6,3,"[-2.2439754009246826, -1.468890905380249, -1.121545672416687, 3.869995355606079, -3.068091630935669, -2.668426036834717, 2.2464141845703125]",tensor(0.8241)
fear_f65111b2dedd5bb2c1c179ad4264853f,50-59,Male,White,fear,2,6,"[-2.797041177749634, -4.690428733825684, 0.19508185982704163, 1.442275881767273, -2.719515562057495, -2.3404555320739746, 4.373426914215088]",tensor(0.9332)
surprise_5673cd3f0625880ac7cfc901b2ad8b74,00-02,Male,White,surprise,6,4,"[-2.340273141860962, -3.4001708030700684, -5.530579090118408, 3.237278699874878, 5.551924228668213, -1.3959466218948364, -2.5251009464263916]",tensor(0.9086)
fear_a5ec5fe32854cd40f27a24d92a543863,40-49,Male,White,fear,2,3,"[-3.391801357269287, -3.058664560317993, -3.454770565032959, 8.624893188476562, -1.2752346992492676, -2.688671112060547, -2.2700490951538086]",tensor(0.9999)
fear_ac7312cd4271b5ce101bac984a6c0746,10-19,Female,Latino_Hispanic,fear,2,5,"[-2.989600419998169, -0.8170823454856873, 2.145724058151245, -2.180570125579834, -1.5315128564834595, 2.8319525718688965, -1.1602824926376343]",tensor(0.6368)
neutral_60f935d786e982b937ff62fb7da8f67c,30-39,Male,White,neutral,4,4,"[-1.038407325744629, -3.882337808609009, -3.6518006324768066, 0.8799846172332764, 5.293638706207275, 0.24471595883369446, -2.6872541904449463]",tensor(0.9795)
sad_e32667ff9ab4fb764876b66226880852,20-29,Female,White,sad,5,3,"[-2.425020456314087, -2.133636713027954, -2.5907816886901855, 6.187219142913818, -2.5738203525543213, -1.36851966381073, -0.9759625196456909]",tensor(0.9980)
sad_b766d39e275082d014699e1a447afe01,10-19,Female,White,sad,5,5,"[0.24686114490032196, -2.7016494274139404, 0.48517218232154846, -2.863264799118042, 1.345382571220398, 1.5053893327713013, -1.6111230850219727]",tensor(0.3893)
surprise_5dc6950478bdb4998fa4dfdd85db31a2,20-29,Female,Middle Eastern,surprise,6,5,"[-1.5112618207931519, -3.9143998622894287, -1.3144954442977905, -4.698904514312744, 3.7080657482147217, 5.06472635269165, -2.164236545562744]",tensor(0.7927)
sad_e12665067115c59a78074938cba620b2,60-69,Male,Middle Eastern,sad,5,0,"[4.059769153594971, 0.4432104229927063, 1.6304389238357544, -5.335525989532471, -3.581496477127075, 2.5066211223602295, -3.4392969608306885]",tensor(0.7532)
surprise_4529a3d7a8ecb2cf585afdd844ba056e,00-02,Male,White,surprise,6,4,"[-3.2241122722625732, -4.302067756652832, -3.9943974018096924, 2.8376388549804688, 4.390923976898193, -2.3254663944244385, 0.25831371545791626]",tensor(0.8132)
disgust_62f53c5d4aa1dbba70fd842c8389d74d,50-59,Male,White,disgust,1,4,"[-1.5376428365707397, -2.9803199768066406, -4.321189880371094, 3.7288360595703125, 4.352558135986328, -0.24183857440948486, -5.007767200469971]",tensor(0.6453)
neutral_1d22b279f209c50f718bf5a66e0aba49,30-39,Female,White,neutral,4,4,"[-2.916578531265259, -5.082949638366699, -5.057846546173096, 3.3853261470794678, 5.041088104248047, -2.716754913330078, -0.7686607837677002]",tensor(0.8370)
sad_ff1b3a7067e1a2c74ebe1d86eb59bbc2,30-39,Female,Black,sad,5,3,"[-0.3432266414165497, -1.5444682836532593, -3.3206496238708496, 2.1710572242736816, -0.14971259236335754, 1.2830463647842407, -3.3046460151672363]",tensor(0.6161)
disgust_9691fa7bc9613393e7b1875de087cda0,00-02,Male,White,disgust,1,3,"[-1.3225171566009521, -2.4610440731048584, -5.743982315063477, 5.983906269073486, 2.6115853786468506, -3.5836524963378906, -3.222351551055908]",tensor(0.9658)
disgust_b5e80ec713facc346571f67d36b3ee9a,40-49,Male,White,disgust,1,0,"[6.122798442840576, 2.6647026538848877, -2.0662307739257812, -5.486552715301514, -0.01381523348391056, -2.691859722137451, -1.8147640228271484]",tensor(0.9667)
sad_13b2b17b829644c34599c7a892f62481,40-49,Male,White,sad,5,4,"[-1.994211196899414, -3.926342487335205, -5.381808757781982, 0.6290035247802734, 5.738772869110107, 1.3236290216445923, -2.3209447860717773]",tensor(0.9814)
neutral_e30b84142c8fd3f32e2c37474e477476,10-19,Male,White,neutral,4,4,"[-2.2790825366973877, -5.509309768676758, -5.121992588043213, 1.7352813482284546, 7.669508457183838, -1.1050758361816406, -3.067410945892334]",tensor(0.9971)
disgust_f26801ac0242116ad0f4b23ad2f0d1ce,30-39,Male,White,disgust,1,5,"[1.070993185043335, 0.3302063047885895, -2.413217782974243, -2.9049477577209473, -0.36150798201560974, 3.2315473556518555, -2.319481372833252]",tensor(0.8283)
angry_d0480dc8c923c06f094fe25a79261f46,00-02,Female,White,angry,0,5,"[-1.7511837482452393, -3.8374550342559814, -1.1511112451553345, -4.469004154205322, 1.5088063478469849, 5.06652307510376, -0.325655996799469]",tensor(0.9649)
sad_f5a251fe7c2f5b7909cb81e430cd0b5e,20-29,Male,White,sad,5,4,"[-2.4028408527374268, -4.293272972106934, -3.0284597873687744, -1.1021567583084106, 3.02972149848938, 2.7545809745788574, 0.8657739758491516]",tensor(0.5269)
sad_9634b2a74692813d5b0e241dca731392,20-29,Male,East Asian,sad,5,5,"[-3.6155025959014893, -4.417576789855957, -3.1426796913146973, -2.163883686065674, 0.3766586184501648, 9.76211166381836, -3.172741413116455]",tensor(0.9999)
happy_6f2e4bc1ee18edce4ac7c08c101eb19a,40-49,Male,White,happy,3,3,"[-3.1298105716705322, -3.0000646114349365, -2.798952579498291, 6.3452935218811035, -1.513796091079712, -0.548115611076355, -2.146693229675293]",tensor(0.9981)
happy_fd51ec79cd93208fe349145563207f9e,20-29,Female,White,happy,3,3,"[-2.3117318153381348, -2.3753867149353027, -3.315103530883789, 5.840901851654053, 0.7524516582489014, -3.5195071697235107, -1.6719396114349365]",tensor(0.9926)
neutral_79fc216587105be031e04cd4db4b0e91,30-39,Male,White,neutral,4,4,"[-1.7909945249557495, -3.130880117416382, -3.6569156646728516, 0.08284695446491241, 4.426577091217041, 0.5072662830352783, -2.717468500137329]",tensor(0.9648)
disgust_83a673f63ab9dcf2b463102850a12040,40-49,Male,White,disgust,1,0,"[7.4509453773498535, 1.6567912101745605, -2.321423292160034, -5.984117031097412, -0.861245334148407, -0.03810092806816101, -3.2944324016571045]",tensor(0.9961)
sad_1193f166ddc5a5722189b34788cfbd0b,40-49,Female,East Asian,sad,5,5,"[-2.109785318374634, 1.306439757347107, -0.18249750137329102, 0.31072813272476196, -5.245498180389404, 2.332259178161621, -2.20386004447937]",tensor(0.6270)
angry_79492b7f1c804e84c7e724eda30b8b3a,60-69,Female,White,angry,0,1,"[2.802532434463501, 3.4386017322540283, -3.4901530742645264, -2.290493965148926, 0.4320613145828247, -2.307421922683716, -2.2838258743286133]",tensor(0.6291)
neutral_81bf5408cf3b2e972ca10e0604a5efa4,20-29,Female,White,neutral,4,4,"[0.4857299029827118, -2.2029542922973633, -4.4515299797058105, 0.0672667920589447, 3.5658037662506104, -1.9651463031768799, -1.02820885181427]",tensor(0.9143)
surprise_c478f353cac50f8a7924e44a11e2c690,00-02,Male,White,surprise,6,2,"[-2.386333703994751, -1.9716254472732544, 5.0463433265686035, -3.863128900527954, -2.8886325359344482, -0.8725043535232544, 2.3268797397613525]",tensor(0.9341)
disgust_dcac2be41b7d573ed3ac24cb15171507,20-29,Male,White,disgust,1,1,"[0.3149140477180481, 1.9725544452667236, -1.4656734466552734, -0.9405699968338013, -0.671931803226471, -2.8161354064941406, -1.1164517402648926]",tensor(0.7133)
sad_c7d02483d30925e44619c95c29d2ec76,00-02,Male,White,sad,5,4,"[-4.898756980895996, -6.681985855102539, -1.9511518478393555, -3.8926615715026855, 6.747379779815674, 1.5722779035568237, 1.8305816650390625]",tensor(0.9870)
surprise_a0afa643d7c76f4e4d130236d3f79d16,20-29,Female,White,surprise,6,6,"[-0.04671439155936241, 1.12124502658844, 1.4560816287994385, -3.337421417236328, -1.7874295711517334, -2.760416269302368, 2.256138324737549]",tensor(0.5267)
surprise_69eb0a8a36f9e7e11f3fb5bc77157a6b,20-29,Female,East Asian,surprise,6,3,"[-4.043221473693848, -3.1969428062438965, -0.08089232444763184, 3.5932083129882812, -3.762873411178589, -2.863189935684204, 3.510533571243286]",tensor(0.5129)
neutral_c69e5adb127931afb16cb2a1a578bd14,20-29,Male,White,neutral,4,4,"[3.1371266841888428, -3.25020170211792, -5.044762134552002, -2.800546646118164, 5.6369194984436035, 1.7412219047546387, -4.5373215675354]",tensor(0.9067)
fear_113259fd92b9b58550c93835b2341119,50-59,Male,Latino_Hispanic,fear,2,1,"[0.06251098215579987, 3.227724075317383, 2.566462993621826, -4.576720714569092, -3.7941277027130127, 1.5297499895095825, -3.581460475921631]",tensor(0.5734)
happy_4b01c7431c05575fa5deed294d59b925,50-59,Female,White,happy,3,3,"[-2.2446577548980713, -1.65229070186615, -1.6078972816467285, 5.518067836761475, -4.101550579071045, -2.8551580905914307, 1.3987982273101807]",tensor(0.9818)
disgust_f8cc5d6ae97ba5d84ae88de9f5c29d9d,30-39,Female,Middle Eastern,disgust,1,4,"[1.1123582124710083, -2.1808207035064697, -1.4402542114257812, -2.2363901138305664, 2.2327020168304443, -2.20757794380188, -1.4467252492904663]",tensor(0.7081)
disgust_f33caeabc94cad53430bb535f687bc59,60-69,Male,White,disgust,1,1,"[0.12907467782497406, 1.536427617073059, -1.234004259109497, -2.1015264987945557, 0.4347941279411316, 0.842515230178833, -2.3907785415649414]",tensor(0.4576)
surprise_509be96d0eb19829477ce6a254da7190,50-59,Male,White,surprise,6,6,"[-2.8042571544647217, -4.053963661193848, -4.524742126464844, 0.7728551626205444, 3.333568811416626, -3.77139949798584, 5.397911071777344]",tensor(0.8793)
fear_3f898b289d21fc845810bda76fb5475d,30-39,Female,White,fear,2,2,"[0.8551756739616394, -1.3050211668014526, 5.612629413604736, -2.513258218765259, -5.194995403289795, -5.2254719734191895, 3.7356839179992676]",tensor(0.8599)
angry_e3e8cfdbd02e1cbb0985fe688ef612a0,20-29,Male,Middle Eastern,angry,0,4,"[-0.8636428713798523, -5.986988067626953, -5.367770671844482, 2.90910005569458, 7.607000827789307, -2.7467498779296875, -3.9449033737182617]",tensor(0.9907)
neutral_29e1bc45b88559077bb0039faa2168c4,20-29,Male,East Asian,neutral,4,4,"[-2.8276426792144775, -3.963122606277466, -1.9371004104614258, -3.395005941390991, 5.356540203094482, -0.3582710027694702, 1.2912750244140625]",tensor(0.9788)
surprise_0425f808ca5800b479117105b2e87fe6,00-02,Female,White,surprise,6,6,"[-2.0688650608062744, -4.244768142700195, -0.21627169847488403, -2.904085159301758, 1.3337063789367676, -2.6705591678619385, 5.7642927169799805]",tensor(0.9850)
disgust_4a96abd4b11b39de2ea477bbe2dfba7f,30-39,Male,White,disgust,1,5,"[-2.2825100421905518, -1.5798877477645874, -4.101838111877441, 0.849004864692688, 1.4652369022369385, 2.274810314178467, -2.1119065284729004]",tensor(0.5776)
neutral_a6d55bce163e1d7dc67776e5c4c641cc,40-49,Female,White,neutral,4,5,"[-2.6606252193450928, -3.3330435752868652, -3.594000816345215, -1.782186508178711, 3.993093252182007, 4.724307537078857, -2.122802734375]",tensor(0.6734)
angry_91037755b5212063215918a932f53706,50-59,Male,White,angry,0,6,"[0.47031038999557495, -3.325019121170044, 2.0829215049743652, -2.5639801025390625, -3.2694385051727295, -4.00445032119751, 4.97261381149292]",tensor(0.9365)
disgust_96ff6efff8095ad0f5231d12678b94df,20-29,Male,White,disgust,1,4,"[-0.3807861804962158, -2.1160857677459717, -4.4088053703308105, 1.0571284294128418, 3.2130675315856934, 1.0073072910308838, -4.695165634155273]",tensor(0.7942)
sad_3341c1a496c966e599ff01094847ea63,20-29,Female,Middle Eastern,sad,5,3,"[-1.7375783920288086, -1.0286650657653809, -3.321934700012207, 3.9772558212280273, -0.03923903405666351, 0.11500610411167145, -2.910264015197754]",tensor(0.9517)
happy_0e3a1a00cc1b054e38cee7542302afd8,30-39,Female,White,happy,3,3,"[-1.9824883937835693, -2.088855743408203, -2.341197967529297, 5.741245269775391, -1.3857016563415527, -2.0894875526428223, -2.0478649139404297]",tensor(0.9972)
surprise_fb22d1d9d1f5108e0c756664fc3beb23,20-29,Female,Black,surprise,6,4,"[-3.714982271194458, -6.050880432128906, -3.049313545227051, -2.2824208736419678, 7.055051326751709, 0.8512173891067505, 0.5624440312385559]",tensor(0.9963)
disgust_a79ad8111465a90764c56a78e9071002,20-29,Female,Southeast Asian,disgust,1,4,"[-1.604383111000061, -2.0169472694396973, -1.9844578504562378, -4.457653522491455, 5.319922924041748, 1.116162657737732, -1.2685296535491943]",tensor(0.9817)
fear_442a701bddc288fd56feb92e8fb9ff29,03-09,Male,White,fear,2,5,"[-2.721142053604126, 0.6581305265426636, 1.4345252513885498, -2.472546100616455, -4.0077643394470215, 7.176785945892334, -4.20159912109375]",tensor(0.9952)
surprise_509fa1126e11446d14085427a042e17c,60-69,Male,White,surprise,6,3,"[-1.1271026134490967, -1.5097763538360596, -3.3592662811279297, 3.6089096069335938, 0.16279375553131104, -3.4666473865509033, -0.03258297219872475]",tensor(0.9306)
happy_3e87ea1f6ee312563895b17a657720f9,20-29,Female,White,happy,3,3,"[-2.329615354537964, -1.4073787927627563, -3.1296639442443848, 6.954701900482178, -2.5666534900665283, -2.5046348571777344, -1.35990309715271]",tensor(0.9992)
disgust_2e0c9b53277c7b1f071faa431123312a,70+,Female,White,disgust,1,5,"[-1.6977373361587524, -1.9497038125991821, -0.38183915615081787, 0.2598596215248108, -1.7766058444976807, 3.2775557041168213, -2.10573148727417]",tensor(0.9108)
angry_3f080a2a632df1d661ed9ddacf2e2b16,00-02,Female,White,angry,0,0,"[9.297079086303711, 1.6450626850128174, -1.1359390020370483, -4.079251289367676, -4.21446418762207, -4.323853492736816, -1.3852497339248657]",tensor(0.9995)
surprise_1a947322a3c917e4f96db3b9a89db148,70+,Female,White,surprise,6,6,"[-0.2660101056098938, -3.36478853225708, 1.8198014497756958, -1.320120930671692, -4.695934295654297, -5.7937703132629395, 6.884400844573975]",tensor(0.9926)
angry_ae0dc36390581fe8114b7817951bbb7e,03-09,Male,White,angry,0,4,"[-0.615486204624176, -3.504956007003784, -3.440091371536255, 0.40511369705200195, 4.805461406707764, 1.001746654510498, -2.6881580352783203]",tensor(0.9615)
disgust_b68c29f95fe3539a3b4d8f0b4e4e4518,20-29,Female,White,disgust,1,1,"[0.029551465064287186, 4.267424583435059, -2.288571357727051, -1.432012915611267, -1.8638896942138672, 0.21021395921707153, -2.6448893547058105]",tensor(0.9618)
happy_8232033551946a33cc02396c646c2852,20-29,Female,White,happy,3,3,"[-2.293321132659912, -1.878757357597351, -2.941664695739746, 7.390338897705078, -2.724184274673462, -2.495849609375, -1.2988531589508057]",tensor(0.9996)
neutral_c6770b4da6c35a6913d900296fd9d426,30-39,Male,White,neutral,4,4,"[-2.1053085327148438, -4.656096458435059, -3.3234596252441406, -0.013336838223040104, 6.54002046585083, 0.8680329322814941, -3.005282402038574]",tensor(0.9948)
disgust_02571c9ade11bee6f4b6b99095b8c4cc,50-59,Female,White,disgust,1,0,"[3.4260098934173584, -1.724265694618225, -1.7859036922454834, -3.588186264038086, 2.1067116260528564, 1.3201886415481567, -2.717844009399414]",tensor(0.7126)
neutral_f26b460f0c85fcb34e068286af8d5fd2,20-29,Female,White,neutral,4,3,"[-0.7916383743286133, -3.140631914138794, -4.436404228210449, 4.256382465362549, 2.978093385696411, -0.7987086772918701, -4.721639633178711]",tensor(0.7739)
sad_b583f61aec39343936c3538d3e676ed6,30-39,Female,White,sad,5,4,"[-4.110299587249756, -5.789038181304932, -3.940006732940674, -0.6264253854751587, 8.366573333740234, 1.1154464483261108, -1.90998375415802]",tensor(0.9991)
angry_7c0f2f9e81a2c8dfd621d415700c4307,50-59,Male,White,angry,0,4,"[0.4235852062702179, -2.6664066314697266, -2.4825000762939453, -3.043370485305786, 3.8579275608062744, 1.6416277885437012, -1.1525887250900269]",tensor(0.8679)
neutral_672260231b27fd6f2274d57d0bd26283,00-02,Male,White,neutral,4,3,"[-2.1234872341156006, -2.130932092666626, -3.9893970489501953, 7.298919200897217, -0.48846304416656494, -3.2924442291259766, -2.038471221923828]",tensor(0.9993)
fear_c55926983d1f59017ead5edcf12a5d35,00-02,Male,Middle Eastern,fear,2,6,"[-4.995011806488037, -4.512170791625977, 1.3024711608886719, -3.7300453186035156, 2.335200548171997, -1.5864723920822144, 4.193036079406738]",tensor(0.8229)
angry_39dbf42d6163b7a6290265fefd520992,30-39,Male,White,angry,0,5,"[0.17013539373874664, -1.7650073766708374, -1.2228975296020508, -2.47298526763916, 0.4893655776977539, 3.5007400512695312, -2.859184980392456]",tensor(0.9064)
angry_0cb0b485c5241b63a644d21f1cd76d8e,20-29,Male,Indian,angry,0,5,"[-0.9674221277236938, 0.004532431252300739, -4.6870646476745605, 2.0091471672058105, 1.3663692474365234, 2.5508618354797363, -6.310179710388184]",tensor(0.5009)
sad_d477733321c33950418497b92d20b1c1,60-69,Male,White,sad,5,4,"[0.5025420784950256, -2.399726629257202, -4.52043342590332, 0.9653958082199097, 4.3346171379089355, -3.1622977256774902, -2.383151054382324]",tensor(0.9441)
surprise_1aa2e91e8788b93f26bd0287cceb33a1,20-29,Female,Latino_Hispanic,surprise,6,6,"[-4.585012435913086, -4.339392185211182, -1.3415074348449707, 5.693673133850098, -4.883655071258545, -6.219235897064209, 8.173833847045898]",tensor(0.9227)
angry_176c50d5e9556874f41521238bbe60df,20-29,Male,White,angry,0,4,"[-1.7455213069915771, -3.879173517227173, -5.642233371734619, -1.5928834676742554, 6.7017951011657715, -2.2844269275665283, 0.07535370439291]",tensor(0.9981)
surprise_f90804f9946b1e4660e9d91a08c1d74d,20-29,Male,Latino_Hispanic,surprise,6,4,"[-3.619300127029419, -3.6496236324310303, -2.655517101287842, 0.7057566046714783, 4.545032024383545, -1.0834054946899414, -0.1236213818192482]",tensor(0.9654)
happy_6d95bdff60815ea4e725948cc389bd23,20-29,Female,Latino_Hispanic,happy,3,3,"[-2.9155499935150146, -2.651759386062622, -3.3229451179504395, 6.790510177612305, 0.275911808013916, -2.7298290729522705, -1.8935433626174927]",tensor(0.9981)
fear_550f9b1d5424e115a672bd2db6777541,40-49,Male,White,fear,2,2,"[-1.3989121913909912, -2.3433139324188232, 4.0706071853637695, -3.0951247215270996, -2.23435115814209, -1.3117011785507202, 1.4754438400268555]",tensor(0.9194)
fear_114bac9782d36f4977e58c33a8344adc,20-29,Female,White,fear,2,5,"[-1.6629784107208252, -2.282632827758789, 1.8835887908935547, -3.992689847946167, -2.457099199295044, 3.511655569076538, 0.2296634316444397]",tensor(0.8028)
disgust_78956b9bc02fb7de231bcfae784afbaa,60-69,Male,White,disgust,1,5,"[0.5356178879737854, 0.30767953395843506, -1.0237411260604858, -3.4161040782928467, 1.1321660280227661, 1.5189489126205444, -1.0064363479614258]",tensor(0.3973)
happy_2e9e5abc68a27456e583d5d632ebfd52,50-59,Male,Latino_Hispanic,happy,3,3,"[-2.5365006923675537, -2.266942262649536, -2.8419785499572754, 8.259584426879883, -2.652217149734497, -2.7309048175811768, -1.8714678287506104]",tensor(0.9999)
neutral_19f6bebbe4d391d7ba57797dc1a5e0e5,20-29,Female,White,neutral,4,4,"[-3.8713274002075195, -3.7855851650238037, -4.19351053237915, 4.614285945892334, 4.699296951293945, -2.4384186267852783, -1.299837589263916]",tensor(0.5202)
happy_fa01ab8a4ec13c13d57c47a70210af6a,20-29,Female,White,happy,3,3,"[-4.083643436431885, -2.934432029724121, -4.027958393096924, 7.903725624084473, -0.34283503890037537, -3.6310529708862305, -0.21856768429279327]",tensor(0.9994)
fear_69e747841babb200d92a8f561847f63f,50-59,Male,White,fear,2,1,"[0.7934255003929138, 2.5540502071380615, -0.9980077147483826, -4.234798908233643, -0.8570080399513245, 2.379953622817993, -3.259371280670166]",tensor(0.4812)
angry_7d49802101108f71e1825d1eb4d994ef,20-29,Female,Latino_Hispanic,angry,0,5,"[0.4350094795227051, 0.6390699744224548, 0.5672764182090759, -2.9793143272399902, -3.406179904937744, 4.929064750671387, -4.757826805114746]",tensor(0.9631)
angry_b1eda8f6e082e1bef6705bc55fb959ab,40-49,Male,White,angry,0,0,"[4.839452266693115, -2.1353626251220703, -3.9497647285461426, -3.9373176097869873, 3.1891419887542725, 1.574022889137268, -4.904663562774658]",tensor(0.8120)
sad_67a362317aa5516d9d6c6c532d335233,50-59,Male,Latino_Hispanic,sad,5,0,"[2.6514883041381836, -0.45797327160835266, 1.6196017265319824, -6.656304836273193, -2.7850964069366455, 1.9812335968017578, -1.2061676979064941]",tensor(0.5160)
disgust_e149ec9d03e134987c9b47633e9982b0,50-59,Male,Latino_Hispanic,disgust,1,4,"[1.3435945510864258, -5.273356914520264, -6.030218601226807, -0.4320489168167114, 10.494718551635742, -4.722489833831787, -3.177987575531006]",tensor(0.9999)
neutral_2ee3b45fb781e117e2ffbfa0691cb497,30-39,Male,White,neutral,4,4,"[1.7302896976470947, -3.5121476650238037, -6.1563544273376465, 2.302614212036133, 5.656829833984375, -1.6951570510864258, -5.808487415313721]",tensor(0.9475)
sad_5fc331281a93aed6d8a738c9bfe62b72,50-59,Male,White,sad,5,5,"[-3.50380539894104, -3.140277147293091, 0.18368148803710938, -0.4520977735519409, -1.2347205877304077, 5.619290828704834, -1.8026964664459229]",tensor(0.9915)
surprise_ab0a11298164205fd231a6d0862b12be,30-39,Male,Latino_Hispanic,surprise,6,4,"[-0.7843924760818481, -4.654783248901367, -4.0694804191589355, -0.8525571823120117, 6.8083953857421875, 0.5176113247871399, -2.991454839706421]",tensor(0.9971)
disgust_ebbb5a1943e6eaec38db9565e4d86220,00-02,Male,White,disgust,1,4,"[-2.6000685691833496, -3.8019800186157227, -0.8371392488479614, 0.6581056714057922, 1.2573978900909424, 1.083778738975525, -0.8379026055335999]",tensor(0.3755)
sad_ef7b2405db7e65d0d550057ee92dbfa3,30-39,Female,White,sad,5,4,"[1.1716883182525635, -3.49584698677063, -3.8291800022125244, -1.5384973287582397, 4.19996976852417, 0.920384407043457, -2.0140559673309326]",tensor(0.9157)
happy_e3f180c279b620ad79fc70f2a067c750,20-29,Female,White,happy,3,3,"[-2.2351467609405518, -1.9118475914001465, -2.4621477127075195, 5.9205451011657715, -2.0958802700042725, -2.790196180343628, -0.16155199706554413]",tensor(0.9963)
neutral_19911581936276fc2322187126b92c05,30-39,Male,White,neutral,4,4,"[-1.6880161762237549, -3.635084629058838, -2.5934057235717773, -0.7657239437103271, 6.984643936157227, -1.5325931310653687, -1.605556845664978]",tensor(0.9989)
sad_2b100104a144717104734f5b98617be7,20-29,Female,White,sad,5,5,"[0.8613799810409546, -2.3489630222320557, -3.8115053176879883, -2.8864479064941406, 2.070044755935669, 4.7237162590026855, -4.34975004196167]",tensor(0.9149)
disgust_ac59bd1c8d331e3fb47748e16beb6c5f,20-29,Female,White,disgust,1,5,"[-1.0915206670761108, -0.6519322991371155, -1.7360336780548096, -2.3887109756469727, -0.6612927913665771, 6.634994029998779, -3.797473430633545]",tensor(0.9978)
happy_8d7d92db569dc97191be430483269805,40-49,Female,White,happy,3,4,"[-4.6357502937316895, -5.028074264526367, -5.491176128387451, 1.0543453693389893, 5.270772457122803, -1.9670182466506958, 3.0546112060546875]",tensor(0.8892)
happy_697c06490933fa8c95a21b18bb5985c1,50-59,Male,White,happy,3,3,"[-3.067255735397339, -2.8331329822540283, -3.822889566421509, 9.223816871643066, -1.735658049583435, -2.9157023429870605, -2.921868085861206]",tensor(1.0000)
surprise_b8c9dbfbfdf3b201cf9510069205e1db,40-49,Female,White,surprise,6,6,"[-2.614549398422241, -3.240926504135132, 2.0828475952148438, -4.782851219177246, 1.3169727325439453, -0.7151750326156616, 2.7447662353515625]",tensor(0.5571)
surprise_36ad4a4c38547ab75110db093583d587,20-29,Female,White,surprise,6,3,"[-3.196659803390503, -2.3736977577209473, -1.2585508823394775, 4.572436809539795, -2.9482195377349854, -2.8029561042785645, 2.907994031906128]",tensor(0.8370)
neutral_7ba356d21c6b2e9260af0932f794541f,30-39,Male,White,neutral,4,4,"[-2.741791009902954, -2.187821626663208, -2.513103485107422, 0.23578819632530212, 3.5801503658294678, -4.098483085632324, 2.721623420715332]",tensor(0.6818)
disgust_1b8d4a25289742e24639296ef2a2034a,40-49,Female,White,disgust,1,5,"[-0.7568867206573486, 0.6312293410301208, 0.9413241744041443, -5.275396347045898, -1.733331561088562, 5.682930946350098, -2.712562322616577]",tensor(0.9827)
happy_f685c41c9fcad719141c4494bc715533,20-29,Female,White,happy,3,3,"[-3.387012243270874, -4.444652557373047, -3.78155779838562, 7.356385231018066, 0.5927167534828186, -1.1903423070907593, -2.041849136352539]",tensor(0.9985)
angry_69e43bf0f8660c005951a117d4a3ec71,20-29,Male,Southeast Asian,angry,0,0,"[4.513934135437012, -0.7361472249031067, -3.6120553016662598, -3.040837287902832, 0.616660475730896, 2.613590955734253, -3.9150028228759766]",tensor(0.8503)
angry_e885ed7957ebb64decb275e0a5c034ae,40-49,Male,White,angry,0,5,"[-0.46010637283325195, -2.3904340267181396, -1.7738350629806519, -2.8011841773986816, 1.5410865545272827, 5.758308410644531, -2.717766761779785]",tensor(0.9824)
angry_1adf1e40427ce52ab0b056f3303747b4,20-29,Female,White,angry,0,4,"[-0.5989759564399719, -3.4394261837005615, -1.4719792604446411, -2.5487399101257324, 5.339597225189209, -1.8376065492630005, -1.3270102739334106]",tensor(0.9937)
disgust_baafd2dd40e394d7848f824e5619a75f,20-29,Female,Middle Eastern,disgust,1,0,"[3.779193639755249, -0.3268407881259918, -4.22260856628418, -2.5520739555358887, 1.3939721584320068, 2.3734664916992188, -4.12427282333374]",tensor(0.7373)
sad_7e4435a93c7fbc72cbe28174cc0a2181,30-39,Male,Middle Eastern,sad,5,5,"[-1.4826853275299072, -3.58677077293396, 2.9806528091430664, -7.111848831176758, -1.059591293334961, 6.3733110427856445, -0.19877679646015167]",tensor(0.9652)
angry_2f776288cad33c7b3bc3ee16faa24d0d,00-02,Male,White,angry,0,5,"[-2.7952916622161865, -2.4230458736419678, -1.7545881271362305, -0.4559060037136078, -0.5354599952697754, 5.260293483734131, -2.3889784812927246]",tensor(0.9916)
surprise_dd99e098200452c2a8902cfcb8ea5df8,20-29,Female,White,surprise,6,4,"[-5.920307636260986, -6.798849105834961, -3.734755039215088, 1.5484564304351807, 5.340854644775391, -4.496421813964844, 3.771994113922119]",tensor(0.8123)
fear_03ba1d82be017f7978d82fd87c5d4d4a,20-29,Female,White,fear,2,6,"[-4.6748738288879395, -1.3826115131378174, -0.6707025170326233, 2.3806705474853516, -2.9463775157928467, -2.1971569061279297, 3.538693428039551]",tensor(0.7456)
sad_54b342073550bc4ef45fa2eb06ca0e71,20-29,Female,White,sad,5,4,"[-4.855086326599121, -4.396066188812256, -3.56439471244812, -0.5329280495643616, 8.778904914855957, -4.928126811981201, 0.9043652415275574]",tensor(0.9995)
neutral_2e6a3c99655640ea79d77979570637c2,10-19,Female,Black,neutral,4,4,"[-1.4260276556015015, -3.5064191818237305, -3.859437942504883, -3.1951701641082764, 7.127157688140869, 1.9912896156311035, -2.6950249671936035]",tensor(0.9938)
happy_1143d3acc4006883c009b4cbeec40700,20-29,Female,White,happy,3,3,"[-3.7400407791137695, -3.649841070175171, -2.86822772026062, 5.4275898933410645, 1.197173833847046, -3.1238207817077637, 0.18920618295669556]",tensor(0.9799)
angry_0deee6ca8b2fea54947eaa7ac3dd004e,20-29,Female,White,angry,0,4,"[0.4366179406642914, -4.4910383224487305, -4.458908557891846, -1.7967685461044312, 7.300863742828369, -0.061229407787323, -3.2146146297454834]",tensor(0.9982)
neutral_816ddeea29c1e32245e04107823cc808,20-29,Female,White,neutral,4,4,"[-2.3905608654022217, -3.835996389389038, -2.806727647781372, 0.7796027064323425, 5.424333572387695, -0.1791369616985321, -1.6309751272201538]",tensor(0.9853)
surprise_abbfb238cab55d32e1234be65c913702,03-09,Female,East Asian,surprise,6,3,"[-4.099014759063721, -2.680083751678467, -2.470355272293091, 7.074827671051025, -3.3078739643096924, -1.4778214693069458, 0.5095258355140686]",tensor(0.9982)
disgust_904759e00d3b90ca2ad642a9b4d466cd,10-19,Male,White,disgust,1,0,"[5.537113666534424, 2.5900344848632812, -1.159002423286438, -6.572240352630615, -1.890400767326355, 1.370862364768982, -4.363184928894043]",tensor(0.9347)
angry_91d38b48e1ad37da92457014facf450c,30-39,Female,Black,angry,0,3,"[-2.2500147819519043, -1.9539105892181396, -2.347937822341919, 6.074214458465576, -2.6614766120910645, -3.076103448867798, 0.08120555430650711]",tensor(0.9965)
fear_6fea74bdddc832e2e3e0d5f1c58b9e64,00-02,Male,White,fear,2,2,"[-1.1046730279922485, -1.0385233163833618, 4.844009876251221, -4.870789051055908, -3.087428331375122, -1.585309386253357, 2.240995168685913]",tensor(0.9247)
neutral_0e195d4af1808c629d6a3856428bbeff,20-29,Female,White,neutral,4,6,"[-2.108468770980835, -2.995894432067871, -0.8350750803947449, -0.38327527046203613, 1.652984857559204, -2.3589372634887695, 3.2343945503234863]",tensor(0.7936)
fear_e0c01c46fef390692839139b5f91f7f6,30-39,Female,Black,fear,2,3,"[-3.2105791568756104, -2.279310464859009, -0.38396769762039185, 2.5771842002868652, 0.24210944771766663, 0.1480903923511505, -2.8298869132995605]",tensor(0.7987)
surprise_818427dac54f5a4d700be637ac7c4dc7,00-02,Male,East Asian,surprise,6,6,"[-4.788252830505371, -4.3675432205200195, -3.8403706550598145, 3.7915446758270264, 1.9752275943756104, -5.618830680847168, 5.787678241729736]",tensor(0.8635)
disgust_eff0f2d7f23d199f87a65199e91ff991,30-39,Female,White,disgust,1,1,"[0.23499034345149994, 2.534151792526245, -1.290156364440918, -2.7725932598114014, -0.8681613802909851, 1.0557230710983276, -3.402430534362793]",tensor(0.7189)
fear_1f4b16dadb96ca317b770adf63beb11a,60-69,Male,White,fear,2,2,"[-3.2546627521514893, -3.2985801696777344, 2.0601210594177246, -0.3681400418281555, -1.405889868736267, -0.34415942430496216, 0.3690708577632904]",tensor(0.7124)
surprise_2b5f991b6265f366cbcec1525879427a,50-59,Male,White,surprise,6,4,"[-0.6958943009376526, -4.5905303955078125, -1.8254811763763428, -3.572291374206543, 3.43717622756958, -1.9696935415267944, -0.5590223670005798]",tensor(0.9566)
angry_e725e48cdbd3da591ea9c1a38056b7e2,50-59,Male,White,angry,0,5,"[1.7884888648986816, -3.234921932220459, -1.6603914499282837, -3.327284097671509, 2.238434076309204, 3.5369694232940674, -4.170648097991943]",tensor(0.6872)
disgust_e924a44f0ddb146865c857adbd0af8f5,20-29,Female,White,disgust,1,5,"[-2.986778736114502, -0.3080167770385742, 0.9942464828491211, -4.626626491546631, 0.7840366363525391, 1.47543466091156, -0.6948358416557312]",tensor(0.4141)
fear_9feb0b681b2cfeeef480a6aa7f80750e,50-59,Female,White,fear,2,3,"[-3.023698568344116, -1.9105135202407837, -0.6310271620750427, 3.9239892959594727, -2.806281328201294, 0.6238895654678345, -0.7228696942329407]",tensor(0.9416)
disgust_fb85e6736dbe66716d71ea78c98cfca1,50-59,Male,White,disgust,1,3,"[0.31883832812309265, -1.7772613763809204, -4.551604270935059, 3.120605945587158, 0.5497652292251587, -0.2560766339302063, -5.103304862976074]",tensor(0.8478)
neutral_e42486ec08560ee347780af22701e9fd,50-59,Male,White,neutral,4,5,"[1.1574840545654297, -0.5367949604988098, 0.5444223284721375, -4.829187393188477, -0.5432905554771423, 3.5590882301330566, -1.9885116815567017]",tensor(0.8497)
surprise_eb5666f5b8ad255c3eef8f12f91565c1,20-29,Female,East Asian,surprise,6,3,"[-2.325512647628784, -2.251655340194702, -2.9839138984680176, 6.6201605796813965, -1.7821112871170044, -3.404623031616211, 0.1441444456577301]",tensor(0.9979)
sad_82ea73e84191e00ed0b6d8752e653ceb,00-02,Male,Indian,sad,5,0,"[4.656461715698242, 2.027830123901367, -2.252690553665161, -6.291500091552734, -1.573125958442688, 4.530506610870361, -4.3540425300598145]",tensor(0.5110)
neutral_f0b8fe4c061c063f19dff911923b8623,20-29,Female,White,neutral,4,4,"[-2.777566432952881, -4.717396259307861, -3.149613380432129, -0.7431160807609558, 6.442148685455322, 1.6004948616027832, -3.157912254333496]",tensor(0.9912)
happy_a4a5053009c0e5104364d648be0bbb04,20-29,Female,Latino_Hispanic,happy,3,3,"[-0.6014242768287659, -1.897097110748291, -1.9894959926605225, 2.424694061279297, 0.4654269218444824, -2.923920154571533, -1.731006383895874]",tensor(0.8095)
fear_390b63fa689b782f20a7dfa3d295db63,30-39,Male,Middle Eastern,fear,2,2,"[1.3022596836090088, -2.207218885421753, 5.964500427246094, -8.465067863464355, -3.565251111984253, -1.1003990173339844, 1.7749625444412231]",tensor(0.9748)
happy_4f9d24e468f36e6410e5ec94e7e9ffb5,20-29,Female,White,happy,3,3,"[-2.2152953147888184, -2.0241100788116455, -2.13834810256958, 6.382077693939209, -2.8874642848968506, -2.6851565837860107, -0.06195065751671791]",tensor(0.9976)
angry_bc357dd47605fefde9a475a2404849dd,30-39,Male,White,angry,0,4,"[3.6864516735076904, -2.409682035446167, -4.685357570648193, -0.6636213064193726, 4.002509117126465, 0.5451416969299316, -4.372254848480225]",tensor(0.5643)
happy_24ad910043dfd8790bb02ab36b9d1ccf,20-29,Female,White,happy,3,3,"[-1.8868052959442139, -2.2673707008361816, -3.5618789196014404, 6.9420037269592285, -0.32588809728622437, -3.491610050201416, -2.432102680206299]",tensor(0.9989)
disgust_90f270dbea9c58520e2b7e86f746f174,00-02,Male,White,disgust,1,2,"[-0.07581917941570282, 0.620701789855957, 3.741888999938965, -3.6252708435058594, -4.591765880584717, 1.3676570653915405, -0.7437214255332947]",tensor(0.8537)
neutral_239ed996d1b406c94cdebc5212605d47,20-29,Female,White,neutral,4,4,"[-3.385096311569214, -2.415391206741333, -2.751312017440796, 0.6855741739273071, 3.586028575897217, -0.7723344564437866, 0.665167510509491]",tensor(0.8874)
fear_524dace0684ccb7c867d4638dd73111b,00-02,Male,White,fear,2,4,"[-4.563772678375244, -4.900779724121094, -1.705884337425232, -0.3177550435066223, 3.83353590965271, -0.9845513105392456, 1.7979642152786255]",tensor(0.8630)
neutral_852d619607e0770963ad068d13b0fc15,10-19,Female,East Asian,neutral,4,4,"[-1.0226526260375977, -4.63653564453125, -3.5495097637176514, -2.4728801250457764, 6.89236307144165, 0.05771598219871521, -1.1437475681304932]",tensor(0.9981)
fear_a912fad86b359ccb3d36a1ffa3fb53b8,20-29,Female,White,fear,2,6,"[-3.662946939468384, -5.691969871520996, 0.6278347969055176, -4.733592987060547, 2.7359731197357178, 0.3774014115333557, 3.960703134536743]",tensor(0.7364)
angry_b7452b922cd55ad2c4bc2449969d4705,03-09,Male,White,angry,0,0,"[6.064029216766357, 4.208750247955322, -0.7395004034042358, -3.1230406761169434, -6.50643253326416, -0.2712228000164032, -3.1486380100250244]",tensor(0.8624)
disgust_1c76051855873b175630f54da455abe0,50-59,Male,White,disgust,1,5,"[-2.3412628173828125, -0.8359429836273193, -1.6667611598968506, -2.37477970123291, 1.4703820943832397, 2.1762800216674805, 0.03880041465163231]",tensor(0.5870)
surprise_d50f18cf43a03496cd7c3864bb8fe210,00-02,Male,White,surprise,6,6,"[-2.8757030963897705, -3.073103904724121, -0.9875428080558777, 2.9109091758728027, -3.906818151473999, -2.8737664222717285, 5.292405605316162]",tensor(0.9131)
sad_fc69311c2f0bde45c0c036a1732a9071,20-29,Female,White,sad,5,5,"[-2.6859047412872314, -3.3337647914886475, -2.8742523193359375, -0.5246589183807373, 0.44784966111183167, 8.557669639587402, -3.450108051300049]",tensor(0.9995)
neutral_f307e5dd9241b9dca036af3c585b3ac0,20-29,Male,White,neutral,4,4,"[-3.1901211738586426, -3.9102489948272705, -3.8353161811828613, 3.3480918407440186, 3.754626750946045, 1.1639991998672485, -3.140354633331299]",tensor(0.5734)
sad_2ed34c40d1262fab656aa41bab1f47e8,30-39,Female,White,sad,5,5,"[-0.5816039443016052, -1.9246731996536255, 0.29843869805336, -6.708507061004639, -0.6142069697380066, 6.965400695800781, 0.19137810170650482]",tensor(0.9964)
fear_08b5604ceede8228813766d2d71b39db,20-29,Female,White,fear,2,6,"[-3.7542660236358643, -3.722015380859375, 3.682577610015869, -1.3401719331741333, -1.4409962892532349, -4.602867603302002, 5.150532245635986]",tensor(0.8106)
fear_735c0656785c2585aad1c07adbd1643e,03-09,Male,White,fear,2,4,"[-3.2534682750701904, -4.924376010894775, 0.8431043028831482, -3.7617571353912354, 2.7950832843780518, 2.3451545238494873, 1.5856587886810303]",tensor(0.4802)
disgust_fd08ee8b665baa0d8e5c8c526a122be5,60-69,Male,White,disgust,1,0,"[6.81862735748291, 1.313280701637268, -2.899604320526123, -5.659317493438721, -0.15592700242996216, -0.07028044015169144, -3.3878393173217773]",tensor(0.9939)
angry_42918856da5400835ae66586f950e317,20-29,Female,White,angry,0,4,"[-3.8765313625335693, -3.513293504714966, -1.9027119874954224, -2.1630759239196777, 5.776552200317383, 2.465233325958252, -3.0913660526275635]",tensor(0.9638)
surprise_1870081fcf1b79c56d56665e67644543,20-29,Female,Black,surprise,6,3,"[-3.1593003273010254, -3.796269655227661, -2.763511896133423, 4.323347568511963, 3.7124269008636475, -2.559732675552368, -1.9677050113677979]",tensor(0.6462)
fear_ce5b1c6893ed2f3c504ef0280249cd55,30-39,Female,White,fear,2,6,"[-2.820413827896118, -4.142868518829346, 5.126270294189453, -5.486739635467529, -1.474212884902954, -2.471082925796509, 5.208273410797119]",tensor(0.5199)
happy_8996a9f690c398712cdf8c0d95005965,30-39,Male,White,happy,3,3,"[-2.0991742610931396, -1.8221386671066284, -2.6368160247802734, 6.822062015533447, -2.126211166381836, -1.7004451751708984, -2.107239246368408]",tensor(0.9992)
sad_c86142819f2c471617ddf8aedf60f1d6,50-59,Male,White,sad,5,4,"[1.553365707397461, 0.3521125316619873, -2.57658052444458, -2.680443048477173, 2.683051824569702, 1.2060962915420532, -4.164551258087158]",tensor(0.6025)
surprise_aa1123d877a29ded288a40b9df3ee8c4,30-39,Female,Black,surprise,6,3,"[-1.8902463912963867, -1.31718909740448, -2.32600736618042, 5.858656406402588, -2.557607650756836, -2.5172455310821533, -0.5463839173316956]",tensor(0.9964)
fear_0cf47663c0ab634f23936fccce828292,20-29,Male,White,fear,2,6,"[-1.4852449893951416, -4.075400352478027, 0.7942032217979431, 3.492064952850342, -5.5956244468688965, -3.6281564235687256, 4.59887170791626]",tensor(0.7377)
angry_5c1e5489a45857c32c660475bff955cd,10-19,Male,White,angry,0,0,"[9.941431999206543, -0.7970456480979919, -4.070614337921143, -5.49524450302124, 0.20289763808250427, 1.159665584564209, -4.4077582359313965]",tensor(0.9998)
disgust_82abf1a982ac4bf0b9106b084137d47e,20-29,Female,White,disgust,1,4,"[-3.5514583587646484, -3.2901198863983154, -1.7384655475616455, -0.34869498014450073, 3.054888963699341, 0.8718528747558594, -0.9022209644317627]",tensor(0.8500)
happy_a8b5288df78aa2d09bb3a75220ea4753,20-29,Male,White,happy,3,3,"[-1.6121814250946045, -1.3698418140411377, -2.8578391075134277, 6.57464599609375, -2.8326802253723145, -2.724846839904785, -1.0743272304534912]",tensor(0.9986)
neutral_cd13ceb12295b7d9b1fb77a1b47dc860,10-19,Female,Black,neutral,4,4,"[-2.015501022338867, -4.076651573181152, -2.5110714435577393, -2.6210408210754395, 7.154968738555908, 0.02200368046760559, -0.724433422088623]",tensor(0.9986)
sad_77cdbf7950bbfd1e5ace463eb79f205a,30-39,Female,Middle Eastern,sad,5,5,"[-1.3376765251159668, 1.172477126121521, -2.4006764888763428, -2.0139219760894775, 0.6762772798538208, 3.7998554706573486, -3.5055623054504395]",tensor(0.8867)
sad_905f3667c3cdba9cfed20acdeea7f339,20-29,Female,Latino_Hispanic,sad,5,5,"[-1.8323575258255005, -2.578678846359253, -3.014071226119995, -0.9793701767921448, 2.386908769607544, 2.9498257637023926, -1.815835952758789]",tensor(0.6201)
neutral_df60bfb4c00ef30ea35c2d4e1b091189,30-39,Male,White,neutral,4,4,"[-1.56461763381958, -6.3271942138671875, -5.940864562988281, 0.10396654903888702, 10.259716033935547, 0.2352358102798462, -3.788520574569702]",tensor(0.9999)
angry_294bf92ea99335721db9e43892cc2d47,50-59,Male,Latino_Hispanic,angry,0,0,"[8.74460220336914, 0.38594600558280945, -4.339292526245117, -4.649884223937988, 1.1073436737060547, -4.461850166320801, -2.374858856201172]",tensor(0.9993)
surprise_ca8e9e07203052ecd8721eb738b9de9b,20-29,Female,White,surprise,6,4,"[-2.6687395572662354, -4.1497650146484375, -4.644551753997803, 0.48434269428253174, 8.671810150146484, -4.766095161437988, -0.09678412228822708]",tensor(0.9995)
disgust_5c0de280849ad80b90af5bfda20ef76e,30-39,Female,White,disgust,1,6,"[-0.2850826382637024, -0.5409323573112488, 1.2105976343154907, -2.8146047592163086, 0.16010332107543945, -5.7556304931640625, 3.290442943572998]",tensor(0.8192)
happy_074b43fb91f7f1096574ec2ba1b1d5f7,20-29,Female,White,happy,3,3,"[-2.308401107788086, -2.08486270904541, -2.5874814987182617, 6.603208541870117, -2.184270143508911, -2.5535411834716797, -0.6235396265983582]",tensor(0.9986)
sad_140b50a5bb4a333873ed430f4349c68a,40-49,Male,White,sad,5,5,"[-1.181715726852417, -4.837107181549072, -3.0067622661590576, -4.339329242706299, 5.057995319366455, 5.711788177490234, -1.7565656900405884]",tensor(0.6571)
neutral_bd1f9a200d07df7e37c0c4ebaccc1622,40-49,Male,Middle Eastern,neutral,4,0,"[4.6211466789245605, -1.150534749031067, -2.771862030029297, -4.356034755706787, 1.7285232543945312, 0.625354528427124, -1.7011700868606567]",tensor(0.9264)
angry_754b6f587b9bf4c0f16df54e1bdadf39,30-39,Female,White,angry,0,4,"[0.39812278747558594, 0.024529632180929184, -3.360917568206787, -3.6335201263427734, 3.499709367752075, 0.3438161611557007, -2.528089761734009]",tensor(0.8906)
happy_c315b6e364addcd0ffbfa073eadb6591,20-29,Male,White,happy,3,3,"[-2.2860307693481445, -2.034987688064575, -2.75748872756958, 7.276917934417725, -2.356201410293579, -2.913753032684326, -0.892703652381897]",tensor(0.9994)
sad_3ce3d8a1234d39b0b9c06bade391469d,03-09,Male,Black,sad,5,5,"[-2.189215660095215, -0.4160023033618927, 0.7802776098251343, -2.3645572662353516, -3.970810890197754, 8.249131202697754, -2.8071107864379883]",tensor(0.9992)
fear_92f5e1726750244bc34c86b5b96d242d,03-09,Male,White,fear,2,3,"[-2.417842388153076, -3.5440917015075684, 0.8009745478630066, 3.8518261909484863, -3.7955000400543213, -0.8056565523147583, 1.5356007814407349]",tensor(0.8632)
angry_ca46bb363fcdb72302a32febad88da09,30-39,Male,Latino_Hispanic,angry,0,0,"[4.106754779815674, -3.294076681137085, -2.8121657371520996, -4.83589506149292, 3.1591689586639404, 2.554251194000244, -3.4941203594207764]",tensor(0.6244)
angry_821ac4b43d7b18b445a61ef2e8660e2f,00-02,Male,White,angry,0,4,"[-3.9354686737060547, -5.340019226074219, -2.518289566040039, 1.173662543296814, 4.87270975112915, -1.8370522260665894, 0.4446229338645935]",tensor(0.9627)
angry_f947135071bd91dc57e4c22a7b7d61d2,20-29,Male,Latino_Hispanic,angry,0,0,"[6.897769927978516, -0.27762413024902344, -0.13250070810317993, -7.145803928375244, -2.3267464637756348, -4.063063621520996, 2.1559886932373047]",tensor(0.9896)
sad_3eec2da20a6d69dfa26b877acded216d,20-29,Female,Black,sad,5,5,"[-2.3342254161834717, -0.8880518078804016, 0.007212401367723942, -2.70194149017334, -2.4650726318359375, 8.687967300415039, -4.324547290802002]",tensor(0.9997)
fear_9c3014dd95f0c85782cef9653a8d1e0b,20-29,Female,White,fear,2,2,"[-4.796878814697266, -4.898428916931152, 5.8722710609436035, -3.9464335441589355, -1.2374026775360107, 2.837144613265991, 1.032623291015625]",tensor(0.9462)
angry_6499588c1344560923d2999abc38f244,40-49,Male,White,angry,0,5,"[-0.47719526290893555, 0.47452059388160706, -1.6593519449234009, -2.54290509223938, -1.401909351348877, 5.801505088806152, -3.1000618934631348]",tensor(0.9916)
neutral_2cecb5e34dbda576ce98ce3ebcacc084,20-29,Female,White,neutral,4,4,"[-3.17492413520813, -3.718430757522583, -4.215027332305908, 3.587831974029541, 5.761216163635254, -2.2476391792297363, -1.9274163246154785]",tensor(0.8970)
sad_5fafc54940ad5ab10ad7ecc7c78c07e7,30-39,Male,White,sad,5,5,"[-1.1641467809677124, -5.037386894226074, -3.5921506881713867, -3.793626070022583, 4.258365154266357, 6.984686851501465, -3.1597771644592285]",tensor(0.9382)
surprise_4a7fc98073eb34c19e42923456b9bf5d,20-29,Female,White,surprise,6,4,"[-3.193615674972534, -3.9335460662841797, -3.729417324066162, -1.5587433576583862, 5.949201583862305, -3.9474456310272217, 2.996495246887207]",tensor(0.9497)
sad_19911e40a54775cea2333298cae7c688,40-49,Male,Southeast Asian,sad,5,5,"[-2.6464669704437256, -4.393185615539551, -3.7224743366241455, -1.3954014778137207, 4.19196081161499, 6.777642250061035, -3.8883352279663086]",tensor(0.9296)
neutral_d5fe6214204b69a4fabf0645f563b0f2,50-59,Male,Latino_Hispanic,neutral,4,4,"[-2.274841547012329, -1.7936804294586182, -6.520942211151123, 1.826884388923645, 6.254943370819092, -1.983253836631775, -3.7399439811706543]",tensor(0.9874)
happy_af70e83aaa2404407f75ab23dccd03b3,20-29,Female,Latino_Hispanic,happy,3,3,"[-3.31868577003479, -2.662450075149536, -3.0661818981170654, 6.022089958190918, -0.545228123664856, -3.469493865966797, 0.581248939037323]",tensor(0.9939)
happy_a8375c3c54e43a528d210bdecef3c00f,60-69,Male,White,happy,3,3,"[-1.9340449571609497, -3.36215877532959, -4.773716449737549, 7.239404678344727, 2.832689046859741, -2.66278338432312, -4.5765862464904785]",tensor(0.9878)
neutral_a2a6de21274433445528f751f64d23fd,20-29,Female,White,neutral,4,4,"[0.29122400283813477, -2.428495168685913, -3.4709315299987793, 0.03815418854355812, 4.167325496673584, -1.0735191106796265, -1.7563910484313965]",tensor(0.9554)
fear_9e423b374390fe71177e83e8f00a56b9,20-29,Female,White,fear,2,6,"[-0.7795801758766174, -2.7571117877960205, 1.1431210041046143, -5.686820983886719, 0.8513588905334473, 1.144527792930603, 1.5197012424468994]",tensor(0.3332)
happy_8c51b2631dab240dd04ebbb533827e75,20-29,Female,White,happy,3,3,"[-1.6963911056518555, -1.8285942077636719, -2.6473236083984375, 5.591939926147461, -1.5900099277496338, -2.597717761993408, -1.165858507156372]",tensor(0.9963)
angry_dab1c074e5fa0392cdbce6a98d02ff95,30-39,Male,White,angry,0,0,"[5.332113265991211, -0.940981924533844, -3.52012038230896, -3.212059736251831, 0.962927520275116, -1.1639633178710938, -3.046058177947998]",tensor(0.9836)
angry_bffb9deac8c3b5a58a096e58c1472423,40-49,Male,White,angry,0,4,"[-0.057963158935308456, -5.483283519744873, -4.71565580368042, -1.850240707397461, 8.504117965698242, -1.790747046470642, -2.0609283447265625]",tensor(0.9997)
neutral_44550a2b55e81d53c8ac07128a0b96be,20-29,Male,White,neutral,4,4,"[-1.368730068206787, -2.9702816009521484, -4.0388312339782715, 3.507652759552002, 4.233511447906494, -2.149742841720581, -2.7366933822631836]",tensor(0.6706)
neutral_7e7ced5bf926f976be373d0fb06a1453,20-29,Female,Southeast Asian,neutral,4,4,"[-2.3068583011627197, -4.47717809677124, -4.7325873374938965, -0.21606943011283875, 8.552760124206543, -3.351719379425049, -0.025267845019698143]",tensor(0.9996)
sad_c7364e1d23e0dc38a24a745a466654c6,60-69,Male,White,sad,5,5,"[-0.5042961835861206, -3.062115430831909, -1.8590186834335327, -4.428014278411865, 3.3103485107421875, 4.229528427124023, -1.26787269115448]",tensor(0.7068)
neutral_261904c343ac60a1446d7293e7f50add,20-29,Female,White,neutral,4,3,"[-3.191115379333496, -3.7624900341033936, -4.705008029937744, 4.277854919433594, 3.3992927074432373, -3.078913688659668, 0.8736273646354675]",tensor(0.6895)
fear_6164f8ff6eab1db184903101a9e1b013,20-29,Female,White,fear,2,2,"[-1.4366779327392578, -1.1135108470916748, 5.77050256729126, -7.370738983154297, -1.0495326519012451, -1.6139689683914185, 1.703046441078186]",tensor(0.9798)
sad_cb263241fc104b0337809c1a6f4cdf30,30-39,Male,Black,sad,5,5,"[-3.491851806640625, -1.6960560083389282, -0.8689046502113342, 1.9985483884811401, -3.6500394344329834, 5.869670391082764, -3.4327774047851562]",tensor(0.9777)
sad_b2c7d27b8a37f1bb385f3b05a3756af2,60-69,Male,White,sad,5,3,"[-3.1327836513519287, -2.1921334266662598, -1.6180124282836914, 2.5474770069122314, -1.174797773361206, 1.872715950012207, -1.862372636795044]",tensor(0.6356)
fear_7993777b3d8d131d5f9a33bf5e7c53bf,00-02,Male,White,fear,2,4,"[-0.5940112471580505, -4.074572563171387, -0.30068182945251465, -0.3681410551071167, 2.7946550846099854, 1.8422478437423706, -4.004080295562744]",tensor(0.6626)
surprise_c2b1174bd43e621eee0438dc1c0eda3e,20-29,Female,White,surprise,6,6,"[-3.5067241191864014, -4.657343864440918, 1.929037094116211, -4.261895179748535, 1.7893447875976562, 0.019563227891921997, 3.456751823425293]",tensor(0.6946)
surprise_1da59f5f37d75d9ea334d45c6aeccdb5,30-39,Male,White,surprise,6,3,"[-3.5622425079345703, -2.6221730709075928, -2.556241989135742, 5.926990985870361, -0.631058931350708, -4.095839500427246, 1.2472777366638184]",tensor(0.9889)
neutral_ec42af2e57f4df4e66912f4b39f4f82c,20-29,Female,White,neutral,4,3,"[-3.031602382659912, -3.205557107925415, -4.0572614669799805, 4.402194499969482, 3.0297932624816895, -3.2361059188842773, -0.050528887659311295]",tensor(0.7893)
angry_d7deb62ff9e7f8c684d72b8bca01c914,30-39,Male,Indian,angry,0,0,"[6.526951789855957, -2.218442916870117, -2.610513210296631, -4.565408706665039, 2.510190486907959, -0.1438845843076706, -4.083166122436523]",tensor(0.9808)
disgust_ca0ee8ba6100a70773e210e89e3e4845,20-29,Male,Middle Eastern,disgust,1,5,"[0.9787245988845825, 2.1067826747894287, -2.594226837158203, -3.288727283477783, 0.2991860508918762, 3.6929569244384766, -5.41265344619751]",tensor(0.7649)
sad_985f7b16961f09d88193983d75b7f306,60-69,Male,White,sad,5,5,"[2.137502670288086, 0.890482485294342, -2.8331122398376465, -3.594200611114502, 1.7375555038452148, 2.534454822540283, -4.448453426361084]",tensor(0.4303)
happy_3e297fb24d38c913182746bcdfb52b32,30-39,Female,White,happy,3,3,"[-5.495371341705322, -2.8358609676361084, -2.012312412261963, 4.176846027374268, 0.587471067905426, -2.5035109519958496, 2.248023271560669]",tensor(0.8495)
surprise_f7d78d9a765d5c272065dbaeae7933fd,40-49,Male,White,surprise,6,6,"[-2.204355478286743, -1.7932847738265991, 1.0695252418518066, -2.0689315795898438, -0.9001265168190002, -5.241885185241699, 6.455192565917969]",tensor(0.9942)
happy_3e58fa2cabb35de5f6f8ea64a06db500,20-29,Female,White,happy,3,3,"[-2.1815340518951416, -1.5767019987106323, -2.596553325653076, 6.504507541656494, -2.8923661708831787, -2.619121789932251, -0.17059943079948425]",tensor(0.9980)
disgust_e0197ebcbca13e1f442fb1a575536d36,50-59,Male,Middle Eastern,disgust,1,0,"[3.7927703857421875, 1.3476148843765259, -1.1419894695281982, -3.570727825164795, -3.053640604019165, -2.139688014984131, 0.8297156095504761]",tensor(0.8696)
surprise_e25eb5dfa183a01e2605de8f7c83f0e8,40-49,Male,White,surprise,6,6,"[-1.8718492984771729, -2.9467711448669434, -1.2828550338745117, -2.0059292316436768, 1.7145195007324219, -2.3343329429626465, 4.5682291984558105]",tensor(0.9389)
happy_8e7b4d6ef57b8560178b8ad542581453,20-29,Female,White,happy,3,3,"[-2.127362012863159, -1.9422088861465454, -2.5479483604431152, 7.204142093658447, -2.8603250980377197, -2.653763771057129, -1.0168089866638184]",tensor(0.9994)
disgust_552c6c614997e5b971e675db1fe06fb5,10-19,Female,Black,disgust,1,6,"[-3.8755698204040527, -3.040872573852539, 0.8218170404434204, -4.185139179229736, 1.9080208539962769, -1.166307806968689, 3.887117862701416]",tensor(0.8383)
disgust_64f8ab06865bc1845a5987b3d55b5370,50-59,Male,White,disgust,1,3,"[-2.910507917404175, -2.496823787689209, -6.142174243927002, 6.341559410095215, 4.019675254821777, -0.8730635643005371, -6.322279453277588]",tensor(0.9099)
neutral_800ce4b222c5abda289cbb31faac81fe,40-49,Male,White,neutral,4,5,"[0.1418427675962448, -3.727003812789917, -0.24063239991664886, -5.300475597381592, 1.6879241466522217, 2.8203585147857666, 0.021668920293450356]",tensor(0.6665)
angry_0c18ae5420b420f2af1b1920dd0a550f,40-49,Male,White,angry,0,3,"[-0.4613339900970459, -0.3700888156890869, -3.7853612899780273, 5.986063480377197, -1.6737937927246094, -2.728214979171753, -3.5928075313568115]",tensor(0.9959)
angry_b49d6cce0e92d3abc2a1a71a30b40e1f,20-29,Male,White,angry,0,0,"[8.294034957885742, -1.2560828924179077, 1.7734649181365967, -4.034131050109863, -5.262418270111084, -1.9307399988174438, -2.748321533203125]",tensor(0.9984)
sad_f029e209f521872d9d0fdc30d60e2a5b,10-19,Male,Southeast Asian,sad,5,4,"[-2.0927484035491943, -2.6458606719970703, -5.41259765625, 1.940829873085022, 4.012547016143799, -0.18556691706180573, -2.2715508937835693]",tensor(0.8723)
disgust_fa384b61c1ebc2bbf606f0744a6093d4,40-49,Male,White,disgust,1,4,"[-0.5807556509971619, -0.6997560262680054, -4.088414192199707, 2.0235352516174316, 3.374922513961792, -4.892509460449219, -1.0665860176086426]",tensor(0.7647)
sad_b5e315f3458ebe13d685e9b581e635b0,10-19,Female,White,sad,5,5,"[-1.3270078897476196, -2.3717448711395264, 0.9380539655685425, -1.5975676774978638, -3.2569291591644287, 4.103448390960693, -1.1743769645690918]",tensor(0.9459)
surprise_8c2be587d8442434c63ae3216296096d,30-39,Male,White,surprise,6,4,"[-3.5384843349456787, -5.019106864929199, -2.9781296253204346, 2.1878178119659424, 3.904918909072876, -0.24767324328422546, -0.6724202036857605]",tensor(0.8283)
surprise_0bd35da998d1b087477d4708cbfcfac6,20-29,Female,Black,surprise,6,3,"[-3.252751111984253, -1.9473127126693726, -1.1930222511291504, 3.3496546745300293, -0.8633242845535278, -3.2431094646453857, 1.8647830486297607]",tensor(0.7938)
happy_b9acab26e9ee7fad5ed12349426f8ae0,30-39,Male,Latino_Hispanic,happy,3,3,"[-2.7113161087036133, -1.2734824419021606, -2.9941749572753906, 5.812798500061035, -0.8152372241020203, -2.3038346767425537, -1.1838123798370361]",tensor(0.9963)
disgust_d71b882fc9a44ef77173a1cefdf2f63d,00-02,Female,White,disgust,1,5,"[-1.5860707759857178, 0.07385595887899399, 0.45496830344200134, -2.917766571044922, -2.9505274295806885, 7.119265079498291, -3.220895767211914]",tensor(0.9976)
sad_011e2f14bffc411e8b862ebb2fdffd56,30-39,Male,White,sad,5,4,"[-2.5711889266967773, -5.031550407409668, -2.8191447257995605, -2.8255796432495117, 6.409825801849365, -0.26847371459007263, -0.5714502334594727]",tensor(0.9975)
sad_894c8403b480d3564c2d4f88c3192671,20-29,Female,White,sad,5,5,"[-4.499197483062744, -2.5323288440704346, -2.870574474334717, 0.12904398143291473, 1.8187741041183472, 4.0596747398376465, -2.3304481506347656]",tensor(0.8848)
angry_0b961014a0c575e7e796361e1bcba388,20-29,Female,White,angry,0,4,"[-4.255548477172852, -4.57834005355835, -4.704004764556885, 2.362475872039795, 4.301908493041992, -2.821601629257202, 1.5820600986480713]",tensor(0.8258)
fear_0a7f67452c048712c35329286b74be7d,30-39,Female,White,fear,2,2,"[-1.601993441581726, -2.2542104721069336, 6.849585056304932, -1.7184892892837524, -5.103370189666748, -0.45831599831581116, 0.26065516471862793]",tensor(0.9974)
neutral_162d958a2a32977989cd0802b8e4cd48,20-29,Female,White,neutral,4,4,"[-1.1919955015182495, -3.404522180557251, -4.414649486541748, 0.3464641869068146, 6.749650478363037, -1.9221982955932617, -2.2612500190734863]",tensor(0.9976)
disgust_bff68a6ebb7e5fdea9e85a23d719ae08,50-59,Male,White,disgust,1,6,"[-4.150137901306152, -1.9919309616088867, -1.9703837633132935, 1.9416213035583496, 0.05545312166213989, -3.843958616256714, 4.068906307220459]",tensor(0.8752)
sad_fc0bc7baaca2125d36157f1537b7a31e,20-29,Female,White,sad,5,2,"[-1.552507758140564, -0.7349085211753845, 2.8361916542053223, -0.031214427202939987, -3.657975435256958, 0.4202965199947357, -2.7330634593963623]",tensor(0.8389)
fear_6964551c66a1f4aec2385ccfbfaa367f,20-29,Female,White,fear,2,2,"[-2.7057597637176514, -3.275061845779419, 4.903565883636475, -3.864312171936035, -0.0014863326214253902, -3.0905580520629883, 2.413006544113159]",tensor(0.9161)
surprise_cf3cd1b35d577cabda6411545ab18fc3,20-29,Female,White,surprise,6,6,"[-2.8623931407928467, -3.759490489959717, 2.552694082260132, -2.110553503036499, -1.3452547788619995, -3.129251718521118, 5.292470455169678]",tensor(0.9371)
angry_49bff52d29cab7b922f1e9c4d5a8ad8d,30-39,Female,White,angry,0,0,"[6.384825229644775, 0.06428594142198563, -2.9859933853149414, -5.301497936248779, 0.34478211402893066, 2.5298995971679688, -4.404050350189209]",tensor(0.9752)
sad_712b997a84455c7139ef76c4074be5a1,30-39,Female,White,sad,5,4,"[0.9443572163581848, -2.7633121013641357, -3.7435951232910156, 0.3885360360145569, 4.81868314743042, -0.4967610538005829, -3.845071792602539]",tensor(0.9630)
disgust_a3502d0dc6e77945a6af823bde5a5f99,30-39,Female,White,disgust,1,1,"[-1.4703857898712158, 1.6399896144866943, 0.3682754635810852, 0.9544798135757446, -4.189093112945557, -0.916184663772583, -0.1888681948184967]",tensor(0.4831)
disgust_27e3a5de3cdeb7f328d5984456d490b0,40-49,Male,White,disgust,1,5,"[0.4158921241760254, 1.8342381715774536, -0.6560165286064148, -0.8942273259162903, -3.3094942569732666, 2.9171252250671387, -3.608060836791992]",tensor(0.6783)
neutral_6b4e0e9f0c42302d3b6993b730990ea8,03-09,Female,Latino_Hispanic,neutral,4,4,"[-2.922685384750366, -4.34624719619751, -3.3936147689819336, 0.22735148668289185, 7.231968402862549, -0.8078271150588989, -1.2722196578979492]",tensor(0.9985)
neutral_9c7f21bd16953d3f78cb96d1e930736e,30-39,Male,Latino_Hispanic,neutral,4,4,"[-2.643880605697632, -4.619563102722168, -4.393490314483643, 1.8155529499053955, 8.445775985717773, -2.3395915031433105, -2.5214829444885254]",tensor(0.9986)
fear_1653cdbb27863f771a5c098abfdaee60,30-39,Female,Black,fear,2,6,"[-2.578096389770508, -0.9684838056564331, 1.7189725637435913, -4.070173740386963, 1.2662006616592407, -2.2127931118011475, 2.8039655685424805]",tensor(0.6297)
angry_b32d93ddb40723e9ad0a9ad131b4d698,20-29,Female,White,angry,0,4,"[-2.4116904735565186, -4.013419151306152, -5.002023220062256, 2.1786561012268066, 7.755347728729248, -2.2100331783294678, -2.9250380992889404]",tensor(0.9961)
disgust_d02fa00672e6b0ac882e85c0a5802ddd,60-69,Male,White,disgust,1,4,"[-4.204518795013428, -3.905088186264038, -3.290226459503174, 3.373228073120117, 4.370660305023193, -3.717224359512329, 0.26179927587509155]",tensor(0.7213)
happy_65a1d10aabdbecce94ca24935a1bf611,20-29,Female,White,happy,3,3,"[-2.679497480392456, -2.467562437057495, -3.6222105026245117, 7.522213459014893, -0.4930199682712555, -2.8893821239471436, -1.7488558292388916]",tensor(0.9994)
surprise_e3b6ad3cac60a2a132e07a347b308a86,00-02,Female,White,surprise,6,4,"[-3.0546603202819824, -5.3362345695495605, -2.7599010467529297, -0.7321527004241943, 5.002140522003174, -1.6983307600021362, 2.8351571559906006]",tensor(0.8930)
happy_bd5add1e60dddd4a45a0671ee698ebff,10-19,Male,Middle Eastern,happy,3,3,"[-2.3566501140594482, -1.9210435152053833, -4.2386393547058105, 3.311842918395996, 2.003952741622925, 0.453456312417984, -3.255632162094116]",tensor(0.7471)
disgust_678408049ed8d59803a8456217b56310,50-59,Male,Middle Eastern,disgust,1,4,"[-1.9780073165893555, -3.931699752807617, -4.01460075378418, -2.652647018432617, 6.782630443572998, 1.0385667085647583, -1.4715900421142578]",tensor(0.9963)
surprise_5bb1b10bab7ccbfedbc1e5b2626ea1d9,20-29,Female,East Asian,surprise,6,6,"[-3.079160690307617, -1.959386944770813, 0.3504409193992615, -1.5420111417770386, 0.6261841058731079, -4.115732192993164, 4.3711466789245605]",tensor(0.9552)
neutral_f2bd68e7af57c338a0e621572ac55a32,20-29,Female,White,neutral,4,4,"[-2.665701150894165, -4.903776168823242, -4.524366855621338, 0.14946791529655457, 5.634786128997803, 1.7230061292648315, -1.4088184833526611]",tensor(0.9753)
sad_4c320e67c3914c721cadde9a60237c78,20-29,Male,White,sad,5,4,"[-0.6107261776924133, -4.165715217590332, -2.1411399841308594, -2.282194137573242, 5.846945285797119, -0.32399603724479675, -1.2626075744628906]",tensor(0.9949)
surprise_d53aa7bd0037d6fcad55e915c888c935,40-49,Male,White,surprise,6,4,"[-2.6736814975738525, -5.456140518188477, -3.1006052494049072, -3.0800344944000244, 5.044013500213623, 2.61099910736084, 0.9815922379493713]",tensor(0.9041)
surprise_40b23fe8d3d1c80983ef13413b7b8525,00-02,Female,White,surprise,6,6,"[-2.018864393234253, -2.3606455326080322, 0.48182907700538635, -0.34577128291130066, 0.10104027390480042, -2.8333680629730225, 1.7176992893218994]",tensor(0.5997)
happy_f1d62c6124276169f46c59ce83f8a74c,20-29,Male,White,happy,3,3,"[-2.350858211517334, -1.7570043802261353, -2.7207303047180176, 6.9984612464904785, -2.5374550819396973, -2.197038173675537, -0.9572201371192932]",tensor(0.9992)
angry_469bcfc1a097b33bbddff6bf0f27b3df,30-39,Male,White,angry,0,5,"[-1.2138336896896362, -0.7878469824790955, -2.634565591812134, -2.4614105224609375, 1.7120468616485596, 4.540079593658447, -2.9376182556152344]",tensor(0.9351)
happy_e4f07abdea397f53f229c0c20fc1f226,10-19,Female,East Asian,happy,3,3,"[-2.7515103816986084, -1.9614654779434204, -2.1863656044006348, 6.080308437347412, -2.796736478805542, -1.750273585319519, -0.18205006420612335]",tensor(0.9968)
fear_eb2b061ff596afb5b4e8f89c20e39615,20-29,Female,East Asian,fear,2,6,"[-5.757763862609863, -6.636605262756348, 0.4874471127986908, -5.791585445404053, 3.0178253650665283, 2.3980727195739746, 3.9424431324005127]",tensor(0.6091)
fear_237e9a40c5bac1178184d8d04e701a7f,60-69,Male,Middle Eastern,fear,2,0,"[3.08270525932312, -2.0697946548461914, -2.8033769130706787, -4.454213619232178, 2.4675679206848145, 0.3126756548881531, -1.1911182403564453]",tensor(0.6149)
fear_ae06b5466e34d9abe5770ce6692ff282,50-59,Male,White,fear,2,4,"[0.8484867811203003, -3.3905439376831055, -0.4738706946372986, -3.552518129348755, 3.3716044425964355, -3.681210517883301, 1.2234790325164795]",tensor(0.8188)
angry_3ae1e0e05091a821667d4691732adba7,40-49,Male,Black,angry,0,0,"[3.534198522567749, -1.4988436698913574, -3.050335645675659, -1.4365767240524292, 3.3808839321136475, -4.792428016662598, -1.4176464080810547]",tensor(0.5319)
neutral_95e57c4ffd4caa5a133bb3409f4ff7ee,20-29,Female,White,neutral,4,4,"[-3.6485345363616943, -3.9713046550750732, -4.069673538208008, 0.48813238739967346, 8.673346519470215, -3.8468151092529297, -0.23596683144569397]",tensor(0.9996)
angry_dc4d3985f67204a8a7adb030b72898c2,60-69,Male,White,angry,0,0,"[3.921010971069336, -2.221519947052002, -2.427096128463745, -3.897078275680542, 2.123976469039917, 1.7400952577590942, -3.5204215049743652]",tensor(0.7790)
sad_883c90485f9c4b546614ebf9173ce668,20-29,Male,Middle Eastern,sad,5,4,"[-3.854318618774414, -6.1451921463012695, -6.119164943695068, 3.232705593109131, 8.624078750610352, 0.2920541763305664, -4.809066295623779]",tensor(0.9952)
neutral_9fe6464000f13a6d403d76229712a4bc,10-19,Male,White,neutral,4,4,"[-4.758615016937256, -4.778172492980957, -1.6418263912200928, -2.322418689727783, 4.635052680969238, 4.270354747772217, -0.9919218420982361]",tensor(0.5879)
disgust_9ff7208dd19af5f878c322875022f54e,30-39,Male,Black,disgust,1,4,"[-0.9215490221977234, -0.17213191092014313, -1.8496525287628174, -2.8315606117248535, 2.4838812351226807, -3.4048361778259277, 1.8735857009887695]",tensor(0.5997)
sad_3481e673855ec62c31ba53663e83415b,50-59,Male,White,sad,5,4,"[-2.565098524093628, -3.1070196628570557, -3.9890120029449463, -1.1164053678512573, 7.177934169769287, 0.8007997274398804, -3.139000177383423]",tensor(0.9979)
fear_8822fb91c78bf36e8309c793adbba25a,30-39,Female,White,fear,2,4,"[-2.8186991214752197, -4.0352373123168945, 0.17835208773612976, -3.7149534225463867, 3.5772545337677, -1.67917001247406, 3.2019548416137695]",tensor(0.5785)
surprise_3ac23e3e5f2426aefc5d0601e0c2e604,60-69,Male,Middle Eastern,surprise,6,6,"[-2.950023889541626, -3.653425455093384, -2.415823459625244, -1.6671854257583618, 2.9948794841766357, -2.8116507530212402, 5.547870635986328]",tensor(0.9264)
sad_198da8ab0a9eb8e57cca4b778501e1c7,30-39,Male,Black,sad,5,5,"[2.866584539413452, -3.4699811935424805, -0.9527470469474792, -6.416484355926514, 2.0766007900238037, 4.620020389556885, -2.5013179779052734]",tensor(0.7957)
angry_8c11e333ca0449c36593f2d01f05d664,50-59,Male,White,angry,0,0,"[3.9657368659973145, -1.4083162546157837, -0.6311675906181335, -6.626316070556641, 0.39165744185447693, 1.8478018045425415, -0.8933554887771606]",tensor(0.8541)
angry_dbb13fc9143e57fa73febed5281bb660,30-39,Male,White,angry,0,3,"[-3.304356098175049, -4.323662281036377, -1.6096714735031128, 4.556948184967041, 0.53432297706604, -1.2142397165298462, -1.832309365272522]",tensor(0.9753)
sad_95842557273623970083aa6d8a01a130,30-39,Male,Black,sad,5,4,"[-3.0501010417938232, -6.47808837890625, -4.203500270843506, 1.5786598920822144, 7.333988666534424, 3.376617193222046, -4.978457450866699]",tensor(0.9782)
disgust_f5182f620b3110ecde09c2e21503fb0b,20-29,Female,White,disgust,1,4,"[1.4929907321929932, -0.30696630477905273, -4.259418964385986, -0.993104875087738, 3.5982565879821777, -2.395869731903076, -3.32228422164917]",tensor(0.8651)
angry_a3146ded5ccee03993457007ae8a35eb,20-29,Female,White,angry,0,4,"[-1.8687465190887451, -3.1804935932159424, -3.559178352355957, 0.7333763241767883, 4.899621963500977, -1.0634021759033203, -1.033745288848877]",tensor(0.9781)
sad_e1227f5822e533e41204ceea729768d2,20-29,Male,Latino_Hispanic,sad,5,4,"[5.9475178718566895, -3.9956576824188232, -6.09849739074707, -4.129415988922119, 6.559841632843018, 0.8317294120788574, -5.424079418182373]",tensor(0.6471)
surprise_f0d612762694dfe2b2d585e49aafb839,20-29,Female,East Asian,surprise,6,6,"[-3.5961246490478516, -4.164499282836914, -1.2671029567718506, 1.3237704038619995, 0.7304635643959045, -2.7989139556884766, 3.3350141048431396]",tensor(0.8187)
surprise_7bdc3b1567ac979bf3b31054d2e0a241,10-19,Male,White,surprise,6,6,"[-3.571302652359009, -3.5573973655700684, 0.14849314093589783, -4.123902797698975, 4.172863006591797, -4.1277241706848145, 4.976818561553955]",tensor(0.6867)
surprise_598ee043b1c99dd6c40fd1a7282034bc,20-29,Male,Black,surprise,6,2,"[-0.6510190367698669, -2.6171648502349854, 5.051441669464111, -4.115962505340576, -1.9774649143218994, -4.700130462646484, 3.2638375759124756]",tensor(0.8531)
sad_ac6f0caf1c46869ec0a504dc0b566007,20-29,Female,White,sad,5,3,"[-2.7501118183135986, -3.3040874004364014, -2.9440345764160156, 3.7590839862823486, 3.302582263946533, -1.4138414859771729, -2.679094076156616]",tensor(0.6081)
angry_868e788b6c1202d1a8c5d6273554b59c,50-59,Male,Black,angry,0,0,"[3.8806450366973877, 0.7710103392601013, -1.3999741077423096, 1.7344156503677368, -2.4448673725128174, -3.1127777099609375, -3.8250274658203125]",tensor(0.8549)
surprise_799c8ee2817af5adf1f7c09c5d99456f,20-29,Female,White,surprise,6,4,"[-5.008030414581299, -5.256551742553711, -2.507087230682373, -0.29485732316970825, 4.807685375213623, -1.807687520980835, 2.3176374435424805]",tensor(0.9165)
happy_ef64ee58f854035dab6ce3213196d0ba,20-29,Female,White,happy,3,3,"[-2.0324923992156982, -1.639085292816162, -2.396604061126709, 5.628468990325928, -1.9489741325378418, -2.109562635421753, -1.1297680139541626]",tensor(0.9964)
neutral_286bb02cb37c047a0688b92ff1d0b8fa,20-29,Female,White,neutral,4,4,"[-1.837959885597229, -4.926665306091309, -5.002862453460693, 1.3686763048171997, 7.231400966644287, 0.74223792552948, -3.46199893951416]",tensor(0.9955)
disgust_43e21e5860f3c7c81c2e7242f6ec098b,30-39,Female,White,disgust,1,1,"[3.6257498264312744, 7.105466842651367, -3.2468159198760986, -2.327280044555664, -3.630741834640503, -0.34034135937690735, -3.8693530559539795]",tensor(0.9694)
happy_76e8527a5f2a3f6e8c06ce41b3e0718f,20-29,Male,White,happy,3,3,"[-2.12666916847229, -2.4974122047424316, -3.7126595973968506, 6.889675617218018, -0.13544140756130219, -2.7431654930114746, -1.5194251537322998]",tensor(0.9986)
neutral_626e98eab2e3e96f55b8a76d8a259e71,20-29,Female,White,neutral,4,4,"[-2.4915287494659424, -4.060011386871338, -4.447555065155029, 1.3121873140335083, 6.963783264160156, -0.14565499126911163, -2.950002670288086]",tensor(0.9955)
angry_9b5a445cde46031c1b6b065016358b60,00-02,Male,White,angry,0,0,"[4.924899578094482, 2.23864483833313, -1.9980838298797607, -5.635051250457764, -1.0893194675445557, 0.9515433311462402, -3.732736825942993]",tensor(0.9169)
neutral_7d8004b3d6faf2003a63852e6cc055e8,10-19,Female,Black,neutral,4,4,"[2.9773154258728027, -1.6351674795150757, -3.1073226928710938, -3.287628650665283, 3.26802921295166, 0.1289081871509552, -3.263824462890625]",tensor(0.5546)
happy_c3b0d74105edcd1f42270506f32eb4f5,00-02,Female,East Asian,happy,3,4,"[-1.946091651916504, -5.079030513763428, -5.240199565887451, 1.0632981061935425, 6.516086101531982, -0.7471100091934204, -1.2509788274765015]",tensor(0.9944)
disgust_e234510fd852dc0d8a4df917362496fa,30-39,Female,White,disgust,1,1,"[1.0135406255722046, 5.416462421417236, -1.5061334371566772, -2.803989887237549, -2.8079004287719727, 1.7332371473312378, -2.4159140586853027]",tensor(0.9622)
happy_3f05e967f75c29e38857f03fa3422c5b,60-69,Male,White,happy,3,3,"[-2.3858397006988525, -2.4213364124298096, -3.7623565196990967, 7.606791973114014, -0.6342266201972961, -2.686911106109619, -2.782071590423584]",tensor(0.9996)
angry_b093e35e895e6f9104d1213bcff02aa9,40-49,Female,Indian,angry,0,3,"[-2.7791740894317627, -1.026103138923645, -3.4842000007629395, 5.35364294052124, -1.2471860647201538, -2.904975652694702, -0.2886078357696533]",tensor(0.9928)
happy_86ab88656f3319b6eab27d2021510891,10-19,Male,Latino_Hispanic,happy,3,3,"[-1.2509448528289795, -1.349413275718689, -2.0499255657196045, 4.08483362197876, -2.524381160736084, 0.8222811222076416, -2.4454331398010254]",tensor(0.9502)
happy_2078868b4ff293ea7667817e3777f694,20-29,Male,White,happy,3,3,"[-2.3516945838928223, -1.9764381647109985, -2.580597162246704, 6.9574408531188965, -2.8079371452331543, -1.4823309183120728, -1.3572345972061157]",tensor(0.9992)
fear_9a4e272760f2d359c161c6dd1b3e20e7,03-09,Female,White,fear,2,6,"[-2.8684465885162354, -4.079533576965332, 3.867709159851074, -1.855649709701538, -2.87851619720459, -4.880534648895264, 6.173839092254639]",tensor(0.9089)
angry_8e4e9944e88a1194248c3951e9f6c58d,50-59,Male,White,angry,0,5,"[0.9341440200805664, -1.8119457960128784, -1.8020637035369873, -0.9846546649932861, 0.25568145513534546, 3.9949307441711426, -3.9788594245910645]",tensor(0.9226)
neutral_12eba7d79a1c99ac93c092140314cd5b,20-29,Female,East Asian,neutral,4,4,"[-2.3443028926849365, -3.741010904312134, -2.2196125984191895, -0.9635758399963379, 5.797624111175537, -3.5142507553100586, 0.9832304120063782]",tensor(0.9900)
disgust_0fc9ac6d890a6353827e5260370c2fdf,20-29,Male,Black,disgust,1,1,"[1.680885672569275, 2.8886375427246094, -1.4197198152542114, -2.23441219329834, -1.0153651237487793, -0.18005648255348206, -3.3652873039245605]",tensor(0.7211)
happy_9ab53171bed042aee67d12200ea8e4d8,10-19,Female,White,happy,3,3,"[-2.4496710300445557, -2.0732438564300537, -2.942734956741333, 6.834258079528809, -2.102128505706787, -1.6426490545272827, -1.7192728519439697]",tensor(0.9992)
angry_ad4dd9a07fbe492a261bbe180908b9f0,20-29,Female,Middle Eastern,angry,0,4,"[-0.5269254446029663, -3.3613831996917725, -4.310582637786865, -1.2640812397003174, 4.737668514251709, 2.1164369583129883, -2.0852887630462646]",tensor(0.9243)
angry_a7ac870c090e4ac005114b7d774130cf,20-29,Female,Indian,angry,0,3,"[-1.0979571342468262, -2.5433785915374756, -4.47382116317749, 3.485907554626465, 2.3255960941314697, 1.0770466327667236, -4.058380603790283]",tensor(0.7058)
sad_4e05b095e5be2865da50f3d387683867,20-29,Male,East Asian,sad,5,5,"[-3.372577667236328, -3.562054395675659, -1.7317469120025635, -1.9842374324798584, 2.120717763900757, 2.475888967514038, 0.6793977618217468]",tensor(0.5267)
fear_7626bb3732073ffe2adccda9830cc409,20-29,Female,White,fear,2,0,"[3.8205406665802, -1.1360632181167603, -1.6972261667251587, -5.4801812171936035, 1.0461182594299316, 2.527839422225952, -2.229599952697754]",tensor(0.7405)
fear_a5ad3021a44b9b118e8e742dd68c5057,20-29,Male,East Asian,fear,2,4,"[-0.6119169592857361, -3.945680618286133, -3.5834126472473145, -1.6307313442230225, 6.145824909210205, -1.9516159296035767, 0.04074081405997276]",tensor(0.9958)
sad_3b5f4a0e122c63b817c2b149f2f5fceb,00-02,Male,White,sad,5,4,"[-0.6629101037979126, -4.4128522872924805, -2.9528250694274902, -1.2997335195541382, 4.042882442474365, 3.80830979347229, -2.870020866394043]",tensor(0.5534)
disgust_1cb6c660a9c4d7c6eba2a91a360886a6,50-59,Male,Latino_Hispanic,disgust,1,4,"[2.531250238418579, -0.6881719827651978, -2.9887773990631104, -5.114070415496826, 3.7567780017852783, 1.1759839057922363, -3.8151137828826904]",tensor(0.7231)
happy_23e778db963d6a5c48d5d0209d67aaa6,30-39,Male,White,happy,3,3,"[-2.2256815433502197, -1.9995580911636353, -2.3627614974975586, 5.935495853424072, -2.015503168106079, -1.870287537574768, -1.0706374645233154]",tensor(0.9974)
neutral_af4daf9bdd1bae7ce05733fb9d6a33d5,20-29,Female,White,neutral,4,4,"[-0.42177656292915344, -3.8112423419952393, -2.7155280113220215, -4.128788471221924, 5.131787300109863, 2.678347110748291, -0.5460426211357117]",tensor(0.9142)
fear_ddb66723ddbba5bb3e7613f2516f23fe,20-29,Male,Black,fear,2,2,"[-2.192289352416992, -4.062132835388184, 5.6527018547058105, -6.2173380851745605, -0.1960519254207611, -2.285240650177002, 2.5792040824890137]",tensor(0.9524)
fear_331f8455ea4c5b8d760130030d36df15,03-09,Male,Latino_Hispanic,fear,2,6,"[-3.2300240993499756, -6.044268608093262, 2.8298072814941406, -5.591784954071045, -0.14717485010623932, 0.8226964473724365, 5.261806964874268]",tensor(0.9055)
neutral_17c8a3bcc799a38adde9c6c08dda2e7f,30-39,Female,Latino_Hispanic,neutral,4,4,"[0.932690441608429, -2.4194834232330322, -4.05540657043457, -2.0813186168670654, 5.1465535163879395, 1.1323578357696533, -3.643329620361328]",tensor(0.9668)
surprise_c7385a1f852bf67c72c5e869632d784d,40-49,Male,Latino_Hispanic,surprise,6,6,"[-2.0797278881073, -1.9645224809646606, -0.02550731599330902, -0.8537746667861938, 0.4998018741607666, -5.0692362785339355, 4.0272698402404785]",tensor(0.9441)
surprise_13182c1a3f6f22dbc6615e2008431780,20-29,Female,White,surprise,6,3,"[-1.9980227947235107, -1.0686479806900024, -2.688704013824463, 5.337193012237549, -1.614609956741333, -3.025829315185547, 0.036509182304143906]",tensor(0.9913)
disgust_2069d6d55f774efd5dd93d6ba8b628f3,20-29,Female,White,disgust,1,1,"[1.9973819255828857, 5.369258403778076, -2.696439266204834, -3.4407405853271484, -4.093974590301514, 3.8686161041259766, -4.317898273468018]",tensor(0.7950)
neutral_2685a0e95fdd0ce1c953193182fb52ed,20-29,Female,White,neutral,4,4,"[-2.6851918697357178, -2.505108118057251, -4.453721046447754, 3.0569071769714355, 3.3492095470428467, -0.5627560615539551, -2.01434063911438]",tensor(0.5628)
disgust_dca0dc8015637a6ac24b6d5de9d2a5f9,50-59,Male,White,disgust,1,6,"[-3.0908305644989014, -3.62886118888855, -0.3335821330547333, -2.1733365058898926, -2.954732656478882, -2.1597132682800293, 9.008905410766602]",tensor(0.9999)
angry_ed4cd5c179807469504abce91edd1b78,50-59,Male,White,angry,0,5,"[-0.7272481918334961, -1.1882469654083252, -2.4514946937561035, -0.6559785604476929, 0.7495729923248291, 2.823232650756836, -2.056674003601074]",tensor(0.8223)
disgust_07ac6c5f19a3cb3b1c34c074142610d9,50-59,Male,White,disgust,1,1,"[1.2340365648269653, 6.656561851501465, 0.26124492287635803, -5.651703834533691, -1.9560010433197021, 0.3372154235839844, -3.36887788772583]",tensor(0.9919)
happy_602d8c1a05a15ae4791c4d6611b4b193,03-09,Female,East Asian,happy,3,3,"[-2.7784221172332764, -2.33870005607605, -3.562772274017334, 8.215914726257324, -2.3268673419952393, -2.509768486022949, -1.4274582862854004]",tensor(0.9998)
angry_783f746d917870df4d5640ce55ea0a5c,30-39,Male,White,angry,0,1,"[-0.08695055544376373, 0.7806111574172974, -2.090743064880371, 0.6783732175827026, -1.3523963689804077, -0.39527976512908936, -2.1123032569885254]",tensor(0.3494)
surprise_31059785c74e6ecf1f89783832b20978,20-29,Male,White,surprise,6,4,"[-3.875840425491333, -6.333378791809082, -1.6664139032363892, -2.8225831985473633, 5.654042720794678, 1.8374272584915161, -0.5547608733177185]",tensor(0.9756)
fear_995efb8710d48fc04ce9b1b3d04ab5c3,30-39,Male,White,fear,2,4,"[-1.1832183599472046, -4.0195512771606445, 0.5478769540786743, -2.134678363800049, 3.6639013290405273, -1.1031144857406616, -1.4756057262420654]",tensor(0.9345)
sad_115bafef55313dc749c6bce5ae529d4d,00-02,Male,White,sad,5,5,"[2.349159002304077, 1.2485272884368896, 1.8494133949279785, -7.618476867675781, -5.215753078460693, 5.369342803955078, -2.7227067947387695]",tensor(0.9133)
fear_9f0d8ec03a661ea3edbc10267fc63f62,20-29,Male,Southeast Asian,fear,2,6,"[-4.90047550201416, -3.13965106010437, 4.734343528747559, -5.771702289581299, 0.2259002923965454, -1.9380817413330078, 5.125468730926514]",tensor(0.5935)
disgust_3fcd3dcf9bd4f9e25694d68b57f4ffb5,40-49,Female,White,disgust,1,4,"[-4.139327049255371, -4.2769975662231445, -1.2413568496704102, -3.9217207431793213, 4.1227617263793945, -1.0146313905715942, 3.8052492141723633]",tensor(0.5749)
angry_ccb0e482e416e13b80322b6675d43702,50-59,Male,Latino_Hispanic,angry,0,4,"[-3.040038824081421, -4.659951686859131, -3.341240406036377, -2.505420684814453, 6.537893772125244, -1.812376618385315, 2.055629253387451]",tensor(0.9883)
happy_a6baaf5e3091a13178ccd6b6cce2140f,20-29,Male,Southeast Asian,happy,3,3,"[-2.388733148574829, -1.843566656112671, -2.7470996379852295, 6.60287618637085, -1.9259893894195557, -2.1230969429016113, -1.4667574167251587]",tensor(0.9989)
happy_d21041862c05ef0b3b8da5a6e3ecda34,20-29,Female,East Asian,happy,3,3,"[-3.8167312145233154, -0.7924643754959106, -2.516357421875, 4.381566047668457, -1.2104191780090332, 0.03383563458919525, -2.7476162910461426]",tensor(0.9762)
neutral_f3f4be41a9dd93297b3ee03362568e2b,20-29,Female,White,neutral,4,5,"[-2.3540613651275635, -0.5553718209266663, -1.1377503871917725, -1.6820615530014038, 0.29858285188674927, 3.06533145904541, -0.9343511462211609]",tensor(0.8803)
angry_7c54bd3d0e34c2d1ef1eceb5110d04f2,40-49,Male,White,angry,0,4,"[-2.482193946838379, -5.643796443939209, -4.351856708526611, -0.2669502794742584, 8.292045593261719, 0.6229702234268188, -2.7467641830444336]",tensor(0.9993)
disgust_b5be9094fe643ea64811a900af41ab24,20-29,Female,Middle Eastern,disgust,1,3,"[-2.8691494464874268, -3.2443313598632812, -4.04221248626709, 6.776350021362305, 0.8353022336959839, -3.9378137588500977, -1.5221577882766724]",tensor(0.9970)
fear_1d8883eea2b64ce660bf1167470ecb15,30-39,Male,White,fear,2,2,"[-1.5936957597732544, -0.597223699092865, 6.920936107635498, -7.388736248016357, -3.001197576522827, -0.5040373802185059, 1.4858099222183228]",tensor(0.9943)
angry_ea723b9bcefa3de6cb6957812c14a817,30-39,Male,White,angry,0,0,"[7.4083571434021, 3.3649773597717285, -0.028744399547576904, -6.8407087326049805, -3.7462687492370605, -0.028081640601158142, -3.0932135581970215]",tensor(0.9816)
angry_24c089efffb0fe482ff2559e02378010,20-29,Female,White,angry,0,0,"[2.8096961975097656, 1.0343430042266846, -1.986317753791809, 0.23750028014183044, -2.356403112411499, -0.27459216117858887, -4.609142303466797]",tensor(0.7656)
happy_1926ea4b74f37fb1969d75887a83ba5a,30-39,Male,Black,happy,3,3,"[-2.4387993812561035, -1.713017463684082, -2.362064838409424, 6.459527969360352, -2.182410478591919, -1.6176518201828003, -1.7333184480667114]",tensor(0.9987)
neutral_a52b6fec0d94d05558730a02f96248fd,03-09,Male,Indian,neutral,4,3,"[-3.4025371074676514, -2.905103921890259, -1.597938060760498, 3.388033151626587, 1.1258753538131714, -2.5324625968933105, 0.13158978521823883]",tensor(0.8657)
fear_f965bf3844355964603e44487d5eced6,20-29,Female,Middle Eastern,fear,2,3,"[-1.3526095151901245, -1.977007508277893, -4.161505222320557, 4.302988529205322, 0.6167415380477905, -0.3803160488605499, -2.9452216625213623]",tensor(0.9610)
sad_4894c3c14caf928f35be86df05931fe2,30-39,Male,White,sad,5,4,"[3.3155062198638916, -6.398624897003174, -2.575160503387451, -6.1287078857421875, 4.925902843475342, 4.449126720428467, -4.050193786621094]",tensor(0.5491)
neutral_046e728e5108777c8b19c63d922e0d29,20-29,Female,White,neutral,4,4,"[-2.222700357437134, -4.549524307250977, -4.495415210723877, 2.3340251445770264, 5.556247711181641, 1.282431960105896, -4.003190517425537]",tensor(0.9484)
disgust_e207dc1e8c67a1f6c764456db3aaca07,40-49,Male,White,disgust,1,4,"[-0.1795637607574463, -0.4629065990447998, -1.4742112159729004, -2.9490861892700195, 3.127528429031372, -1.5261746644973755, -0.06699175387620926]",tensor(0.8873)
disgust_a3a51ad38e858add56ebe863dc80e456,30-39,Male,Middle Eastern,disgust,1,5,"[0.9364326596260071, 0.2139964997768402, -2.5532350540161133, -3.1073684692382812, 0.6734742522239685, 3.5906548500061035, -3.9377644062042236]",tensor(0.8602)
angry_4bac5d212cc6cced78a795be21558a9b,03-09,Female,White,angry,0,0,"[3.9586527347564697, -2.499370813369751, -2.36346697807312, -5.985042095184326, 2.4845492839813232, 2.849120616912842, -3.016833543777466]",tensor(0.6398)
angry_1dd0eff9cf94da5348167603c40607e4,20-29,Female,White,angry,0,0,"[2.3792004585266113, 1.17819082736969, -1.0300906896591187, -4.418544292449951, 0.20257484912872314, 1.7867318391799927, -2.340240001678467]",tensor(0.4974)
surprise_7128c1d5ca4a4a4d4ca0df3fd429c14a,30-39,Female,Black,surprise,6,2,"[-2.9128611087799072, -2.952009916305542, 4.871653079986572, -2.361487865447998, -2.9400510787963867, -2.185408353805542, 4.162913799285889]",tensor(0.6689)
angry_5ade81157946c1a827dd994ac34a315d,50-59,Male,Southeast Asian,angry,0,5,"[4.854057788848877, -3.2118170261383057, -0.9644234776496887, -7.399575233459473, -0.44413167238235474, 7.713283538818359, -5.331634044647217]",tensor(0.9454)
surprise_f56f548b94ce4c94d6a3332f2abdcae9,40-49,Male,White,surprise,6,3,"[-1.9306036233901978, -2.06418514251709, -1.3558355569839478, 4.702676773071289, -2.0826752185821533, -0.7243121862411499, -1.2971816062927246]",tensor(0.9874)
sad_366e808df4e3bc25705c488c2e58b752,50-59,Male,White,sad,5,4,"[1.9174761772155762, -3.73228120803833, -6.135477542877197, -1.3382900953292847, 8.195940017700195, -3.8468618392944336, -2.450381278991699]",tensor(0.9980)
angry_bd0dc576015723518140bb39d4158da4,03-09,Male,Black,angry,0,4,"[0.13405965268611908, -1.5721317529678345, -1.177857518196106, -5.046170711517334, 3.872934341430664, 0.585822582244873, -2.2744550704956055]",tensor(0.9310)
fear_b65ee9de8f818723c410ac8626afd494,40-49,Male,Middle Eastern,fear,2,2,"[1.0245115756988525, 0.3103315234184265, 5.979208469390869, -5.580009937286377, -4.937546730041504, -0.9383872747421265, 1.363523244857788]",tensor(0.9790)
angry_28b68f13619c4cf485845c5cc6ef87d0,30-39,Male,Middle Eastern,angry,0,4,"[0.8685530424118042, -4.316800117492676, -4.1225104331970215, -1.395108938217163, 4.543731212615967, 2.7537364959716797, -3.7017786502838135]",tensor(0.8365)
fear_44a115255526aa62c896c4df158254d9,20-29,Male,White,fear,2,2,"[3.011636972427368, -1.7211402654647827, 5.344809532165527, -2.9647912979125977, -5.176325798034668, -0.8403112888336182, -1.4713315963745117]",tensor(0.9080)
happy_ee8c9da6eba295d81ab4d8f91ecdc86d,40-49,Male,White,happy,3,3,"[-2.27679181098938, -2.00067138671875, -3.2296881675720215, 7.32166051864624, -1.2035796642303467, -2.8823471069335938, -2.186089515686035]",tensor(0.9995)
angry_09530f7e757e89a0342a247da93548a4,20-29,Male,White,angry,0,4,"[4.069713115692139, -2.594327688217163, -5.062684535980225, -0.5036693215370178, 5.087741374969482, -1.7270156145095825, -5.2400126457214355]",tensor(0.7317)
angry_fe9205fd7a9f762869036ad1794a15eb,30-39,Male,White,angry,0,0,"[6.216804504394531, 5.818726062774658, -0.09977284073829651, -6.097253322601318, -4.362644672393799, 0.1418517827987671, -3.709932327270508]",tensor(0.5967)
fear_254c6f635c09a71b9cb34e7c1a3ffe96,20-29,Female,White,fear,2,5,"[-1.520843267440796, -2.542865753173828, -2.5392420291900635, -0.6475370526313782, 2.45086932182312, 2.7825264930725098, -3.156852960586548]",tensor(0.5631)
sad_1d4b25294e4af1b9bb30734ed750e634,40-49,Male,Latino_Hispanic,sad,5,4,"[0.9201251268386841, 0.9783496260643005, -2.6069655418395996, -3.811342716217041, 2.150820732116699, -0.7417124509811401, -1.0044463872909546]",tensor(0.5845)
sad_e5e8e98bde07001e554037689afb526b,00-02,Male,White,sad,5,5,"[-0.7948384881019592, -0.48017972707748413, 0.4461892247200012, -2.6674118041992188, -4.632055759429932, 8.742743492126465, -3.712027072906494]",tensor(0.9996)
fear_5a141ff48d370b2c6b1e3622b26d2335,20-29,Female,White,fear,2,2,"[-3.5441734790802, -2.9427483081817627, 3.5001535415649414, -2.6232035160064697, 0.020223019644618034, -2.2527694702148438, 2.9342703819274902]",tensor(0.6225)
surprise_ccba89c5b081ea0a5355b5d1ff0cd55f,20-29,Female,White,surprise,6,4,"[-4.0459465980529785, -4.0342559814453125, -3.6158416271209717, 1.764224648475647, 6.210736274719238, -2.9034390449523926, 0.37788310647010803]",tensor(0.9853)
happy_2ddbfa84804d59e20e2723ee9467dc6f,30-39,Male,East Asian,happy,3,3,"[-4.590580463409424, -3.0024962425231934, -3.126715660095215, 9.289164543151855, -3.077883243560791, -2.27689790725708, -0.961421012878418]",tensor(0.9999)
happy_b244684a8cccd96bbbf27058e65c4143,30-39,Male,White,happy,3,0,"[2.9775373935699463, -0.8566678166389465, -1.3760372400283813, -3.702390193939209, 1.1252940893173218, 0.9185885190963745, -3.1921958923339844]",tensor(0.7563)
fear_3a85aa9605a2cb6ee3de2b02496400cb,00-02,Male,White,fear,2,5,"[-2.12524151802063, -3.684201240539551, -0.6375956535339355, -4.139016151428223, 1.5892813205718994, 4.254786968231201, 0.35269495844841003]",tensor(0.9095)
happy_4f11a3740e4c8862c183ea893377332b,20-29,Male,Latino_Hispanic,happy,3,3,"[-1.9321532249450684, -2.095940351486206, -2.7747912406921387, 7.395690441131592, -2.2864246368408203, -2.572801351547241, -2.0291051864624023]",tensor(0.9996)
angry_78701b8e1659ffa98ef82490e0b4af3e,03-09,Male,White,angry,0,5,"[-2.130070209503174, 1.775061011314392, 0.13553304970264435, -2.835989475250244, -2.8008248805999756, 5.7792649269104, -3.3793647289276123]",tensor(0.9779)
sad_03ba337f5b04b4d0a457c0983faa67a5,30-39,Female,White,sad,5,4,"[-2.394355058670044, -5.021674633026123, -4.272336483001709, 0.8517465591430664, 4.73040771484375, 3.6651270389556885, -2.76517915725708]",tensor(0.7316)
disgust_6068f0798dc6be8e9731b6a5d9fc2f5b,20-29,Female,White,disgust,1,3,"[-0.37541434168815613, -1.7363301515579224, -3.7498514652252197, 3.459031581878662, 0.6738795042037964, -1.404597520828247, -3.1771082878112793]",tensor(0.9102)
surprise_4c455ebf2c711a1e486d9d493be7686d,10-19,Female,White,surprise,6,6,"[-4.167296409606934, -3.8181066513061523, -3.359125852584839, 1.3877376317977905, 3.4170920848846436, -3.009469509124756, 3.5645599365234375]",tensor(0.5051)
disgust_c4f466ab648484d77012cfd02546cc20,20-29,Female,Black,disgust,1,4,"[-3.0825212001800537, -5.421309947967529, -6.502779483795166, 1.0333651304244995, 11.011489868164062, -3.9985756874084473, -2.4633493423461914]",tensor(1.0000)
neutral_616bb006742ab4caec47a0a29024e7c1,00-02,Male,White,neutral,4,6,"[-3.2104849815368652, -3.47206711769104, 0.8702779412269592, -3.6138463020324707, 1.8162633180618286, -0.6619826555252075, 3.1464955806732178]",tensor(0.7176)
fear_cd55fc7638312b489903ec132c2c4e6d,30-39,Female,White,fear,2,2,"[-5.057953357696533, -1.562633752822876, 8.0881986618042, -6.821990966796875, -3.059415102005005, 2.8025097846984863, -1.6990950107574463]",tensor(0.9948)
angry_4f9323ebcdf1fbedfc1ab47b2780976f,50-59,Male,White,angry,0,4,"[-1.0798754692077637, -3.4998433589935303, -3.4691081047058105, 0.34811437129974365, 6.701949596405029, -1.18276846408844, -2.729156494140625]",tensor(0.9973)
fear_c2a0e821a767b814f015b467237555a3,40-49,Male,White,fear,2,5,"[0.3158290684223175, -1.091025710105896, -2.0209178924560547, -3.2985353469848633, 2.1996357440948486, 2.5700838565826416, -1.6603920459747314]",tensor(0.5410)
surprise_e258f602baf9ae27d1c15d3458701a57,20-29,Female,White,surprise,6,6,"[-3.042999505996704, -4.2692484855651855, 1.9886853694915771, -2.0109853744506836, -2.3340578079223633, -5.0612263679504395, 9.513010025024414]",tensor(0.9994)
angry_e0e457008d0d874562b786dc8125c468,30-39,Male,Black,angry,0,3,"[-0.480344295501709, -1.1906739473342896, -2.5612106323242188, 4.14224100112915, 0.055961474776268005, -2.9927167892456055, -2.403372287750244]",tensor(0.9663)
fear_aae8a845e1c511328f61152b7bfb6b32,40-49,Male,White,fear,2,4,"[-5.245560169219971, -4.421745777130127, 1.8317874670028687, -3.8345251083374023, 2.9403679370880127, -0.559158444404602, 2.347670793533325]",tensor(0.5222)
surprise_5ea24efc8b53038ba1137818b14c0313,30-39,Female,Latino_Hispanic,surprise,6,3,"[-2.217869520187378, -1.9712104797363281, -2.7868502140045166, 6.323915004730225, -1.8284811973571777, -2.736732244491577, -0.7154126763343811]",tensor(0.9982)
sad_8940ae0523e1a191c56231a37697fdf5,03-09,Male,White,sad,5,5,"[-2.6249489784240723, -5.466436386108398, -3.243813991546631, -2.8495635986328125, 2.34721302986145, 11.404309272766113, -5.147485733032227]",tensor(0.9999)
sad_98ce5090c3a61a4224611e6fc71ace63,40-49,Male,White,sad,5,5,"[-0.2804705500602722, -2.838205337524414, -1.8876134157180786, -2.712364673614502, 2.6904873847961426, 4.357681751251221, -2.570352077484131]",tensor(0.8313)
surprise_9330218d48889eff8d234f02baf94a06,30-39,Male,White,surprise,6,4,"[-2.872209310531616, -1.244428277015686, -1.526973009109497, -2.7366392612457275, 2.0269901752471924, -0.1557469218969345, 0.55995112657547]",tensor(0.7013)
angry_9621725176d79eb349528c5a2431a8f8,20-29,Male,White,angry,0,4,"[2.725276470184326, -2.11222505569458, -4.065690517425537, -2.1370646953582764, 2.965726613998413, 2.828859329223633, -3.7709901332855225]",tensor(0.3741)
happy_c5f14ae7b5fe9bee18abe1462095d4c7,30-39,Male,White,happy,3,3,"[-2.310875654220581, -2.37062668800354, -3.517810821533203, 6.039318561553955, 0.7458086609840393, -2.128483772277832, -2.902924060821533]",tensor(0.9941)
neutral_a90f6f07a639ec6e5aba0764b1b48637,30-39,Male,White,neutral,4,4,"[0.0627969354391098, -5.903672695159912, -5.555374622344971, -0.16785314679145813, 7.027650356292725, 0.7370197772979736, -2.797276020050049]",tensor(0.9964)
surprise_1ef7ad4a7b1202c5b790798a055b47aa,60-69,Male,Middle Eastern,surprise,6,6,"[-2.104048490524292, -3.4159467220306396, 0.40758800506591797, -4.106058597564697, -0.2255261242389679, -0.42564037442207336, 5.6482038497924805]",tensor(0.9891)
sad_81c56e2d25d2fad73026c745d010eea6,10-19,Male,White,sad,5,0,"[6.123334884643555, 0.1588038206100464, -3.3778886795043945, -4.0769877433776855, 0.7912712693214417, 1.3706398010253906, -4.451005458831787]",tensor(0.9841)
fear_7ea316023850bfb36718b17fbeaa2d60,30-39,Female,White,fear,2,2,"[-5.022603511810303, -1.5833936929702759, 2.3554623126983643, -3.746854305267334, 0.5315876603126526, 1.8713301420211792, 0.8868400454521179]",tensor(0.4926)
angry_da19bad73672b2dc634f1b3cbee5a1fa,00-02,Male,White,angry,0,0,"[5.575234889984131, 2.0441009998321533, -4.818994045257568, -2.470827579498291, -1.0957107543945312, 2.4465861320495605, -6.09978723526001]",tensor(0.9305)
neutral_f070977199b119221b7a97de05d96cb1,10-19,Male,White,neutral,4,4,"[-2.403892755508423, -4.656391620635986, -1.6314349174499512, -2.3097057342529297, 3.8106799125671387, 0.304363876581192, 1.3194832801818848]",tensor(0.8916)
happy_566b882a44bdc23a6ac05247c6205393,20-29,Female,White,happy,3,4,"[-3.1848886013031006, -4.543917655944824, -4.31364631652832, 3.5700788497924805, 6.299600124359131, -1.7523866891860962, -3.101484775543213]",tensor(0.9383)
neutral_bf4a6cb0397b099d6a87ad009a6d73ca,20-29,Male,White,neutral,4,4,"[-0.759985625743866, -4.46307373046875, -5.883551597595215, 1.7312263250350952, 7.486783027648926, -0.17596881091594696, -4.259626865386963]",tensor(0.9961)
happy_fe6d2fadca79a6c0a792b834cf33ae7d,30-39,Male,White,happy,3,3,"[-1.9067809581756592, -1.5470606088638306, -2.7855477333068848, 6.781910419464111, -2.3787319660186768, -1.937214732170105, -2.1577444076538086]",tensor(0.9991)
surprise_b7855651dc2a74e500bb422876abc339,30-39,Female,White,surprise,6,2,"[1.4986343383789062, -1.2225708961486816, 3.9190404415130615, -1.4772299528121948, -5.260672092437744, -4.085981845855713, 3.7007601261138916]",tensor(0.5253)
angry_4e4932088dbb555622ed939f3ed7bb78,60-69,Male,Middle Eastern,angry,0,5,"[-0.9105454683303833, -2.6577327251434326, -1.2095496654510498, -4.6258134841918945, 0.005438117776066065, 7.4715495109558105, -1.5451123714447021]",tensor(0.9989)
fear_924ab8035ca74b47c4da34414344cda0,20-29,Female,White,fear,2,2,"[-1.4619626998901367, -3.169451951980591, 2.766608238220215, -4.298247814178467, 2.554765462875366, -0.3634105622768402, 0.2746892273426056]",tensor(0.5119)
disgust_0153b60ba7fcac4b51370a6516057046,50-59,Male,Middle Eastern,disgust,1,0,"[3.9061827659606934, 3.8555831909179688, -2.462890386581421, -4.126956462860107, -1.1289567947387695, -0.32668665051460266, -2.372426986694336]",tensor(0.5062)
happy_b9264fb11d229ec2314544bc7bd6c3ba,50-59,Male,Latino_Hispanic,happy,3,3,"[-3.4999301433563232, -3.415250539779663, -2.742903709411621, 7.107481479644775, -1.3006885051727295, -3.2914581298828125, -0.7563868761062622]",tensor(0.9993)
happy_f932d8ac679b74e5477123f306d70ca2,03-09,Female,White,happy,3,3,"[-1.9440205097198486, -1.4133704900741577, -2.229579210281372, 5.336162567138672, -2.4755899906158447, -1.486942172050476, -0.29656821489334106]",tensor(0.9926)
happy_0d042f1db0cd5b390336a8b944e9b3fc,50-59,Male,White,happy,3,3,"[-2.6485893726348877, -3.1583733558654785, -3.124507427215576, 7.356744766235352, -0.8423923254013062, -2.4367570877075195, -1.7096302509307861]",tensor(0.9995)
sad_2850b580a9735958940eff4f7c071e31,03-09,Female,East Asian,sad,5,4,"[-4.132097244262695, -6.910837173461914, -1.9932472705841064, -2.6324901580810547, 7.986447334289551, 0.27042239904403687, 0.07960314303636551]",tensor(0.9991)
angry_e3ab841a3ed8cb8a4d02c0f232be4014,20-29,Female,White,angry,0,4,"[-2.5720105171203613, -3.0892674922943115, -3.969860792160034, -0.3017192482948303, 7.13747501373291, -1.6234991550445557, -1.72943115234375]",tensor(0.9990)
disgust_c8b4243333a522179aec49b7b41b9e51,30-39,Male,White,disgust,1,4,"[-0.5968931317329407, -3.0473673343658447, -5.57690954208374, 2.594745635986328, 5.496870517730713, -3.0712151527404785, -2.9016966819763184]",tensor(0.9454)
angry_0966a682bf066ef057d7aea79120ed40,60-69,Male,East Asian,angry,0,4,"[-2.2664334774017334, -3.5501015186309814, -4.427334308624268, -0.15582439303398132, 3.945896863937378, 3.0773119926452637, -2.8175766468048096]",tensor(0.6944)
happy_06d75d4d5982d52a8cc8d37e3ba81382,50-59,Male,White,happy,3,3,"[-2.6363227367401123, -2.9705007076263428, -3.774623155593872, 6.81688928604126, 1.2136646509170532, -2.1851723194122314, -2.8251078128814697]",tensor(0.9960)
happy_b959627542f587900a10cd67cd2499e1,20-29,Female,White,happy,3,3,"[-2.0568928718566895, -1.7012678384780884, -2.622528553009033, 6.493192195892334, -2.2464849948883057, -1.8859347105026245, -1.4400148391723633]",tensor(0.9987)
happy_910b3ae44f667523de535716d8332478,30-39,Male,Latino_Hispanic,happy,3,3,"[-3.685201406478882, -2.9064910411834717, -2.752498149871826, 7.872769832611084, -2.417437791824341, -3.5212254524230957, 0.8689340353012085]",tensor(0.9990)
fear_778c54b49846291a263e6e9dffefe77a,30-39,Female,White,fear,2,6,"[0.9547305107116699, -1.3294310569763184, 3.1932716369628906, -1.6532822847366333, -5.755723476409912, -5.778514385223389, 5.155128002166748]",tensor(0.8634)
neutral_6667aa6ffc96109330f5881e92fda27a,20-29,Female,Black,neutral,4,4,"[-2.288287401199341, -4.932625770568848, -3.7301857471466064, 0.38863086700439453, 8.364583969116211, -1.226460337638855, -3.146298885345459]",tensor(0.9995)
happy_a58f09b7f89e48824f3ef493c326df6b,20-29,Female,Latino_Hispanic,happy,3,3,"[-2.203493356704712, -2.0892174243927, -3.123749256134033, 7.433885097503662, -2.2690231800079346, -2.250844717025757, -2.1908915042877197]",tensor(0.9996)
angry_d58f9aa349f7a26d0cb98cc25c4ae00d,30-39,Female,White,angry,0,5,"[1.49643075466156, 0.4968591332435608, -3.672991991043091, -3.2137911319732666, 1.313652515411377, 4.537435054779053, -4.398514747619629]",tensor(0.9041)
fear_c5da18e15cbb4c15ff29b509efe1cb54,20-29,Female,White,fear,2,5,"[-2.6324822902679443, -6.49799919128418, -0.9115274548530579, -6.670118808746338, 3.8247861862182617, 4.111533164978027, 1.707042932510376]",tensor(0.5409)
angry_045522c8f8ae9184b7a1584edb57a2eb,30-39,Female,White,angry,0,6,"[2.6614887714385986, 0.2761022448539734, 0.04421749711036682, -4.790538787841797, -0.8068976998329163, -4.605538368225098, 3.7447545528411865]",tensor(0.7116)
happy_754d3efc6e100e7d5f10ec32611ccd79,60-69,Female,White,happy,3,3,"[-1.5843392610549927, -1.0084542036056519, -2.8340675830841064, 6.449939250946045, -2.366234540939331, -3.5496950149536133, -1.0539796352386475]",tensor(0.9983)
fear_a114e6debc2d39e242e6e6111e1d1600,40-49,Female,White,fear,2,4,"[-1.2185684442520142, -0.3089190721511841, -0.6916909217834473, -5.230764865875244, 1.8282995223999023, 0.04680280387401581, -0.28276294469833374]",tensor(0.6509)
fear_9e52c9cbbcbf88cc0c98b4f1ed4e65dd,03-09,Female,Indian,fear,2,4,"[-2.315183162689209, -3.6550791263580322, -1.6504164934158325, -2.060713529586792, 3.2351889610290527, -0.22407153248786926, 1.4746851921081543]",tensor(0.8191)
fear_dfbfb8ca34ac76f73acf57ad80022e35,50-59,Female,White,fear,2,2,"[1.8751838207244873, -0.9754775166511536, 4.006503582000732, -1.2420425415039062, -5.38312292098999, -2.2245421409606934, -0.3667173981666565]",tensor(0.8730)
fear_6c57b57919219cdc4299a5469978fab3,20-29,Female,White,fear,2,4,"[-3.375546932220459, -3.4396896362304688, -3.2931742668151855, -0.1063811331987381, 4.774918079376221, 1.4684619903564453, -1.8687641620635986]",tensor(0.9557)
sad_dc2b1957f2e5d1285229495ba35267b5,20-29,Female,White,sad,5,5,"[-1.0986909866333008, -3.041951894760132, -2.029888391494751, -4.629715442657471, 3.8459248542785645, 3.9873414039611816, -2.245206356048584]",tensor(0.5320)
sad_4616dc3ff770612ca1a3d15bc44fabb6,03-09,Female,White,sad,5,5,"[-4.491926670074463, -3.912238121032715, -1.1353404521942139, -4.064082622528076, 2.942044496536255, 5.595927715301514, -0.7226632833480835]",tensor(0.9315)
fear_0bf969a0a50e69400120e7dc298d9e56,30-39,Female,White,fear,2,5,"[-1.8050637245178223, 0.04947984591126442, -0.7457736730575562, -4.246285438537598, 0.35915452241897583, 3.088573455810547, -1.4849774837493896]",tensor(0.8671)
angry_382e08c68a90ec302d75dfe6eb151478,40-49,Male,Latino_Hispanic,angry,0,3,"[0.5842965841293335, -0.11590433865785599, -0.6550315022468567, 1.354490876197815, -2.4182794094085693, -4.36605978012085, 0.6163036227226257]",tensor(0.4290)
angry_5b6492e021618d4f5c8df06b87b4449b,30-39,Male,White,angry,0,4,"[0.33831894397735596, -5.095858573913574, -4.137822151184082, -1.293807864189148, 6.329428672790527, 1.3564509153366089, -3.266292095184326]",tensor(0.9901)
sad_20782dfb65147c48fce532a967f421bb,03-09,Male,Black,sad,5,5,"[-2.099846601486206, -5.793330192565918, -2.5955891609191895, -1.5582351684570312, 3.8845598697662354, 4.357451438903809, -2.3831114768981934]",tensor(0.6136)
surprise_5d2ba6d75e3cca7c0f885fc8b0883c34,03-09,Female,White,surprise,6,4,"[-2.733978271484375, -6.103756904602051, -5.991452693939209, 2.2273306846618652, 8.783191680908203, -0.5712404251098633, -4.983540058135986]",tensor(0.9985)
neutral_56b8f9ee007b1f23f12d4b134377ffde,20-29,Male,Black,neutral,4,4,"[-1.363464117050171, -3.8470935821533203, -5.396507740020752, -0.5517714023590088, 7.740799427032471, -3.4107627868652344, -0.4673539102077484]",tensor(0.9993)
surprise_2cd268fef0d6cd8cd10f0964cdf95c52,20-29,Female,Black,surprise,6,6,"[-2.7592527866363525, -2.9393413066864014, 1.5240530967712402, -0.2899550795555115, -0.8880000114440918, -6.183321952819824, 5.579067707061768]",tensor(0.9783)
neutral_8ab0fe5a6770a0a27cafa342967b52b5,30-39,Female,East Asian,neutral,4,4,"[-2.9747588634490967, -4.086233139038086, -4.220749378204346, 1.585239052772522, 5.201645374298096, 0.41660812497138977, -1.4247748851776123]",tensor(0.9643)
disgust_96dc39232207f01661142f115bb247f6,30-39,Male,Middle Eastern,disgust,1,3,"[-3.110259532928467, -2.165473222732544, -4.211607456207275, 5.775527477264404, 2.50152325630188, -3.1363632678985596, -2.6289873123168945]",tensor(0.9627)
angry_c16243e104731bf3dd39c87388525c1f,30-39,Male,White,angry,0,5,"[-0.20106519758701324, -1.3921808004379272, -0.5476145148277283, -5.412383079528809, 0.893682599067688, 4.309383869171143, -0.6519954204559326]",tensor(0.9416)
angry_d084545814823b9607b5d16e764a2c69,20-29,Male,White,angry,0,4,"[1.7774837017059326, -3.466114044189453, -4.441381454467773, -5.224093437194824, 5.996522426605225, -2.3957836627960205, -0.20990565419197083]",tensor(0.9832)
angry_9ad6f6c9f32611d8b2debccd911db555,30-39,Male,Middle Eastern,angry,0,0,"[2.1584696769714355, 1.4340068101882935, -2.9933199882507324, -2.1922683715820312, 1.1154123544692993, -0.669364333152771, -2.3485794067382812]",tensor(0.5193)
neutral_5c5a3fc8eb25dc3c363cf1820ea27186,20-29,Female,East Asian,neutral,4,5,"[-2.840315103530884, -3.0230417251586914, -2.7557897567749023, 1.0401910543441772, 2.058928966522217, 3.354766368865967, -2.4833693504333496]",tensor(0.7239)
disgust_4d1d94dd6ddc0b159f3ee1475f8b5efc,40-49,Male,White,disgust,1,1,"[1.6024061441421509, 5.799554824829102, -2.260540246963501, -4.011845111846924, -3.4254872798919678, 2.860926866531372, -3.6461739540100098]",tensor(0.9359)
angry_0aa57f97c692b3dc99213e564bab9991,00-02,Male,White,angry,0,6,"[-2.6064016819000244, -2.1934077739715576, 0.36036214232444763, 1.2255587577819824, -4.532464504241943, 0.11960926651954651, 2.5676097869873047]",tensor(0.6790)
neutral_6e26a55a489ff03e20c86902177cbcff,20-29,Male,Black,neutral,4,4,"[-4.455565929412842, -4.837661266326904, -4.780127048492432, 2.6251697540283203, 5.800144195556641, 1.072780728340149, -3.3858141899108887]",tensor(0.9516)
disgust_defc4f8ca337b08f8f65793f2829a111,10-19,Female,White,disgust,1,4,"[-1.5344066619873047, -1.9828159809112549, -1.7619149684906006, -3.3678231239318848, 3.2201173305511475, 2.8859314918518066, -2.5244927406311035]",tensor(0.5742)
fear_b200bf0985217dc2b63c93d578714225,30-39,Female,Black,fear,2,2,"[-4.481235027313232, -4.838570594787598, 4.640319347381592, -3.052396535873413, 1.3229924440383911, -2.5685324668884277, 1.542741298675537]",tensor(0.9235)
fear_5887bd1520940a75cb64571bd1373052,60-69,Male,White,fear,2,6,"[-2.799894332885742, -3.1871907711029053, -0.6003862619400024, -2.5163397789001465, 1.7630199193954468, -0.9128144979476929, 4.210368633270264]",tensor(0.9063)
surprise_2e8e131b545c99a6cd34cbae624516a5,30-39,Female,White,surprise,6,6,"[-3.4269907474517822, -4.735851764678955, -1.3641066551208496, -0.39997729659080505, 2.7224321365356445, -2.6499710083007812, 3.579632043838501]",tensor(0.6881)
happy_66877f8a5710d33c554f96c878fe8939,40-49,Male,Middle Eastern,happy,3,3,"[-1.782099962234497, -2.2764220237731934, -2.576493740081787, 7.039403915405273, -2.08564829826355, -2.840973377227783, -1.353384017944336]",tensor(0.9993)
angry_79a92fb3417a6462791bff01809cd47f,40-49,Male,White,angry,0,4,"[2.9088077545166016, -4.243047714233398, -3.6843504905700684, -4.141221046447754, 4.7370758056640625, 1.8311790227890015, -2.8147077560424805]",tensor(0.8221)
fear_afef3cf0aec5d130fef995ae75878b22,40-49,Male,Latino_Hispanic,fear,2,6,"[-2.9757306575775146, -0.1874815970659256, -0.44160136580467224, -3.011624813079834, -0.35439473390579224, 0.743963360786438, 3.5887420177459717]",tensor(0.8921)
disgust_b8659b8a9d99edccc6aee2a3f7406d1e,30-39,Female,White,disgust,1,3,"[0.4643474221229553, 0.15277975797653198, -5.014708042144775, 3.2695727348327637, 2.3173327445983887, -3.3712892532348633, -3.108243942260742]",tensor(0.6694)
disgust_f23db167420a25b281b0a159fa1bd0fd,20-29,Male,Middle Eastern,disgust,1,1,"[0.19742999970912933, 3.466301918029785, -1.8757603168487549, -0.5652968883514404, -2.2188987731933594, 0.6074899435043335, -2.9096217155456543]",tensor(0.8905)
surprise_029a767830e01f13aed728b397266a2f,30-39,Male,Latino_Hispanic,surprise,6,6,"[-3.9126603603363037, -1.7003438472747803, -1.6389142274856567, 1.0124343633651733, -1.274839162826538, -4.914494037628174, 7.129725933074951]",tensor(0.9973)
surprise_ed89d992334f158b705952db3681c3d3,03-09,Female,White,surprise,6,3,"[-2.8023340702056885, -1.330942988395691, -1.7499973773956299, 5.298933029174805, -3.4334781169891357, -3.394670009613037, 1.9870606660842896]",tensor(0.9622)
disgust_26b346705cd63e5c16fe7ee501a22e0b,30-39,Male,East Asian,disgust,1,1,"[4.400118350982666, 4.797546863555908, -1.8502192497253418, -3.8967087268829346, -3.461724042892456, -0.3754133880138397, -2.3256335258483887]",tensor(0.5952)
angry_d17db3f11fa7776f7a225c7fa7a839c9,30-39,Male,Black,angry,0,0,"[0.2599092721939087, -3.6372933387756348, -0.0015790453180670738, -0.2460811734199524, -0.7123976349830627, -1.0661150217056274, -2.280505657196045]",tensor(0.3210)
angry_1b757429a7c7b46525124ed22a675b85,30-39,Male,Middle Eastern,angry,0,4,"[1.000413179397583, -0.746705174446106, -2.7681641578674316, -1.708673119544983, 2.731402635574341, 0.881170392036438, -2.3154335021972656]",tensor(0.7207)
surprise_cc4d7fbda90d12fffb4276481b128c82,10-19,Male,Latino_Hispanic,surprise,6,3,"[-3.534669876098633, -4.323625087738037, -0.5923147201538086, 5.63787317276001, -4.9903130531311035, -3.630981683731079, 5.4617486000061035]",tensor(0.5433)
disgust_2ed5afdcc938020ace89f747faf2677d,30-39,Female,White,disgust,1,3,"[-3.438948392868042, -3.166961908340454, -0.7554043531417847, 2.1208503246307373, 0.04763498902320862, -1.7257658243179321, 0.6235824227333069]",tensor(0.6963)
happy_d6ad6b2ff194561703e99cd432b50318,20-29,Female,White,happy,3,3,"[-2.7505037784576416, -2.4704301357269287, -3.1061434745788574, 6.323247909545898, -0.008685724809765816, -2.5283236503601074, -1.5928622484207153]",tensor(0.9974)
disgust_13e3b880f5ac4afddd8a1f3902857d67,30-39,Male,East Asian,disgust,1,0,"[5.78938627243042, -3.5703036785125732, -4.370782375335693, -5.467547416687012, 3.2513911724090576, 1.9780572652816772, -2.960850477218628]",tensor(0.9079)
neutral_ee622f48d5be8ed00c278883b8974bd2,20-29,Female,White,neutral,4,3,"[-1.9373801946640015, -2.117502450942993, -3.7354092597961426, 4.825732231140137, 1.4860332012176514, -2.8853399753570557, -1.9140135049819946]",tensor(0.9621)
surprise_e696aa98bcca8ec1e97bff3d75eb0202,30-39,Male,White,surprise,6,6,"[2.4883294105529785, -2.4407970905303955, -0.5008509755134583, -5.062728404998779, -0.15219077467918396, -5.709521770477295, 6.45421838760376]",tensor(0.9790)
disgust_50f0876791faf07a6df42b97a27252eb,03-09,Female,Middle Eastern,disgust,1,5,"[-3.638690948486328, 0.2412571758031845, 2.9617600440979004, -1.8622642755508423, -2.6063883304595947, 3.9343998432159424, -2.847716808319092]",tensor(0.7097)
disgust_4e9ec68d3db1e4d50e29164cc90090e0,60-69,Male,White,disgust,1,5,"[-0.7588356733322144, 0.41094082593917847, -0.2636139690876007, -6.386862277984619, 0.1739773452281952, 1.508952260017395, -0.5339147448539734]",tensor(0.5000)
disgust_70c26b954f50623684192a47ece43d1c,50-59,Male,East Asian,disgust,1,5,"[-2.9368960857391357, -0.5438494682312012, -1.2685627937316895, -0.22605213522911072, 0.0022792392410337925, 3.9464659690856934, -2.3208155632019043]",tensor(0.9484)
sad_c127b0c64b0c120ccc4e03efdac962e3,50-59,Male,White,sad,5,5,"[-3.0058364868164062, -4.862668037414551, -0.2709626853466034, -2.500905990600586, 3.136256456375122, 5.289631366729736, -3.976604700088501]",tensor(0.8923)
happy_17ded7eda2a5c73cc2b423e081f2ff7d,50-59,Female,White,happy,3,3,"[-2.0273406505584717, -1.2601813077926636, -2.0217483043670654, 4.985641002655029, -1.65458345413208, -2.057425022125244, -0.8334640860557556]",tensor(0.9912)
sad_0aea17d339d3d5bea91ccd39e1833354,00-02,Female,White,sad,5,4,"[0.3270338475704193, -4.158206939697266, -1.144331455230713, -4.441337585449219, 4.09268856048584, -2.528573989868164, 2.4264988899230957]",tensor(0.8202)
fear_0b42e793f5a4276cb2bc18e48d265497,40-49,Male,White,fear,2,2,"[-2.473572015762329, -3.5864360332489014, 8.418429374694824, -6.403174877166748, -4.044455051422119, 0.9283829927444458, 2.4237680435180664]",tensor(0.9969)
neutral_73dc45b0eb3f1d4c3f24b16482e1b3f0,20-29,Male,White,neutral,4,4,"[0.18793560564517975, -4.314424991607666, -5.48687219619751, 0.5217267274856567, 6.693850994110107, -0.9717972278594971, -2.737398147583008]",tensor(0.9959)
sad_a3a8404ce2b922685ba16af0b73054df,30-39,Male,Latino_Hispanic,sad,5,5,"[-1.4413684606552124, -1.1396360397338867, 2.1786608695983887, -5.204782009124756, -1.2289866209030151, 4.619986057281494, -1.3970322608947754]",tensor(0.9108)
disgust_c07151b9303705e4fbe8517fa2629718,20-29,Female,White,disgust,1,1,"[-0.06379596889019012, 3.2422077655792236, -2.833583354949951, -1.447327733039856, -1.5623286962509155, 1.3460171222686768, -2.702012538909912]",tensor(0.8271)
surprise_d12ff486734748dba579644ab17812a1,30-39,Female,Black,surprise,6,2,"[-3.4672951698303223, -3.7621216773986816, 7.73502254486084, -3.574284076690674, -5.139510631561279, 0.8125807046890259, 2.0460848808288574]",tensor(0.9956)
angry_a4f3e070582653bbc793a0d6d56bfdd5,00-02,Male,White,angry,0,5,"[3.0358800888061523, 1.0990558862686157, 1.5478088855743408, -7.619327068328857, -5.08564567565918, 4.9721455574035645, -2.939297914505005]",tensor(0.8347)
fear_1efeba3174550c220112f9ea8130e65c,20-29,Female,White,fear,2,6,"[-1.0107293128967285, -2.4241135120391846, 2.1878857612609863, -2.514342784881592, -1.5448143482208252, -3.916006088256836, 3.378720760345459]",tensor(0.7518)
surprise_0b5f5ce7ab2189287ed18061b416c81f,20-29,Male,White,surprise,6,4,"[-3.3230490684509277, -2.42624568939209, -5.098196029663086, 0.09684005379676819, 5.468251705169678, -1.86574125289917, 0.36558812856674194]",tensor(0.9882)
fear_b53cfde0e83929be051e047c474b29a9,20-29,Female,White,fear,2,0,"[1.64268159866333, -2.9651987552642822, 1.4214112758636475, -5.686944484710693, -0.9174652099609375, 0.03267902135848999, 1.1024365425109863]",tensor(0.3743)
happy_0e2ecfa3885cb7125a89311da8a94206,20-29,Female,Black,happy,3,3,"[-2.50118350982666, -2.0333101749420166, -2.049856424331665, 5.9359307289123535, -2.312601327896118, -1.9286737442016602, -0.38187021017074585]",tensor(0.9967)
surprise_a9d3b607f1069089bb9081b55c23ca4d,20-29,Female,White,surprise,6,6,"[-2.9699649810791016, -3.9363954067230225, 0.7510427236557007, 0.3982853889465332, -3.7616775035858154, -3.642449378967285, 7.83993673324585]",tensor(0.9985)
neutral_202edea1f5d1da8a96f79bd4eadd3642,60-69,Female,White,neutral,4,4,"[-2.715055227279663, -3.3573172092437744, 0.47616785764694214, -2.465336799621582, 4.22490930557251, -3.2908709049224854, 0.07824964076280594]",tensor(0.9591)
happy_e882f90add9b44ee6f7cdaa14ade7085,20-29,Female,Indian,happy,3,3,"[-1.9685125350952148, -2.2451603412628174, -2.9417080879211426, 7.5360188484191895, -3.0422916412353516, -2.3461945056915283, -1.4612371921539307]",tensor(0.9996)
surprise_740a8ce9774cde45dc0522044e26c7fd,20-29,Male,East Asian,surprise,6,4,"[-3.2402679920196533, -4.564785003662109, -1.246116042137146, -3.402552366256714, 3.0650861263275146, 2.4958086013793945, 2.951033592224121]",tensor(0.4040)
fear_5d42eb70889ee5225bea81da0ad8129c,30-39,Female,White,fear,2,5,"[-3.161522150039673, -0.1507531851530075, 2.109686851501465, -2.142256259918213, -2.739548921585083, 3.515270471572876, -2.259887933731079]",tensor(0.7809)
surprise_a35c8142bd14dd517372d1698182e16f,30-39,Male,White,surprise,6,6,"[-3.5444018840789795, -1.937577724456787, -1.10061776638031, 0.4488815665245056, 0.2610267698764801, -3.0078766345977783, 4.764832019805908]",tensor(0.9717)
angry_b5085695ffd1e4cd4545f5ea9f6334a9,30-39,Female,White,angry,0,5,"[1.1984916925430298, -2.402815580368042, 0.16257134079933167, -4.527798175811768, -1.1410833597183228, 6.015460014343262, -4.123756408691406]",tensor(0.9881)
fear_75fe4d27c066c6eb04ac50dfd4f46c4e,20-29,Male,White,fear,2,4,"[-5.548035144805908, -5.544673919677734, -0.7882722020149231, 0.8345845937728882, 4.054173946380615, -2.636817216873169, 3.065354108810425]",tensor(0.7036)
happy_637bea1f22b6485b331613e24ddc1227,20-29,Female,White,happy,3,3,"[-2.714620351791382, -2.7492969036102295, -5.215852737426758, 4.892446041107178, 2.926500082015991, 0.6401987075805664, -4.209624290466309]",tensor(0.8655)
angry_8207bb8b3f17fe4cbb7f57663a8b85e5,40-49,Female,White,angry,0,4,"[-3.46368145942688, -3.4858577251434326, -2.3354060649871826, 1.3433541059494019, 3.316699504852295, 0.6231744289398193, -0.8216723203659058]",tensor(0.8141)
happy_a3643ffde8ec5facddada4f791c2f610,20-29,Male,White,happy,3,3,"[-1.8827412128448486, -1.58063542842865, -2.742692232131958, 5.960440635681152, -2.3200600147247314, -1.7500882148742676, -1.3318150043487549]",tensor(0.9975)
neutral_fba6389a5b120633645348004da1e966,60-69,Male,White,neutral,4,4,"[0.05336989834904671, -4.195878028869629, -3.1800124645233154, -2.8582277297973633, 7.298708438873291, -0.8301011323928833, -2.351468563079834]",tensor(0.9989)
fear_7ef77c38fd6148079971f62f9de419fb,00-02,Female,Black,fear,2,6,"[-0.7321281433105469, -2.7134928703308105, 2.3300483226776123, -0.028700102120637894, -5.047202110290527, -2.6342644691467285, 4.803864002227783]",tensor(0.9113)
angry_d2553f008d7fd690d5631432cff6173e,50-59,Male,Middle Eastern,angry,0,0,"[3.2830164432525635, -1.0277453660964966, -3.4153075218200684, -2.8663196563720703, 2.576075792312622, -1.632085919380188, -1.661871314048767]",tensor(0.6560)
disgust_63d4987dc7a9199c29cf65759f32186f,50-59,Male,White,disgust,1,2,"[1.081876516342163, -2.021001100540161, 1.9773591756820679, -5.533248424530029, -0.08756507933139801, -1.8360978364944458, 1.2489019632339478]",tensor(0.4857)
surprise_e00b0fba4babb856d41c428c1b9ad724,50-59,Male,Middle Eastern,surprise,6,4,"[-2.769937038421631, -4.671294212341309, -4.176716327667236, -1.0589150190353394, 6.778314113616943, -1.0877833366394043, 1.368375539779663]",tensor(0.9947)
surprise_4281f3fc3919eef125b0b12b9aca79db,60-69,Male,White,surprise,6,2,"[-2.3060109615325928, -2.9442784786224365, 5.556911945343018, -6.9928460121154785, -2.2963154315948486, 0.2247038334608078, 3.5714404582977295]",tensor(0.8748)
angry_0c6f202871e54b8ed48e22e6b0815fe4,50-59,Male,Southeast Asian,angry,0,4,"[2.1756961345672607, -2.560236692428589, -4.838514804840088, -0.9296548962593079, 4.716694355010986, 1.5650285482406616, -5.131549835205078]",tensor(0.8882)
angry_a2ed1089d1a0c9b4223aa385e37c26e0,30-39,Male,White,angry,0,4,"[-2.4822256565093994, -4.894383430480957, -5.094729900360107, 3.9866561889648438, 6.34830379486084, -2.1031222343444824, -3.052269458770752]",tensor(0.9135)
angry_e849f2938d71b65a67793e6bf1399e09,30-39,Male,White,angry,0,4,"[4.860571384429932, -5.193080425262451, -5.014191150665283, -3.2579827308654785, 6.163365840911865, 2.401978015899658, -6.0820088386535645]",tensor(0.7721)
neutral_a2e8ee4132c147eb55c03f0a09e080ee,30-39,Male,White,neutral,4,3,"[-2.8621270656585693, -1.8038231134414673, -3.3783340454101562, 4.9662766456604, 1.5581932067871094, -1.3984400033950806, -3.150819778442383]",tensor(0.9644)
neutral_2b6ae438e7682f258afb08e631654768,20-29,Female,White,neutral,4,4,"[-1.450860857963562, -4.596102237701416, -3.302727460861206, -1.1380075216293335, 4.871269226074219, 3.9907708168029785, -3.5564486980438232]",tensor(0.7045)
neutral_11f652b11a2dc9eef6544dd8e2ce5766,40-49,Male,White,neutral,4,4,"[-1.0567723512649536, -5.810745716094971, -2.4254322052001953, -4.038079738616943, 6.849433422088623, -1.1203761100769043, -0.4191555976867676]",tensor(0.9985)
fear_8960a234ecd78fa05009988714911841,00-02,Male,White,fear,2,0,"[1.387123703956604, -2.4724090099334717, -0.14883431792259216, 0.07525274157524109, -2.8665244579315186, 0.3458247482776642, -0.6789693236351013]",tensor(0.5001)
sad_9632a50bd02a617673c057ea4b75eb4b,50-59,Female,White,sad,5,6,"[-5.193869113922119, -4.789916038513184, -0.07763472199440002, -1.1790752410888672, 1.3675169944763184, -0.9740520715713501, 5.919753551483154]",tensor(0.9853)
surprise_ceb42aca96f7c342fd443c1513b9dab5,30-39,Male,Latino_Hispanic,surprise,6,6,"[2.913029909133911, -3.428415060043335, -0.04088205099105835, -5.014448165893555, -0.6862212419509888, -6.335201740264893, 6.557375431060791]",tensor(0.9725)
angry_8570d630c6afb78924110ae8bfcaf970,50-59,Male,White,angry,0,3,"[-2.398486614227295, -0.5004881024360657, -2.674729108810425, 2.7634050846099854, 0.52025306224823, 1.2795714139938354, -3.145944118499756]",tensor(0.7226)
angry_2074a15dbc577a8da36831a8e645e076,20-29,Male,White,angry,0,0,"[3.208810329437256, 0.07190778106451035, -3.4787631034851074, -4.006994724273682, 1.523518681526184, 2.302934169769287, -3.3572046756744385]",tensor(0.6111)
happy_b484ce9561e34a6186f3f4f944dc1511,20-29,Male,White,happy,3,3,"[-3.055229902267456, -2.4751789569854736, -2.9738800525665283, 7.4225850105285645, -1.0822205543518066, -2.6697139739990234, -1.8499603271484375]",tensor(0.9996)
neutral_8b22ed8de6a74d6396f752f66023ca5c,03-09,Female,White,neutral,4,4,"[-3.3111307621002197, -4.496981620788574, -1.4714415073394775, -2.753674030303955, 5.236607074737549, 3.445791006088257, -1.2923860549926758]",tensor(0.8546)
happy_6bbc3f74f4f144f4b396f8e04bea41e4,30-39,Male,Black,happy,3,3,"[-2.8344576358795166, -1.86550772190094, -2.5160927772521973, 5.902149677276611, -1.8609238862991333, -1.2609981298446655, -1.2740898132324219]",tensor(0.9972)
neutral_602f45609181e490c14398249e72bbb5,20-29,Male,White,neutral,4,4,"[-2.3859431743621826, -4.388155460357666, -4.042144298553467, 0.008291463367640972, 6.125999450683594, -0.06051034480333328, 0.47407495975494385]",tensor(0.9920)
happy_53dbb601f313a8275a8315b85fbc6e50,03-09,Male,White,happy,3,3,"[-3.5311248302459717, -2.088088274002075, -2.9478092193603516, 5.0105390548706055, -2.362051248550415, -3.309363603591919, 2.239767551422119]",tensor(0.9391)
happy_ed595034939e9fa25a4545efabca2477,20-29,Female,White,happy,3,3,"[-2.568305253982544, -1.9239094257354736, -2.8020544052124023, 6.593040466308594, -2.322476863861084, -3.4514007568359375, -0.06042763218283653]",tensor(0.9981)
angry_582a973262bca85865d7d75794b3aa31,40-49,Male,Middle Eastern,angry,0,4,"[-1.5613690614700317, -4.240757465362549, -3.360358476638794, -1.995886206626892, 5.159211158752441, 2.856590747833252, -2.039091110229492]",tensor(0.9066)
disgust_9cbff3be8de502700358fef76a2eb364,03-09,Male,White,disgust,1,1,"[1.5726065635681152, 1.8609919548034668, -1.2767159938812256, -0.5511707067489624, -4.589868068695068, -1.0354324579238892, -2.173299789428711]",tensor(0.5110)
neutral_edaa05c725e55faffaf608adf2569ffb,20-29,Female,Black,neutral,4,4,"[-3.2693209648132324, -3.4336628913879395, -3.8438949584960938, 1.0145946741104126, 6.1358232498168945, -2.038524627685547, 0.5855609774589539]",tensor(0.9898)
disgust_209f2976e75c314cd1fd172785d657b7,40-49,Female,White,disgust,1,4,"[0.17081348598003387, 1.5418078899383545, -3.4482905864715576, -2.0585427284240723, 2.00669002532959, -2.4303672313690186, -2.812809705734253]",tensor(0.5467)
happy_1398c79e3cfa579e0afa74d0cbfd5268,20-29,Female,Latino_Hispanic,happy,3,3,"[-1.9682739973068237, -2.022630453109741, -2.6827237606048584, 7.1120123863220215, -2.648500442504883, -2.6281585693359375, -0.6408805251121521]",tensor(0.9992)
sad_26e9ebad7a74968e64754afb444579a0,20-29,Female,White,sad,5,5,"[-3.0158469676971436, -3.1790807247161865, -3.106459856033325, -1.1436830759048462, 2.391954183578491, 3.4375033378601074, 0.647371232509613]",tensor(0.7005)
surprise_a6f0aecee817a58a7a41f283b0d7e83c,30-39,Female,White,surprise,6,3,"[-3.6756389141082764, -1.8388694524765015, -2.9249136447906494, 1.8495497703552246, 0.6246688365936279, 1.3416060209274292, -0.3784698247909546]",tensor(0.4900)
neutral_3eb2348a7edb9be38b7b205c9fb746a5,20-29,Female,White,neutral,4,3,"[-3.393444776535034, -3.053778886795044, -4.754408836364746, 4.921273708343506, 4.611456871032715, -2.9531049728393555, -2.493056058883667]",tensor(0.5763)
disgust_3e368ee3d42b3bdb37645c0dc7374d3f,50-59,Female,White,disgust,1,0,"[4.2779645919799805, 4.089269638061523, -3.3856303691864014, -2.1049294471740723, -0.5303239822387695, -3.5021214485168457, -2.5960958003997803]",tensor(0.5435)
happy_04be895d13884b2750c6b4139cd7b8af,20-29,Female,White,happy,3,4,"[-3.3222463130950928, -3.947941303253174, -4.4783244132995605, 2.159130573272705, 6.528397083282471, -1.968631625175476, -1.1510610580444336]",tensor(0.9868)
happy_60b8fe3c9d98f08b1ac9af34962bfc06,20-29,Female,White,happy,3,3,"[-4.526585102081299, -4.5461602210998535, -5.518553256988525, 7.576693058013916, 4.993934154510498, -3.3762264251708984, -2.865577459335327]",tensor(0.9297)
neutral_c807da55012aacbd9cb1258b7001867e,30-39,Female,White,neutral,4,6,"[-2.1998231410980225, -2.1223652362823486, 0.01098389271646738, -1.9143885374069214, 1.746023416519165, -2.0829432010650635, 2.0409340858459473]",tensor(0.5151)
neutral_e6a6b568dcb9d54b5c11293584c390ef,20-29,Female,White,neutral,4,3,"[-2.9650962352752686, -2.80515718460083, -3.881855010986328, 6.314183235168457, 2.189027786254883, -2.3910560607910156, -2.8111414909362793]",tensor(0.9836)
angry_68fe55e826f0a924360a86de264fe11d,50-59,Male,White,angry,0,0,"[2.7580137252807617, 1.8771144151687622, -2.31339693069458, -3.389941692352295, -0.8957253098487854, 1.953520655632019, -2.8433361053466797]",tensor(0.5264)
fear_212c1ee243e21ffbe950fec87a75d51e,20-29,Male,White,fear,2,5,"[-0.9023122787475586, -0.6672177910804749, -0.6149108409881592, -2.6451525688171387, -0.6525821685791016, 4.415258884429932, -2.3881397247314453]",tensor(0.9747)
happy_521e0bc74f2848b8365b17a207a0d1af,03-09,Male,East Asian,happy,3,3,"[-3.811140537261963, -3.322760581970215, -4.194101810455322, 8.400517463684082, -0.18738503754138947, -4.027978420257568, -1.3331815004348755]",tensor(0.9997)
fear_28552c84987daf3cc08ec1a0cecfc633,00-02,Female,White,fear,2,3,"[-1.5438311100006104, -1.3144787549972534, -2.4910802841186523, 6.329394340515137, -3.021733045578003, -2.335618257522583, -1.0493853092193604]",tensor(0.9981)
disgust_02390a40166fabbf1900c5e83aa66665,50-59,Male,White,disgust,1,4,"[-2.395923614501953, -4.141565322875977, -4.359450817108154, 1.6787892580032349, 3.482203722000122, 0.8971296548843384, -1.774066686630249]",tensor(0.8006)
disgust_c3013585074393a0824311497fbe1fc1,20-29,Male,White,disgust,1,6,"[-2.1453514099121094, -3.7594544887542725, 3.8009982109069824, -5.70293664932251, -0.3567984700202942, -0.68242347240448, 3.9792532920837402]",tensor(0.5371)
disgust_7353e24f4c29ba918101ed693d180861,30-39,Female,White,disgust,1,0,"[6.276726245880127, 3.8889541625976562, -3.4662675857543945, -3.215885639190674, -1.130751371383667, -2.5561485290527344, -3.4101955890655518]",tensor(0.9151)
happy_c86ab399d53f7e4b600c93f6455e3754,03-09,Female,Latino_Hispanic,happy,3,3,"[-2.2092936038970947, -1.4215396642684937, -2.8313241004943848, 6.441482067108154, -2.825103521347046, -2.1735177040100098, -0.9720870852470398]",tensor(0.9985)
fear_b0f2cc22c3e4950e3f7153ca16fb89b4,20-29,Female,White,fear,2,2,"[-2.3136708736419678, -1.2559014558792114, 3.5603995323181152, -1.9526787996292114, -3.5418593883514404, 3.0593717098236084, -3.1763105392456055]",tensor(0.6162)
neutral_cbe6fc9da344dc16e6639d38dbac4f45,30-39,Male,Middle Eastern,neutral,4,4,"[-1.9550484418869019, -4.481462478637695, -4.262818813323975, -1.891947627067566, 6.443424701690674, 1.6178803443908691, -1.9294447898864746]",tensor(0.9913)
sad_a0fef4fad0d1d1ec4b34c858604a836c,50-59,Male,White,sad,5,4,"[0.09482818841934204, -1.2831743955612183, -5.817982196807861, 1.3714652061462402, 4.070152759552002, -0.2962448298931122, -4.278282165527344]",tensor(0.9060)
disgust_4cdd1bef75ba2619f187f6de93c82473,03-09,Male,White,disgust,1,3,"[-1.0761430263519287, -0.26305899024009705, -3.2792513370513916, 5.093420505523682, -2.0240895748138428, -1.8439277410507202, -1.6121678352355957]",tensor(0.9901)
disgust_a7a63005341dfac51ab87cd723e8e370,30-39,Female,Black,disgust,1,5,"[-1.918506145477295, -1.585568904876709, 2.2007007598876953, -4.118752479553223, 0.8856531381607056, 3.5599541664123535, -3.80216908454895]",tensor(0.7480)
sad_9a42e4fa0b0817c68d06bdd7f7eb2b53,03-09,Male,White,sad,5,5,"[-1.3226537704467773, -3.742969036102295, -2.7392659187316895, -0.28396254777908325, 2.897184133529663, 3.6889185905456543, -2.7136383056640625]",tensor(0.6746)
happy_d8457a000ea73f29440a4a21438b7ca4,50-59,Female,White,happy,3,3,"[-1.2631118297576904, -3.519719123840332, -3.264371156692505, 6.235233306884766, 1.1970319747924805, -2.3948898315429688, -3.437516450881958]",tensor(0.9926)
sad_7da15c070d17d117567b9521442b4fba,60-69,Male,Middle Eastern,sad,5,4,"[-0.73553067445755, -0.014395544305443764, -4.076052188873291, -2.938617706298828, 2.5065174102783203, 0.744695782661438, -0.5232551097869873]",tensor(0.7434)
sad_01e182099441fded807e07da7f122721,40-49,Male,Middle Eastern,sad,5,0,"[2.282538652420044, -1.0181329250335693, -2.5478768348693848, -2.2820606231689453, 1.1359353065490723, 1.8778549432754517, -5.605845928192139]",tensor(0.4901)
surprise_cb0e4337e15b6828ea30e396218a3e63,20-29,Female,White,surprise,6,4,"[-4.455446720123291, -5.081012725830078, 0.6346501708030701, -3.094290018081665, 4.217177867889404, 0.19342419505119324, -0.5612004399299622]",tensor(0.9478)
surprise_b903a0b4e01ada9cca42240a56d100e9,10-19,Male,Latino_Hispanic,surprise,6,4,"[-3.0982658863067627, -4.562045574188232, -3.3246428966522217, -2.3014535903930664, 5.962044715881348, -0.7342040538787842, 1.123536467552185]",tensor(0.9904)
surprise_c8106b3b5f7d874bd411c9811de0152f,30-39,Male,White,surprise,6,6,"[0.5969756841659546, -3.1402127742767334, -2.9821200370788574, 1.7169008255004883, 0.9338747262954712, -6.697622299194336, 2.1501848697662354]",tensor(0.4614)
sad_1cb33301229e02b49025a8a57643ccaa,60-69,Male,Latino_Hispanic,sad,5,5,"[-0.994970440864563, -3.557373285293579, -0.6417222023010254, 3.4205806255340576, -3.3299782276153564, 4.256433963775635, -5.045473098754883]",tensor(0.6910)
happy_06063fb752446adfef3666e2c0ca8b0e,30-39,Female,White,happy,3,3,"[-2.4189412593841553, -2.324625015258789, -2.974331855773926, 7.556859016418457, -2.7117903232574463, -2.15568208694458, -1.456426739692688]",tensor(0.9997)
fear_69c384a679b72cf6378ea4962fae7515,30-39,Male,East Asian,fear,2,2,"[-1.5867445468902588, -2.9307057857513428, 2.770949363708496, -6.205866813659668, 1.6638858318328857, 0.3411366045475006, 1.6052651405334473]",tensor(0.5726)
sad_3302552efbc3550a6590744009599b6a,10-19,Female,White,sad,5,5,"[-1.2739871740341187, -4.453388214111328, -0.6673762798309326, -3.591996192932129, 2.9354984760284424, 4.973263740539551, -3.5074617862701416]",tensor(0.8801)
disgust_e2e23b2d17d7257707390110ba9b1a69,30-39,Male,Middle Eastern,disgust,1,4,"[1.9928152561187744, -2.6050145626068115, -5.256496429443359, -0.12209601700305939, 4.337052822113037, 1.19121253490448, -5.810963153839111]",tensor(0.8684)
happy_032bdd7ea8218f91c1f80e59ec97a135,50-59,Female,White,happy,3,3,"[-1.5261895656585693, -1.822709321975708, -2.5840020179748535, 6.6043171882629395, -2.5027525424957275, -2.775033950805664, -1.1015459299087524]",tensor(0.9987)
disgust_aea0f94d6c4b75b891a39348d324180f,20-29,Female,White,disgust,1,1,"[3.526228189468384, 6.370176315307617, -1.869496464729309, -3.388453960418701, -3.6288368701934814, -0.65394127368927, -3.984128952026367]",tensor(0.9439)
happy_0f07ce0d02166ded60ffe740bd26f2bb,40-49,Female,White,happy,3,3,"[-2.5958213806152344, -2.2121965885162354, -3.0901598930358887, 4.908457279205322, 0.19622144103050232, -0.5199145078659058, -3.128225564956665]",tensor(0.9848)
neutral_8410f25ab53e648e5060bf3619193940,40-49,Male,White,neutral,4,4,"[-0.9145168662071228, -3.7964584827423096, -3.460233688354492, -0.549591064453125, 6.181190013885498, 0.7048131227493286, -3.1725246906280518]",tensor(0.9936)
surprise_d32074bf7d8212bb6972337394e8df83,30-39,Female,Indian,surprise,6,5,"[-0.549211323261261, -2.741093873977661, -1.9344372749328613, -3.396362066268921, 2.772801160812378, 3.132826328277588, -1.7168827056884766]",tensor(0.5743)
disgust_a820f19672df30ebe37f933de9a113cf,50-59,Male,White,disgust,1,5,"[-1.6954147815704346, -1.013331651687622, -1.9744020700454712, -0.6437339782714844, 0.9137413501739502, 2.4533183574676514, -3.8074517250061035]",tensor(0.7573)
happy_e297cd03f6ee82d5e87ba0488a908079,20-29,Male,White,happy,3,3,"[-2.102675199508667, -1.8735109567642212, -2.614511728286743, 5.583717346191406, -1.0712578296661377, -2.346649646759033, -0.9636781215667725]",tensor(0.9956)
angry_31fa4b78d2b2c0ac4e4247d660d242be,30-39,Male,White,angry,0,0,"[5.624060153961182, 3.8439595699310303, -3.6760499477386475, -2.7033004760742188, -0.7735098004341125, -2.775578498840332, -3.1088457107543945]",tensor(0.8540)
fear_2079f03310857b0b8c95acbce4c1816a,10-19,Female,White,fear,2,5,"[-2.115306854248047, 0.7236579060554504, 2.9693970680236816, -4.366238117218018, -4.290524005889893, 5.806077003479004, -2.1789605617523193]",tensor(0.9384)
disgust_87ad99f79ebab7d706eaf5c17b482d4b,20-29,Female,Black,disgust,1,3,"[-1.7076027393341064, -0.9091170430183411, -3.0182878971099854, 3.425027370452881, -1.1269605159759521, -5.119683265686035, 2.0114877223968506]",tensor(0.7845)
surprise_060aadeea20c0c0dadb2f6d4df390fe2,20-29,Female,White,surprise,6,3,"[-3.6650125980377197, -3.6356360912323, -0.5744618773460388, 1.6453779935836792, 0.28155332803726196, -0.02617393434047699, 0.9258303642272949]",tensor(0.4880)
disgust_46fc912498b4db53a2784f4071df8b66,40-49,Female,White,disgust,1,5,"[-1.531494140625, -3.5782241821289062, -3.320600986480713, 0.24582946300506592, 2.8309109210968018, 4.884077548980713, -3.697080373764038]",tensor(0.8770)
sad_88f2c3bad0c728731d6bbdd1075ce2ad,40-49,Female,White,sad,5,5,"[-2.83583664894104, -1.7723020315170288, -0.9201416969299316, -3.712838649749756, 1.0734235048294067, 2.9448251724243164, 1.9063996076583862]",tensor(0.6484)
surprise_d020d656b0431d567550d694e02056d1,20-29,Female,White,surprise,6,3,"[-3.562671184539795, -4.080453872680664, -3.789363384246826, 3.829136848449707, 2.6356661319732666, 1.8599122762680054, -2.4935379028320312]",tensor(0.6916)
neutral_fc09b21e294dece49e54f75c2a8256f1,30-39,Female,White,neutral,4,4,"[-3.7476561069488525, -4.863173484802246, -4.770501613616943, 3.1784725189208984, 7.454514026641846, -2.852940082550049, -3.2471389770507812]",tensor(0.9862)
neutral_7ac0a4050df376411ff2754c765c0c09,20-29,Female,East Asian,neutral,4,4,"[-3.2702720165252686, -2.9825809001922607, -3.387829303741455, 2.9575233459472656, 4.021814346313477, -0.9574146270751953, -0.815911054611206]",tensor(0.7342)
disgust_bead41d1ac0f31e4dc5af8ff08d30c7a,00-02,Male,White,disgust,1,2,"[-0.3266068994998932, -1.0169625282287598, 2.0093488693237305, -0.5008383393287659, -5.211618900299072, 1.519549012184143, -0.9361023306846619]",tensor(0.5284)
surprise_7b21a7e263e9632803d1b55c414b00ee,00-02,Male,White,surprise,6,6,"[-6.038255214691162, -6.9889020919799805, -1.4219509363174438, 0.6763767600059509, -0.035966694355010986, -5.959578037261963, 10.565166473388672]",tensor(0.9999)
neutral_6dd37b126ad6d5c4c5dc274ca4397e44,60-69,Male,White,neutral,4,3,"[-3.3127009868621826, -3.636605978012085, -4.2817559242248535, 6.617961406707764, 3.366044282913208, -2.7286486625671387, -3.8975257873535156]",tensor(0.9625)
sad_d9355f2f31b8715054775ea241521eb1,40-49,Male,Middle Eastern,sad,5,4,"[-1.352217197418213, -2.156233549118042, -2.4782400131225586, -2.4511916637420654, 5.53844690322876, 0.5374904870986938, -3.576883316040039]",tensor(0.9911)
disgust_e75c2ac5ee310d2e8c2164d9547e11a4,20-29,Female,White,disgust,1,4,"[-3.0813815593719482, -3.635810136795044, -2.9815564155578613, -1.6460402011871338, 6.488138675689697, -1.6389697790145874, 0.7974938750267029]",tensor(0.9959)
happy_597859303ac376971ca13cc968bdd47d,40-49,Male,Middle Eastern,happy,3,3,"[-1.7891476154327393, -1.0557126998901367, -2.9981744289398193, 6.269731521606445, -1.731015682220459, -2.9923136234283447, -1.2719388008117676]",tensor(0.9980)
fear_26af5cbc4a9067e63f248f2fce2b17a8,20-29,Female,White,fear,2,1,"[0.7692918181419373, 1.9195717573165894, -2.084866523742676, 0.6421918869018555, -4.244490146636963, -0.03556188941001892, -3.28641939163208]",tensor(0.5673)
happy_b44643f7e4348922666eefca6ef12e8a,20-29,Female,White,happy,3,3,"[-1.4997764825820923, -1.971004843711853, -1.2411212921142578, 2.4984493255615234, -1.5613539218902588, -2.6001644134521484, 0.12026283144950867]",tensor(0.8550)
disgust_744bf479bb210cc133fff721fedf6546,30-39,Female,White,disgust,1,1,"[1.0689105987548828, 5.686068058013916, -1.3947432041168213, -2.9720115661621094, -2.914276361465454, 1.6621533632278442, -2.4055986404418945]",tensor(0.9716)
happy_dca29a9deae401aacaa42b12a6dcdf43,40-49,Female,White,happy,3,3,"[-1.9936749935150146, -2.3402388095855713, -3.1675758361816406, 3.9081549644470215, 2.161741256713867, -0.986740231513977, -2.9935431480407715]",tensor(0.8415)
angry_9b3ca697273ce69d99161cea9deb9e13,20-29,Female,White,angry,0,4,"[-2.136881113052368, -3.576704740524292, -4.44645357131958, 2.6967413425445557, 5.869283199310303, -2.512561321258545, -2.56040358543396]",tensor(0.9590)
happy_ee73fea0447045f11c2abb6e08e52db4,10-19,Female,White,happy,3,3,"[-2.4839303493499756, -2.356579065322876, -2.4945554733276367, 7.2173309326171875, -2.6663806438446045, -0.9458175897598267, -1.3040008544921875]",tensor(0.9993)
neutral_003f9cc4e065c7dd98f90bddb067c03f,20-29,Male,East Asian,neutral,4,4,"[-2.8340303897857666, -4.986954689025879, -3.3919243812561035, -1.6979038715362549, 8.569565773010254, -0.9367272853851318, -1.887717843055725]",tensor(0.9998)
angry_f002c59daa94ec87f05d06b28dea5e33,50-59,Male,Middle Eastern,angry,0,4,"[1.3528482913970947, -3.990327835083008, -2.076809883117676, -4.996781826019287, 3.1519596576690674, 2.6924588680267334, -0.4847441017627716]",tensor(0.5465)
disgust_8e873a1f7377f53e96de06c28a752895,50-59,Male,Middle Eastern,disgust,1,0,"[5.309399127960205, 1.195837140083313, -2.930722713470459, -4.407802104949951, -0.4858941435813904, 1.522924542427063, -3.290980100631714]",tensor(0.9592)
surprise_19bca0b66802e01fd2df8e67f1537a5f,20-29,Female,White,surprise,6,4,"[-3.363734245300293, -3.082336187362671, -4.03220796585083, 2.4245152473449707, 2.5935864448547363, -3.2226133346557617, 1.8034976720809937]",tensor(0.4332)
surprise_dbe3b5d1b852e85ddb5cf3f31cd99f13,20-29,Female,White,surprise,6,6,"[-4.002046585083008, -4.548030853271484, -0.2931874692440033, -0.09777692705392838, -1.2953827381134033, -3.7742066383361816, 8.213929176330566]",tensor(0.9995)
fear_ef67c86b516c5081725d8de0dba2f872,20-29,Female,White,fear,2,3,"[-4.289926528930664, -2.892753839492798, -2.0614547729492188, 5.115891933441162, -1.8241329193115234, -4.999742031097412, 4.695953369140625]",tensor(0.6027)
surprise_749c9c354748ffd3778e5f5b1878b922,20-29,Female,Latino_Hispanic,surprise,6,4,"[-2.11257004737854, -4.131216526031494, -0.850684642791748, -1.932228922843933, 4.134909152984619, 0.972235918045044, -0.7948288917541504]",tensor(0.9426)
happy_330b466856645828d8521f900f3cdaad,20-29,Female,White,happy,3,3,"[-1.6806570291519165, -1.5638693571090698, -2.3446121215820312, 4.778402805328369, -2.077646017074585, -1.3053267002105713, -0.6330835819244385]",tensor(0.9882)
fear_646cd599c626351f8c4df627a50199dc,20-29,Female,White,fear,2,1,"[1.3481969833374023, 4.440774917602539, -1.551332712173462, -1.9317381381988525, -2.3161284923553467, -0.5274490118026733, -2.334993839263916]",tensor(0.9444)
angry_4869fe9c45c2359a0f720f0646f4402f,30-39,Male,White,angry,0,4,"[0.5347191691398621, -4.647520542144775, -4.227858066558838, -1.2541698217391968, 6.552126407623291, 1.7079851627349854, -4.424935340881348]",tensor(0.9893)
disgust_a45f1c6821a52c3ae7e69c101b546872,20-29,Female,White,disgust,1,4,"[-3.534158229827881, -3.623443365097046, -0.4821975529193878, -0.7030633687973022, 1.317209243774414, 0.3972657024860382, 0.8304523825645447]",tensor(0.4299)
happy_e004d78113a57ddeb72aecbfd1a1ce5e,10-19,Female,White,happy,3,3,"[-2.543236494064331, -2.202443838119507, -4.242331027984619, 6.384576320648193, 1.4559178352355957, -2.9056830406188965, -2.6768548488616943]",tensor(0.9923)
neutral_bc4d39acb85df03d7ffad59f24709a24,30-39,Male,White,neutral,4,4,"[-1.236802101135254, -4.280099868774414, -5.777980804443359, 3.2113728523254395, 6.69710111618042, -1.0288444757461548, -4.452437877655029]",tensor(0.9695)
angry_1b744e759a099fecb39a920c74262cce,40-49,Male,White,angry,0,4,"[3.741269826889038, -1.1276124715805054, -4.85899019241333, -1.7929354906082153, 4.376908302307129, -2.2773971557617188, -3.2648823261260986]",tensor(0.6504)
disgust_1a261598fb2ab9c73b5c440e08c5774f,30-39,Male,Latino_Hispanic,disgust,1,3,"[-2.312382698059082, -3.30678391456604, -3.370573043823242, 2.689058303833008, 1.196096658706665, 1.54804265499115, -2.273564577102661]",tensor(0.6399)
happy_3612a8e1f784837ef606ed705dfbd4b9,00-02,Male,White,happy,3,3,"[-3.5875868797302246, -3.1692893505096436, -3.8056740760803223, 5.574911594390869, 2.390134572982788, -3.0623507499694824, -0.5340548157691956]",tensor(0.9577)
happy_8d6fd86b8648b8b0ccbd19aaafa36c07,20-29,Female,White,happy,3,3,"[-1.5173323154449463, -1.7894929647445679, -2.8298168182373047, 5.368103981018066, -1.4340920448303223, -1.2309983968734741, -1.8153622150421143]",tensor(0.9947)
neutral_932fbfb85dcb3e3c2ac1ec77797d4c4d,20-29,Female,White,neutral,4,3,"[-1.332817554473877, -2.7833855152130127, -4.179549694061279, 4.782978534698486, 2.66156268119812, -3.1809229850769043, -2.2230429649353027]",tensor(0.8897)
disgust_5b94a2bfc3766214e18531b151b970fc,20-29,Male,White,disgust,1,4,"[-2.4171535968780518, -2.1420679092407227, -4.43695068359375, 1.8067471981048584, 4.209590435028076, -2.026639461517334, -0.44367775321006775]",tensor(0.9048)
neutral_5657e4cbfed9a56b909074bb39e456a3,20-29,Female,White,neutral,4,4,"[-2.6811044216156006, -4.976056098937988, -2.6512110233306885, -0.6456384658813477, 7.515592098236084, -0.035653337836265564, -2.0862631797790527]",tensor(0.9990)
sad_0cd8ec4c089965e2c86e95121aa0c081,40-49,Male,Latino_Hispanic,sad,5,4,"[0.15906284749507904, -0.3993960916996002, -4.655745983123779, -0.6299649477005005, 2.543353796005249, -0.45168551802635193, -1.8309521675109863]",tensor(0.7999)
angry_241f9737bbc29fc1aa043808bbef997f,60-69,Female,Latino_Hispanic,angry,0,0,"[5.578983783721924, -0.4131353199481964, -3.2950387001037598, -3.4864628314971924, 0.758857011795044, 1.6029084920883179, -4.70148229598999]",tensor(0.9712)
happy_ee9e33054125f086f0dee7894a10fe57,60-69,Male,White,happy,3,3,"[-2.2463538646698, -2.662252187728882, -2.2359700202941895, 6.241128444671631, -1.607319712638855, -3.231285333633423, -0.09336845576763153]",tensor(0.9972)
fear_4a77ad3af3ae5727d2c8fba203597c48,30-39,Male,White,fear,2,4,"[-3.5699844360351562, -4.265244483947754, -1.5486445426940918, -2.4659061431884766, 5.616593360900879, -3.6322877407073975, 2.1504316329956055]",tensor(0.9685)
disgust_122f7148198008993dac439af20dbde0,40-49,Male,White,disgust,1,6,"[-1.5320684909820557, -3.2404699325561523, 1.3997139930725098, -3.616781711578369, 0.8212997317314148, -0.828222393989563, 2.820568561553955]",tensor(0.7043)
happy_9b1e37f6fcb2e12b1630683420ac135f,00-02,Male,White,happy,3,3,"[-4.230404376983643, -4.136274814605713, -2.8242764472961426, 6.143579006195068, -2.3820948600769043, -4.846153736114502, 4.787250518798828]",tensor(0.7949)
happy_00c1d740a831849847bbf0a61f661b24,20-29,Female,White,happy,3,4,"[-0.9628137350082397, -5.539322853088379, -6.004060745239258, 3.426693916320801, 5.931924343109131, -1.2805150747299194, -4.075839519500732]",tensor(0.9230)
happy_ad5c91b9abb3d6964ff42efb761ec616,20-29,Female,White,happy,3,3,"[-2.8502986431121826, -1.9330527782440186, -3.934387683868408, 7.5412211418151855, -0.8180168271064758, -2.992001533508301, -2.2689757347106934]",tensor(0.9996)
surprise_5b3c26d1b2e6b8dc4710a9691b4722e5,20-29,Male,White,surprise,6,4,"[-3.5724377632141113, -3.906351327896118, -2.178652763366699, 0.36234724521636963, 5.190090656280518, -0.10260939598083496, -1.6164129972457886]",tensor(0.9852)
surprise_4bf32aabc18da6b50b1cfaa9cd4f31d3,20-29,Female,White,surprise,6,6,"[-2.5465238094329834, -3.0283191204071045, 3.599998950958252, -3.942765235900879, -2.1477882862091064, -3.979687452316284, 6.827417373657227]",tensor(0.9616)
sad_67def7db2f8d273f2cd90516626e39cd,50-59,Male,Middle Eastern,sad,5,4,"[-2.7885873317718506, -5.424243927001953, -3.6210665702819824, -0.11085045337677002, 8.355584144592285, -1.560920238494873, -1.2912378311157227]",tensor(0.9997)
sad_b8382a89dae500c3f7f6ac05c71a817c,50-59,Male,White,sad,5,4,"[-3.25341534614563, -5.590436935424805, -4.968792915344238, -1.3767520189285278, 7.775908946990967, 1.9113446474075317, -0.5317619442939758]",tensor(0.9968)
surprise_7c4faf1cb1aaf57180c0d504e975930b,30-39,Female,White,surprise,6,3,"[-2.5481998920440674, -1.7898939847946167, -2.334902763366699, 6.401058197021484, -2.754927635192871, -2.770617961883545, -0.2151162326335907]",tensor(0.9979)
surprise_af1a9996a22f97ce95949584b24a7bdc,40-49,Male,White,surprise,6,4,"[-3.2632229328155518, -3.2356531620025635, -1.6706194877624512, -3.340987205505371, 4.935675144195557, -2.3934781551361084, 2.4350109100341797]",tensor(0.9218)
surprise_52042c5948b2cbda6dd6e1bdf324c2e5,20-29,Male,White,surprise,6,5,"[1.0573031902313232, -2.9162955284118652, -2.0497000217437744, -3.958970785140991, 2.9396626949310303, 4.014103889465332, -2.666167974472046]",tensor(0.7151)
fear_134b76e2b0c024bc428262846e7922a9,00-02,Male,White,fear,2,6,"[-6.53005838394165, -5.968014717102051, 1.7975273132324219, -2.899756908416748, 2.1957850456237793, 1.390295386314392, 3.8728225231170654]",tensor(0.7157)
sad_9ee9122f070dc7fc51c221c2259b6a62,30-39,Male,White,sad,5,2,"[-1.6934356689453125, -2.528123617172241, 2.8574304580688477, -7.317602157592773, -0.7811061143875122, 2.6284899711608887, 1.9766933917999268]",tensor(0.4442)
fear_2f28c8aad3d19249deba3fcf297d12e2,20-29,Female,White,fear,2,5,"[-2.218353033065796, -1.5349587202072144, 2.3826141357421875, -1.2711334228515625, -4.081854820251465, 5.039048671722412, -1.598850131034851]",tensor(0.9298)
angry_bac098c794f63d01b372aef9063e3551,50-59,Male,Indian,angry,0,0,"[4.07321834564209, -1.9606410264968872, -2.348994493484497, -3.484375238418579, 2.1077511310577393, 1.7169886827468872, -3.0483317375183105]",tensor(0.8063)
sad_8c1ee9c0cedad1d4ba5cb2063b1abcd3,40-49,Male,White,sad,5,5,"[-1.4254603385925293, -2.8724148273468018, 0.6905102729797363, -6.755012035369873, -1.4223461151123047, 10.614500999450684, -2.88871693611145]",tensor(0.9999)
happy_131b0fd42322e1c95754ba7a93072e87,10-19,Male,East Asian,happy,3,3,"[-4.744349956512451, -6.039477348327637, -4.7635111808776855, 5.783947467803955, 4.027541160583496, -1.516313910484314, -0.5170326232910156]",tensor(0.8509)
happy_9e028e3ec5cccb6341bb397fb65397eb,40-49,Female,Latino_Hispanic,happy,3,3,"[-1.1437418460845947, 0.24750564992427826, -2.6296489238739014, 5.004746913909912, -2.528113603591919, -2.3667118549346924, -1.5544841289520264]",tensor(0.9864)
disgust_c314de7c02b1b0c75855810e334a4c27,30-39,Male,White,disgust,1,2,"[-0.507806122303009, 2.2482950687408447, 2.710181713104248, -2.6552047729492188, -3.0274851322174072, -1.697782039642334, 0.6481601595878601]",tensor(0.5502)
angry_d4f727899e2261352cfb35a6c7019ce7,10-19,Male,White,angry,0,3,"[-0.2610158622264862, -0.023370500653982162, -2.281623363494873, 2.9195187091827393, -1.8497049808502197, -1.375869870185852, -1.6727120876312256]",tensor(0.8834)
surprise_5d5ea5a15d9b2ca3c51b7bb6cc00d0f9,20-29,Male,Black,surprise,6,4,"[-1.4707037210464478, -3.379075765609741, -2.8983216285705566, -2.206570625305176, 3.310736656188965, -1.5195125341415405, 3.064652442932129]",tensor(0.5539)
surprise_90358ac42eecc310c98a5b9474729da9,40-49,Female,White,surprise,6,4,"[-1.1226862668991089, -2.5035455226898193, -2.7494659423828125, -3.015712261199951, 5.0041823387146, -2.553497314453125, 1.7381336688995361]",tensor(0.9595)
fear_cceabd444c458ed894637d3b41a3c098,20-29,Female,Latino_Hispanic,fear,2,3,"[-1.0375244617462158, -2.0989062786102295, 0.7905358076095581, 1.25933039188385, -2.7014248371124268, -0.3527722656726837, -0.016234522685408592]",tensor(0.4427)
angry_4e436c5356f7c2672646cd7b90f9b91d,40-49,Male,White,angry,0,4,"[0.7057222127914429, -2.482678174972534, -1.3773715496063232, -4.608853816986084, 2.941744565963745, 2.8702991008758545, -1.4401568174362183]",tensor(0.4834)
surprise_31dd7577bf472bdcd2bd1ad87ff0c02f,20-29,Female,Southeast Asian,surprise,6,4,"[-0.9837970733642578, -3.664904832839966, -2.3584206104278564, -2.2535400390625, 4.388998985290527, 0.3785191476345062, -0.7786816954612732]",tensor(0.9697)
surprise_b776c76acbdd658d38406d45adb33775,10-19,Female,Black,surprise,6,4,"[-3.1170566082000732, -4.0612688064575195, -2.105072498321533, -1.9288511276245117, 3.8750827312469482, 2.901228904724121, -0.29071271419525146]",tensor(0.7143)
disgust_f30c8a60e8b3dfc34dc508d6cd8f1f1f,50-59,Male,Latino_Hispanic,disgust,1,0,"[2.5617425441741943, 1.0790854692459106, -1.8735517263412476, 0.0013278601691126823, -2.345644235610962, 0.8126393556594849, -5.017078399658203]",tensor(0.6676)
neutral_d0a9d8026cc655bcb1ddc508e29caa61,20-29,Female,White,neutral,4,4,"[-2.2050178050994873, -6.0734405517578125, -3.422960042953491, -2.516232967376709, 7.023157596588135, 0.7651804685592651, 0.15119588375091553]",tensor(0.9969)
angry_7bdbf28d47d010b1ada55a6fdbb56199,50-59,Male,White,angry,0,0,"[4.7108049392700195, 2.009348154067993, -2.487537145614624, -4.083212375640869, -0.3105343282222748, -1.2079452276229858, -2.30948543548584]",tensor(0.9275)
angry_024884966c098b5b932a90064011ca83,10-19,Male,Black,angry,0,4,"[1.3403860330581665, -4.010880947113037, -2.8856210708618164, -2.903625965118408, 5.338183879852295, 1.7782243490219116, -2.928563117980957]",tensor(0.9545)
disgust_4c6ad4981156a7a01305ba051662a904,30-39,Female,White,disgust,1,5,"[-2.173640012741089, -2.1747891902923584, -0.9652643203735352, -3.6278467178344727, 1.2296764850616455, 6.206277370452881, -2.28823184967041]",tensor(0.9917)
sad_8b32d2ec43b1fe95692c2e8b6de1d8a2,30-39,Male,Black,sad,5,3,"[0.07508402317762375, -2.537745714187622, -2.8921728134155273, 3.5005569458007812, -0.8897830843925476, 1.7267001867294312, -4.848276615142822]",tensor(0.8204)
angry_c5b6d22e092f2f1c9d3ee769ef7aabb1,30-39,Female,White,angry,0,5,"[1.2635712623596191, -3.7437305450439453, -3.6808078289031982, -4.635412693023682, 2.557365655899048, 5.789395809173584, -2.4029288291931152]",tensor(0.9517)
neutral_0cbd27fdd6dbe7f5df63029cf025090a,10-19,Female,Black,neutral,4,4,"[-3.1790430545806885, -4.710555076599121, -1.7950985431671143, -1.7382155656814575, 5.404963970184326, -0.7359914779663086, 0.5828084349632263]",tensor(0.9882)
neutral_d412b7d97abd25f0867ad99e6771ae15,20-29,Female,White,neutral,4,4,"[-0.8944519758224487, -4.465903282165527, -4.679358959197998, -1.2440292835235596, 8.561455726623535, -1.2214771509170532, -2.717317819595337]",tensor(0.9998)
angry_89fe340368c72b7181915ae6c46ab05a,20-29,Male,Black,angry,0,0,"[5.767813205718994, -3.043026924133301, -2.1574268341064453, -5.564864158630371, 3.816105365753174, -2.2021656036376953, -2.231499195098877]",tensor(0.8747)
disgust_7dfb552985163d0100594b246bb345bf,20-29,Female,White,disgust,1,1,"[0.23087020218372345, 5.8011884689331055, -3.283205032348633, -0.9393569827079773, -1.540989875793457, -0.4174264073371887, -4.726956367492676]",tensor(0.9923)
neutral_8a1f3f76f2bb60b19b4cd631e09d3095,20-29,Male,White,neutral,4,4,"[-0.9397888779640198, -2.8603734970092773, -2.1506550312042236, -1.7847295999526978, 4.780060291290283, -0.8185126781463623, -0.18262651562690735]",tensor(0.9834)
angry_4162eb0a386b12ccf530ed7d476b3503,30-39,Male,White,angry,0,4,"[3.263951539993286, -0.37012794613838196, -4.584492206573486, -2.049285888671875, 3.8654420375823975, -0.0659763365983963, -4.3900675773620605]",tensor(0.6308)
neutral_77813098bc1a8abea29e05f769847b1f,10-19,Male,Latino_Hispanic,neutral,4,3,"[-3.0666348934173584, -1.036164402961731, -3.7536330223083496, 3.170210838317871, 2.5247995853424072, -2.97662353515625, -1.366046667098999]",tensor(0.6430)
happy_ed67fa9413b59a2e7c6074ea890e61e7,50-59,Male,White,happy,3,3,"[-3.7884578704833984, -4.309964179992676, -4.150393486022949, 5.599796772003174, 5.378358840942383, -2.1588239669799805, -3.7548489570617676]",tensor(0.5549)
fear_e05164c85d76e0f58710a62eaa4d0706,20-29,Male,White,fear,2,4,"[-2.4392807483673096, -3.348862409591675, -3.9973044395446777, 0.9747544527053833, 4.772299766540527, -5.279058456420898, 2.6429076194763184]",tensor(0.8752)
angry_08e896aea8c255ec3cf9f7997e2a8bdf,20-29,Female,Latino_Hispanic,angry,0,3,"[-1.5789098739624023, -1.5453428030014038, -2.7789037227630615, 6.065751075744629, -2.8447608947753906, -0.13824504613876343, -2.8615663051605225]",tensor(0.9966)
angry_2e94f8e2a173243162f1f6f8071a0778,30-39,Male,White,angry,0,5,"[-1.1752541065216064, 0.9374210238456726, 2.779794692993164, -5.551908016204834, -1.5655230283737183, 2.8755030632019043, -1.0897090435028076]",tensor(0.4759)
fear_b34707ccbeae8c8213d83927ec18462a,20-29,Female,White,fear,2,6,"[-5.047637939453125, -5.745163917541504, -0.10264681279659271, -4.135084629058838, 3.7154576778411865, -0.8138095140457153, 5.381505012512207]",tensor(0.8366)
angry_60b4d6cb693a12249d5b25c52068624e,20-29,Male,White,angry,0,4,"[0.13525913655757904, -4.301425457000732, -4.600396156311035, -0.7571012377738953, 7.825189113616943, -0.8023215532302856, -3.109515428543091]",tensor(0.9991)
surprise_5de8cc602b24348b166c163fb7b4ef1c,03-09,Female,White,surprise,6,3,"[-6.086294651031494, -5.575051784515381, -5.167309284210205, 6.567446231842041, 3.3778953552246094, -6.246030330657959, 3.332247734069824]",tensor(0.9254)
disgust_f07ab4dbf230bd131dc27163cbe357b5,30-39,Male,Middle Eastern,disgust,1,6,"[-2.6712749004364014, -3.937286615371704, -2.9376070499420166, 0.1848842054605484, 2.6111979484558105, -2.144141674041748, 2.963869571685791]",tensor(0.5623)
surprise_fd6651613ff9bccf67eec56c398a3fe2,50-59,Male,White,surprise,6,6,"[-0.5093545913696289, -1.4653502702713013, 0.6092253923416138, -3.4837486743927, 0.07993423938751221, -1.0162273645401, 1.8821401596069336]",tensor(0.6130)
fear_0b8c38f7dd4d1b218695239c93b24017,20-29,Female,Latino_Hispanic,fear,2,2,"[2.3883674144744873, -1.3938814401626587, 6.8127217292785645, -3.5064215660095215, -5.428971767425537, -2.1284077167510986, -0.16779637336730957]",tensor(0.9868)
happy_f52f4fa335ba73b94ea81b05e4199089,03-09,Female,Southeast Asian,happy,3,3,"[-1.651668906211853, -1.3291221857070923, -1.8094534873962402, 4.245021343231201, -1.4183037281036377, -1.9358550310134888, -0.5519319772720337]",tensor(0.9778)
surprise_60c56468744d8286dea550de1e59c430,00-02,Male,White,surprise,6,3,"[-3.2086150646209717, -2.810657501220703, -3.7136311531066895, 9.672327995300293, -4.469872951507568, -3.4202849864959717, 0.5239059925079346]",tensor(0.9999)
surprise_363e00c10a9d0149657858b54623baf8,20-29,Female,White,surprise,6,6,"[-4.85144567489624, -4.798094749450684, -2.405029296875, -2.726095199584961, 5.4435648918151855, -3.5426111221313477, 5.461940288543701]",tensor(0.5044)
surprise_b4801c32df509990e4d62e9c890080ee,10-19,Male,Black,surprise,6,3,"[-2.1494219303131104, -1.6457551717758179, -2.3718550205230713, 6.296992778778076, -2.116548776626587, -1.952390193939209, -1.5998218059539795]",tensor(0.9984)
surprise_2d402d8fc41941148b837ffed45f62b8,20-29,Female,Indian,surprise,6,3,"[-2.438706874847412, -3.462989091873169, -0.9375779628753662, 2.877415657043457, 2.008352279663086, -3.7339439392089844, 0.41273441910743713]",tensor(0.6517)
happy_ae51b2ee1a937dd017c2f0cfc5168978,20-29,Male,White,happy,3,3,"[-1.519158959388733, -1.9477390050888062, -3.450246810913086, 5.489787578582764, 0.1585618257522583, -1.4924702644348145, -3.4592111110687256]",tensor(0.9925)
angry_e5f08952f1e1f9781207701ae260e2f4,60-69,Male,White,angry,0,3,"[0.4336664080619812, -2.9529287815093994, -3.6996381282806396, 3.8957138061523438, -0.8091740608215332, 0.9590377807617188, -3.564488410949707]",tensor(0.9127)
fear_66440ca5ac0bf9af43c34bef54e59d7d,30-39,Female,White,fear,2,2,"[3.144937753677368, -0.847095787525177, 4.551177024841309, -2.509718656539917, -5.500718593597412, -4.5801310539245605, 2.9864501953125]",tensor(0.6851)
fear_5a89482037907a37d20896e611130c8e,20-29,Female,Latino_Hispanic,fear,2,4,"[2.729153871536255, -1.257391095161438, -2.4741082191467285, -3.1776344776153564, 3.014007806777954, -1.9818789958953857, -1.2778297662734985]",tensor(0.5578)
sad_7b402f8b2c54edf950adbac9351566dd,20-29,Female,Middle Eastern,sad,5,1,"[0.9340706467628479, 1.5301318168640137, 0.4575098752975464, -4.108710289001465, 0.035953089594841, 0.05846860632300377, -2.3869259357452393]",tensor(0.4218)
happy_e47028b974ea07d45ddebec23750bf91,03-09,Male,White,happy,3,3,"[-2.2187271118164062, -1.9657700061798096, -1.0221989154815674, 6.0423665046691895, -3.8051459789276123, -2.0733094215393066, 0.09068263322114944]",tensor(0.9956)
surprise_2bc5f85ddb17777de87b1a50dac8f95e,20-29,Female,White,surprise,6,4,"[-3.6408944129943848, -4.847354888916016, -4.147061824798584, -0.4171423017978668, 8.209833145141602, -0.4486212730407715, -1.7089955806732178]",tensor(0.9996)
neutral_c0fdba898d4bf4537620d5affa8d37b5,30-39,Male,White,neutral,4,4,"[-0.5989745259284973, -4.106992721557617, -2.0789670944213867, -3.419727087020874, 6.137491703033447, -0.9144878387451172, -0.2901236116886139]",tensor(0.9960)
angry_f0348d586636cb0cc7fa5a84b89ff871,10-19,Male,Middle Eastern,angry,0,5,"[0.9455817341804504, -3.030214548110962, -3.6234748363494873, -5.009880542755127, 2.9496066570281982, 5.392941951751709, -3.902237892150879]",tensor(0.9099)
angry_f630835c9d5b93b4d6333c95682940c1,00-02,Female,White,angry,0,3,"[-2.6632192134857178, -2.332352876663208, -3.9646248817443848, 2.936406373977661, 1.868891954421997, -2.689540386199951, -0.2997186481952667]",tensor(0.7160)
neutral_68a30e2da88bf4394c7e3c1a5eaa3840,20-29,Female,White,neutral,4,3,"[-5.543181896209717, -5.601480484008789, -5.841622829437256, 4.959758281707764, 4.097972393035889, -1.6236579418182373, 0.5930728912353516]",tensor(0.6961)
fear_e3a3aff01749d615ed46b0a63b96bddd,03-09,Male,White,fear,2,5,"[-1.6569550037384033, -2.873389720916748, 0.5854314565658569, -3.9703497886657715, 0.6149337291717529, 3.558820962905884, 0.09912654012441635]",tensor(0.8750)
disgust_6887071079b5c229b006c7f579d0ef16,30-39,Male,White,disgust,1,0,"[2.2390787601470947, 0.6632856726646423, -3.6991562843322754, -3.351789951324463, 2.0523242950439453, -0.6951617002487183, -2.14384126663208]",tensor(0.4743)
happy_531103be17e955f5da6918c5df0b0984,10-19,Female,Southeast Asian,happy,3,3,"[-2.124605655670166, -1.6815053224563599, -3.0407214164733887, 6.515851974487305, -2.065782308578491, -2.4525585174560547, -0.7122908234596252]",tensor(0.9984)
happy_003be65aa64faadcda9b436e5e97d420,20-29,Male,White,happy,3,3,"[-1.938629150390625, -1.7842247486114502, -2.7370567321777344, 6.631389141082764, -3.155000686645508, -2.5080151557922363, -0.6274799108505249]",tensor(0.9986)
surprise_8d69c839fd6fa86635b569c149594843,20-29,Female,White,surprise,6,6,"[-3.344805955886841, -1.1661440134048462, -1.6368223428726196, 0.2223302721977234, 0.6619282960891724, 0.3404529094696045, 1.5343446731567383]",tensor(0.4746)
angry_0aa3eefcd7f4dcb1be72ce0a153607f3,40-49,Male,East Asian,angry,0,0,"[4.387800693511963, 1.764887809753418, -3.3566176891326904, -2.5112106800079346, -0.948025643825531, 0.5749229192733765, -3.459815740585327]",tensor(0.9080)
sad_d12164e9af84c60073cd41db1c2f03fe,60-69,Male,Black,sad,5,0,"[5.817600250244141, 1.2381805181503296, -0.30223703384399414, -5.860562801361084, -2.677513360977173, 3.0755529403686523, -4.679966926574707]",tensor(0.9284)
disgust_737279546cdc70137356006e5a005034,20-29,Female,East Asian,disgust,1,6,"[-1.4241626262664795, 0.891558825969696, -1.4698591232299805, -0.9658608436584473, -0.752403974533081, -3.6912307739257812, 1.4193023443222046]",tensor(0.5220)
fear_28e2024b68a10c7666957c922a409f85,50-59,Male,White,fear,2,5,"[0.40132343769073486, -1.5328998565673828, -0.6795034408569336, -4.9473395347595215, 1.6008858680725098, 4.3512959480285645, -2.599277973175049]",tensor(0.9145)
fear_38bde9747383495f83571f6aaf285ea8,20-29,Male,White,fear,2,4,"[-1.8408198356628418, -4.050798416137695, -1.6861591339111328, -4.156063556671143, 4.913957595825195, 1.627778172492981, 0.32261887192726135]",tensor(0.9521)
surprise_e2f7535fe471360deae937c045f6fec8,20-29,Female,Latino_Hispanic,surprise,6,4,"[-0.3041473627090454, -0.7931289672851562, -2.0107927322387695, -3.099756956100464, 1.7709335088729858, -2.592345714569092, 0.6820123791694641]",tensor(0.6320)
happy_f663eff354c18e2df24db9484411eafe,50-59,Male,White,happy,3,3,"[-1.8953362703323364, -1.7638651132583618, -3.4172048568725586, 7.474186420440674, -2.2848377227783203, -2.2356276512145996, -2.1468923091888428]",tensor(0.9996)
surprise_309b76ccf6e07a399b6a9da2c921643a,20-29,Female,White,surprise,6,4,"[-3.0029542446136475, -3.629331111907959, -1.9326128959655762, -1.043101191520691, 5.357303619384766, -1.6178542375564575, 1.1160850524902344]",tensor(0.9823)
disgust_2eae3f4fc46c7cb63d074ffb585ed13f,30-39,Female,White,disgust,1,3,"[-1.3530797958374023, 0.3807564377784729, -2.0849075317382812, 2.6324243545532227, -1.8255832195281982, 0.7981750965118408, -2.709460735321045]",tensor(0.7640)
angry_ba90c995fbb4f4ee42cacfb468a0acc0,20-29,Female,Black,angry,0,4,"[-3.3975558280944824, -4.514902114868164, -1.5039081573486328, -4.217755317687988, 7.017373561859131, -1.1580452919006348, 1.4003440141677856]",tensor(0.9958)
angry_63a4a1aa95bc001dffdbdcd52147a57b,30-39,Male,White,angry,0,0,"[4.921308517456055, -4.121756076812744, -1.9179654121398926, -6.650163173675537, 0.1323988139629364, -3.6539788246154785, 4.686378002166748]",tensor(0.5555)
fear_94742795ef15bcd955c44ccdab87d893,30-39,Male,Middle Eastern,fear,2,5,"[-2.050583839416504, 0.13061022758483887, 2.25235652923584, -4.781373500823975, -1.8676642179489136, 6.496493816375732, -3.022801160812378]",tensor(0.9837)
disgust_26752eb8a1dbf21a22fab374d4857e8d,20-29,Male,White,disgust,1,0,"[1.5367707014083862, 0.5292908549308777, -5.532962799072266, -0.6905874013900757, 1.260707139968872, -0.4326884150505066, -4.110738277435303]",tensor(0.4209)
angry_5cce56a66f17c42c2f3c03e31b272177,30-39,Female,Black,angry,0,0,"[4.638727188110352, -0.7410448789596558, 0.31780120730400085, -5.45409631729126, -0.6005052328109741, 0.6148874759674072, -3.471036434173584]",tensor(0.9602)
fear_ed1401d2c8d02d5bba075fa531162781,50-59,Male,White,fear,2,2,"[-0.9176127314567566, 0.6674337983131409, 6.3389458656311035, -5.127788543701172, -4.711575984954834, 1.4239920377731323, -0.768321692943573]",tensor(0.9878)
happy_b487e9aa0808d4958f2322d1a0bb1dd5,40-49,Female,White,happy,3,3,"[-1.8423763513565063, -1.875254511833191, -2.218553304672241, 6.1628546714782715, -2.6830146312713623, -1.7622922658920288, -1.252018928527832]",tensor(0.9980)
fear_d168758ec06f493bc30333541c3c20a0,50-59,Male,White,fear,2,6,"[-1.1132272481918335, 0.29773664474487305, -1.5769140720367432, -3.8792619705200195, 2.4761850833892822, -3.898820638656616, 3.558880567550659]",tensor(0.7177)
sad_7a2310b3c229d8f18b6bc69ca7f8a336,20-29,Male,White,sad,5,4,"[0.9653595089912415, -2.4935142993927, -4.624410152435303, 0.3548392653465271, 4.208515644073486, 0.301498681306839, -3.814720392227173]",tensor(0.9242)
disgust_18b13287a838b5f12728d687a46cf08c,20-29,Female,White,disgust,1,4,"[-2.254136085510254, -3.829394578933716, -3.5187294483184814, -0.4282861351966858, 6.945117473602295, -1.2977815866470337, -1.4777131080627441]",tensor(0.9987)
angry_db77cac760b5b72e42aca349f755082c,30-39,Male,White,angry,0,5,"[1.802849292755127, -1.244083046913147, 0.22643162310123444, -6.582768440246582, -0.5088346004486084, 4.990163326263428, -1.6963359117507935]",tensor(0.9460)
happy_31ff66d7fb06bda2a5c815940e4b9472,20-29,Female,White,happy,3,3,"[-0.9382414817810059, -1.5867164134979248, -3.0235891342163086, 4.719985485076904, -0.7359635829925537, -1.7686445713043213, -2.4797475337982178]",tensor(0.9879)
surprise_8da4935e4ac1f5ee3c81bd605b6dfaa0,50-59,Male,Middle Eastern,surprise,6,4,"[0.7815757989883423, -1.4665101766586304, -2.400890350341797, -2.595799684524536, 2.884840726852417, -0.5269567966461182, 0.3193337917327881]",tensor(0.7974)
surprise_c08212ae1c0f98fee9df6eca8f925fc0,10-19,Male,White,surprise,6,6,"[-2.699402332305908, -1.8754708766937256, 1.6333036422729492, -5.9654221534729, 0.6110789775848389, 0.1559557169675827, 3.3221921920776367]",tensor(0.7684)
surprise_eb2202008baae8759c40699d579b42ce,00-02,Female,White,surprise,6,4,"[-2.4491007328033447, -5.3656005859375, -5.27899169921875, 1.1269363164901733, 7.093253135681152, -2.957366466522217, 0.3429184556007385]",tensor(0.9962)
happy_a157131992252ba7b0400c581edbbd05,20-29,Female,East Asian,happy,3,3,"[-1.6801462173461914, -1.1227744817733765, -2.4001340866088867, 5.167196750640869, -1.811753749847412, -1.9397106170654297, -0.8196079134941101]",tensor(0.9924)
sad_f429bf065e9c553fbff44167474c664a,60-69,Male,White,sad,5,4,"[-0.7381060123443604, -3.296961545944214, -2.1512086391448975, -2.7364578247070312, 2.3489155769348145, 1.7035284042358398, 0.22393646836280823]",tensor(0.5847)
neutral_87f38059f0a4411b5b299ccd0694a85f,20-29,Male,White,neutral,4,4,"[-1.5514216423034668, -4.129389762878418, -3.462479591369629, -2.084834575653076, 7.705143928527832, -3.6771702766418457, 0.504752516746521]",tensor(0.9991)
disgust_fab0a1ad003c86616045ae2eaa2474dd,20-29,Male,East Asian,disgust,1,4,"[-2.2890398502349854, -4.529158115386963, -1.6911112070083618, -3.7528090476989746, 6.831030368804932, 0.4728572368621826, -1.028037428855896]",tensor(0.9975)
angry_403c06e87f32735ce47a15e682537ecc,20-29,Female,Latino_Hispanic,angry,0,3,"[-3.4340081214904785, -3.7513556480407715, -4.771142482757568, 6.0722432136535645, 3.2518413066864014, -2.937295436859131, -2.0553975105285645]",tensor(0.9433)
neutral_6523e71a6566f6c9a504ede359d5bf46,20-29,Female,White,neutral,4,4,"[-0.47524315118789673, -3.8424782752990723, -3.8982555866241455, -0.6347739696502686, 5.782138824462891, -1.2959356307983398, -0.9686448574066162]",tensor(0.9943)
fear_6c0a0d375393324a2b0617622bd4cc6d,20-29,Female,White,fear,2,5,"[-3.4467852115631104, -1.0040309429168701, 0.9021894931793213, -2.739846706390381, -0.3194199204444885, 3.0230536460876465, -0.8846821784973145]",tensor(0.8348)
neutral_e76697035db7bbf401e510f8376e1d13,40-49,Male,White,neutral,4,5,"[-0.5580167770385742, -3.294290781021118, -1.9025609493255615, -4.556061267852783, 2.940709114074707, 4.105869770050049, -1.8597729206085205]",tensor(0.7535)
sad_6247618e04a78bd8c835424f697da252,50-59,Male,East Asian,sad,5,4,"[-3.0689961910247803, -1.7728275060653687, -3.971388101577759, 2.277996063232422, 2.7213475704193115, -1.2925828695297241, -0.007746120449155569]",tensor(0.5745)
surprise_aaba8eb404969256915119e8d1788274,00-02,Male,East Asian,surprise,6,4,"[-4.295043468475342, -5.634293556213379, -3.0197017192840576, 2.0062689781188965, 3.2138407230377197, 1.2581371068954468, -0.4243950843811035]",tensor(0.6806)
neutral_f9c5177928c158b78e9fd2d93035ba18,20-29,Female,White,neutral,4,4,"[-0.797106146812439, -3.3325889110565186, -3.07149600982666, 0.13764676451683044, 3.063899040222168, -1.7214279174804688, 1.3211169242858887]",tensor(0.7925)
happy_e5fabc3c589f6bfda08a189b3dd842b2,50-59,Male,Black,happy,3,3,"[-1.3219977617263794, -1.6760472059249878, -2.232875347137451, 6.042007923126221, -1.9452134370803833, -2.368009328842163, -1.5213885307312012]",tensor(0.9976)
angry_9dc7574a98056280dabbba9876641284,30-39,Male,White,angry,0,6,"[-1.1511917114257812, -1.8424385786056519, -0.4205789566040039, 2.7208445072174072, -3.000532865524292, -4.361576557159424, 2.9909141063690186]",tensor(0.5485)
surprise_692ccdd8b1fcbb1419f99341bbe87e93,20-29,Male,White,surprise,6,6,"[-0.8736044764518738, -2.8478524684906006, 2.321978807449341, -1.975950837135315, -4.122502326965332, -5.796957492828369, 8.23317813873291]",tensor(0.9971)
disgust_8f93dc0deed1dc0c0538832958992548,20-29,Female,Black,disgust,1,3,"[-0.2579401433467865, 0.6747750639915466, -0.01375699695199728, 1.9201140403747559, -4.336850643157959, -3.143542766571045, -0.2918809652328491]",tensor(0.6012)
happy_5ed8d6e332e90e7055f4d824ffaa7311,20-29,Female,Black,happy,3,3,"[-2.2469542026519775, -2.1619348526000977, -0.9761555790901184, 5.073122978210449, -2.656250238418579, -2.4513163566589355, 0.23935566842556]",tensor(0.9875)
neutral_2bc068628787e33d61563dd50c53b009,40-49,Male,White,neutral,4,4,"[-3.2406466007232666, -5.138542652130127, -5.058888912200928, 2.91090726852417, 8.051911354064941, -2.6679718494415283, -1.5065104961395264]",tensor(0.9941)
fear_a2994ccd5b2287110b1a1a3a85e8aabb,30-39,Male,White,fear,2,2,"[1.0300432443618774, -1.4147775173187256, 4.011318206787109, -4.581539630889893, -3.125178575515747, 1.0021765232086182, -0.43174123764038086]",tensor(0.8951)
angry_910378bbe3b70c5fd9edbd28135fa34e,20-29,Female,White,angry,0,0,"[9.189953804016113, 2.188455820083618, -2.2704620361328125, -4.9547810554504395, -2.61545729637146, -4.849667072296143, -1.1439117193222046]",tensor(0.9990)
fear_95372eba9d26c4b3bbf2c09f6e99cff8,60-69,Male,Middle Eastern,fear,2,2,"[0.023581314831972122, -0.4910886585712433, 4.748878002166748, -5.563015460968018, -1.289419412612915, -1.466321587562561, 0.2813393771648407]",tensor(0.9708)
neutral_a027ecb26de33684a77342a72d630692,30-39,Male,White,neutral,4,4,"[-1.7813446521759033, -3.4795539379119873, -3.0538206100463867, -1.1254076957702637, 5.3327555656433105, 1.1214021444320679, -0.8638113737106323]",tensor(0.9808)
neutral_08dcf47480aff91fa68f46a5c7d4112a,20-29,Female,Middle Eastern,neutral,4,4,"[-2.787426233291626, -1.903759479522705, -3.8596019744873047, 2.799175977706909, 3.5709388256073, -1.4163113832473755, -1.5955376625061035]",tensor(0.6751)
angry_9e7131cf63d7565ac3c5145b72ff6531,30-39,Male,White,angry,0,4,"[0.08125750720500946, -4.890600204467773, -5.541375160217285, 0.7106043696403503, 9.063148498535156, -2.742365598678589, -4.502194404602051]",tensor(0.9996)
neutral_a47c795d3c00748adfe38c729c8fd949,40-49,Male,Middle Eastern,neutral,4,5,"[-1.3063753843307495, -3.667717218399048, -2.4297757148742676, -3.2880091667175293, 4.177489757537842, 4.784620761871338, -1.787213683128357]",tensor(0.6452)
sad_d43bfb413e26404449057edeb0ce7626,20-29,Male,Southeast Asian,sad,5,4,"[-3.0637173652648926, -5.245818614959717, -2.0104026794433594, -2.2316811084747314, 6.265558242797852, -0.7766079902648926, 0.3144538104534149]",tensor(0.9960)
disgust_db64fe2c645cb990551ef4f46e3a45d3,30-39,Female,White,disgust,1,5,"[-2.192173719406128, -0.3259403109550476, 2.521345615386963, -3.777194023132324, -1.9260731935501099, 3.809232473373413, -1.439950942993164]",tensor(0.7673)
angry_ac7db087205b7857d906a67ebe88d5b8,30-39,Male,White,angry,0,4,"[2.5382957458496094, -1.9836812019348145, -4.087121486663818, -0.9706882238388062, 3.8900437355041504, -0.6839089393615723, -3.7840075492858887]",tensor(0.7810)
sad_70eb5c86a5ff0f7b92d1d9ffc81a5da6,20-29,Female,Black,sad,5,4,"[-0.8549343347549438, -2.3069088459014893, -1.0576426982879639, -0.6845443844795227, 2.3932554721832275, 0.302205890417099, -3.065063953399658]",tensor(0.7977)
neutral_a5b01c36cc6a189d4ed67fe6f92d6363,20-29,Female,Middle Eastern,neutral,4,4,"[-1.1323862075805664, -4.0930328369140625, -3.696483850479126, -0.11980479955673218, 6.252291679382324, -0.6888415813446045, -2.157310962677002]",tensor(0.9964)
neutral_246a0fc353d38f6ca6f8b257db570612,30-39,Male,White,neutral,4,3,"[-2.5346486568450928, -4.221096992492676, -4.270026683807373, 5.403226375579834, 4.333487033843994, -3.3757529258728027, -2.907092571258545]",tensor(0.7441)
sad_8139377752dbee6f78878db73c08de92,30-39,Male,White,sad,5,5,"[-3.0948257446289062, -2.7648074626922607, -0.9750362038612366, -0.19711454212665558, -0.46790772676467896, 3.725069522857666, -1.4754796028137207]",tensor(0.9505)
disgust_ab7a34775d08d5cf50aa3d7606d3528e,20-29,Male,White,disgust,1,4,"[2.268383502960205, -2.2842395305633545, -1.010935664176941, -3.7883553504943848, 2.9010019302368164, -0.06584727764129639, -1.9029039144515991]",tensor(0.6182)
fear_56016176d5d819b40687dd4e26629812,50-59,Female,White,fear,2,6,"[-1.8245952129364014, -2.428356647491455, -0.7509375214576721, -2.2054643630981445, 0.3508208990097046, -4.978524208068848, 5.832509994506836]",tensor(0.9934)
disgust_25e13857631b13bbb41216dcd0ff0272,20-29,Female,Middle Eastern,disgust,1,1,"[3.7358834743499756, 4.911345481872559, -4.6754865646362305, -2.9800057411193848, 0.69402015209198, -3.234957456588745, -2.7379794120788574]",tensor(0.7549)
sad_2589a85d826255621b06889c116a1a57,30-39,Male,White,sad,5,5,"[-2.23618483543396, -6.310858249664307, -1.5673364400863647, -6.0507612228393555, 4.038361072540283, 6.46821928024292, -0.09579699486494064]",tensor(0.9175)
sad_aa9c6b0eea3f8723e7606d3aeb98782b,20-29,Female,White,sad,5,5,"[-2.168567419052124, -3.3627398014068604, 0.08318105340003967, -5.4261555671691895, 0.8509303331375122, 9.507433891296387, -2.9342846870422363]",tensor(0.9997)
sad_7a39520ba0d97c4f2e7dcd7a5abe9637,20-29,Female,East Asian,sad,5,5,"[2.1018173694610596, -4.409449577331543, -2.854363441467285, -5.769133567810059, 3.8985331058502197, 4.870901584625244, -3.2444820404052734]",tensor(0.6936)
fear_717f76c37ecb4bfbdc8c7e21e96e283e,60-69,Male,White,fear,2,4,"[1.2515172958374023, -4.3749918937683105, -1.159892201423645, -3.6351561546325684, 4.262908935546875, -1.3228427171707153, -0.2068779170513153]",tensor(0.9351)
sad_565f0164a9c197c2024de00ef9c58d41,03-09,Female,White,sad,5,4,"[-1.1844944953918457, -3.979836940765381, -3.8551268577575684, -0.9503223896026611, 4.637228965759277, 2.185457706451416, -1.6298837661743164]",tensor(0.9131)
angry_cbd0633048f471932edd2e62b2aa21ff,30-39,Male,Middle Eastern,angry,0,4,"[0.006256687454879284, -2.6522138118743896, 0.31864848732948303, -0.2980557680130005, 1.6364002227783203, -4.735772609710693, 0.6203709840774536]",tensor(0.5036)
fear_62dd6eb0361afbeaf4b233e7996a461b,00-02,Female,Middle Eastern,fear,2,6,"[-4.290451526641846, -4.734122276306152, -0.8068172931671143, -0.2896314561367035, 1.739571452140808, -3.283910036087036, 5.996574878692627]",tensor(0.9830)
angry_f273d5e20ce318511ba1f43b50eb0036,30-39,Male,Black,angry,0,1,"[-0.6439987421035767, 2.085644006729126, -1.2624027729034424, -2.086149215698242, 0.3221440017223358, -2.22243070602417, -0.21499820053577423]",tensor(0.7138)
neutral_9ce2c0fe2cdacaa3912ecd603dee994c,20-29,Male,White,neutral,4,4,"[-2.745185375213623, -5.295818328857422, -4.756106853485107, -0.10918799042701721, 7.552685260772705, 1.0841751098632812, -1.6332013607025146]",tensor(0.9978)
surprise_91997f8016f0128614df29bbfcf40467,30-39,Male,White,surprise,6,6,"[-2.1717636585235596, -3.5871779918670654, -0.25341087579727173, -2.2943708896636963, -0.1997891664505005, -2.229492425918579, 6.393445014953613]",tensor(0.9968)
surprise_04908c030cd41b475b9392c96521dafc,20-29,Male,White,surprise,6,4,"[-3.840404748916626, -5.820705413818359, -5.926672458648682, -2.7398014068603516, 9.850065231323242, -3.7180023193359375, 2.8495097160339355]",tensor(0.9991)
disgust_bb880199ab077390de587d924e2d9810,30-39,Female,White,disgust,1,3,"[-0.6000398397445679, -0.5155938863754272, -2.5951051712036133, 5.011046886444092, -4.029867649078369, -2.691634178161621, -0.693798840045929]",tensor(0.9881)
happy_e5d1ab65c86cc9b2fd93559d511bb57d,30-39,Male,White,happy,3,3,"[-2.068608522415161, -2.0484707355499268, -2.5904037952423096, 6.214600086212158, -1.015230417251587, -2.564911127090454, -1.6300203800201416]",tensor(0.9981)
sad_d723f0c9cd037b4ad8a73dc0eda019c2,50-59,Female,Black,sad,5,4,"[-1.7193461656570435, -4.573291778564453, -2.420645236968994, -3.9200334548950195, 3.6794774532318115, 2.283007860183716, 1.230980634689331]",tensor(0.7455)
sad_ceddfc3e29bdfe9c67bc8f49ab7f968b,00-02,Male,White,sad,5,5,"[-2.3630478382110596, -0.004121641628444195, -1.050799012184143, -2.872631072998047, -2.186680555343628, 8.950967788696289, -3.77785062789917]",tensor(0.9998)
surprise_94456d753a30a2bd63239f20cceb3a2b,20-29,Female,White,surprise,6,6,"[-4.6936116218566895, -4.218405723571777, -2.602257013320923, 0.24585914611816406, 2.4384443759918213, -3.377619981765747, 5.113698959350586]",tensor(0.9282)
surprise_8857f3c0aed8db8d2b701d120c9a3ce0,20-29,Male,Southeast Asian,surprise,6,4,"[-1.4428377151489258, -5.118196487426758, -2.129337787628174, -3.915341377258301, 5.636643886566162, 1.4422860145568848, -0.7276859879493713]",tensor(0.9822)
sad_f5b9e53f98c8dfe78a3c85c4cc0f981a,20-29,Male,Black,sad,5,4,"[-3.045626401901245, -4.8400559425354, -4.17031192779541, 0.6933063268661499, 8.516688346862793, -1.6368743181228638, -2.4208250045776367]",tensor(0.9995)
surprise_4703e8dd3b3ed028e3a6dde70f8e0ad3,30-39,Male,White,surprise,6,6,"[0.6444048285484314, -2.2392194271087646, 2.7425665855407715, -3.1314268112182617, -3.864642381668091, -2.8210673332214355, 5.0833048820495605]",tensor(0.9013)
disgust_269d0f0738ffaea5081151c383cab912,20-29,Male,White,disgust,1,3,"[-2.5485146045684814, -1.7898730039596558, -3.303950548171997, 5.462560653686523, -0.2450464963912964, -1.6080385446548462, -2.204313278198242]",tensor(0.9942)
surprise_b0c64e3777cf5e10fc2c6cc8f520b3fc,03-09,Male,White,surprise,6,4,"[-4.62398624420166, -6.35270881652832, -3.889007568359375, 0.8529757261276245, 5.216237545013428, 0.18720358610153198, 0.3642914295196533]",tensor(0.9735)
sad_e3f239171f0ff8628409e737a312537e,20-29,Male,White,sad,5,5,"[-0.977027952671051, -3.625426769256592, -5.954757213592529, 0.7904881238937378, 4.06609582901001, 4.521387100219727, -4.633016586303711]",tensor(0.6014)
surprise_d74aee96496011426907fc926af16581,50-59,Male,Middle Eastern,surprise,6,4,"[-4.415457248687744, -5.53090763092041, -0.01637612283229828, -3.8253068923950195, 3.211400270462036, 3.199460744857788, 2.0537161827087402]",tensor(0.4267)
surprise_e3f8f1f1a2c75be16dd6d90cc1e47332,20-29,Female,White,surprise,6,6,"[-4.355855941772461, -2.5576467514038086, 0.03317511826753616, 0.836525559425354, 0.05178665369749069, -2.148955821990967, 3.6570634841918945]",tensor(0.8938)
angry_67ca209df3ec1fad871cded4dd3c874f,20-29,Male,White,angry,0,3,"[-3.631826877593994, -3.8975090980529785, -4.959797382354736, 5.894505977630615, 3.267061948776245, -1.4964436292648315, -2.2342538833618164]",tensor(0.9317)
disgust_34dc8fd5906fc061fa526b7408ae062b,50-59,Male,White,disgust,1,4,"[-0.40272337198257446, -2.975498676300049, -6.18032693862915, -1.4122716188430786, 6.468507766723633, -2.6239399909973145, 0.12020819634199142]",tensor(0.9967)
angry_1121909a63ca1e470950643d9f3461ea,40-49,Male,White,angry,0,0,"[3.145357370376587, 1.6396597623825073, -0.16333147883415222, -2.6308505535125732, -3.089169979095459, -1.794291377067566, -1.2777302265167236]",tensor(0.7796)
happy_6942fd461d837423e138df3197f4df0b,20-29,Female,White,happy,3,3,"[-3.2031869888305664, -2.2798068523406982, -3.1725893020629883, 6.390325546264648, -0.12586534023284912, -2.4709486961364746, -1.9312853813171387]",tensor(0.9978)
neutral_3658ee479b9f527c257cf1eba77da878,40-49,Male,Indian,neutral,4,0,"[1.741316795349121, 0.43642768263816833, -1.1608599424362183, -2.825216054916382, 1.192913293838501, 0.4594147503376007, -3.820591449737549]",tensor(0.4554)
happy_9ff611c16f4ae6e0f0af985d53a695cf,20-29,Female,White,happy,3,3,"[-4.461638927459717, -3.8369085788726807, -4.874336242675781, 7.27399206161499, 2.709197759628296, -4.611429691314697, -0.6058621406555176]",tensor(0.9893)
neutral_1f01ad84a8df7b46fc6a3ed372d2bcb8,20-29,Female,White,neutral,4,4,"[-4.187750816345215, -5.002155780792236, -2.769378185272217, 2.5600266456604004, 4.721646785736084, -0.5781430006027222, -1.1848750114440918]",tensor(0.8900)
sad_e0f9327fbdd0f5d496b15cf94ff94f03,03-09,Female,White,sad,5,5,"[-3.24299693107605, -3.517463445663452, -0.6175578832626343, -2.1468584537506104, 0.620104193687439, 4.1681599617004395, -0.3570287227630615]",tensor(0.9516)
fear_a8e551547707a4d213b90035282cf1bc,30-39,Male,White,fear,2,6,"[-0.3177368640899658, -1.4834507703781128, 2.4720101356506348, -1.9422047138214111, -2.601062536239624, -2.584484815597534, 2.895531177520752]",tensor(0.5801)
disgust_7f1c4a4c04d677348b780c86912657ba,30-39,Male,Middle Eastern,disgust,1,4,"[0.29345452785491943, -3.3922057151794434, -4.119164943695068, -1.8244725465774536, 6.758411407470703, 0.7176464796066284, -4.389463901519775]",tensor(0.9958)
sad_4ded268ca9e7f7ada78961277c3bac27,10-19,Female,Southeast Asian,sad,5,5,"[-4.387373447418213, -5.03438138961792, -3.4023516178131104, -0.19274038076400757, 3.680339813232422, 6.191129207611084, -2.5782787799835205]",tensor(0.9232)
neutral_ec0152bdb08795f56d605eb96de16bdb,20-29,Female,White,neutral,4,4,"[-5.46154260635376, -5.157376289367676, -4.942365646362305, 4.423898696899414, 6.864445686340332, -2.290815830230713, -3.5962440967559814]",tensor(0.9197)
angry_656ca1a67acda6b0ca5cca58e002cbfa,20-29,Female,Indian,angry,0,4,"[0.4624706506729126, -0.44108784198760986, -3.563180685043335, -2.170454502105713, 2.924672842025757, 2.7980217933654785, -4.215127468109131]",tensor(0.4977)
happy_34ea4a2589dd8640b3c0e4289119f62b,00-02,Male,East Asian,happy,3,3,"[-3.501497507095337, -2.0855801105499268, -2.8840079307556152, 5.896546840667725, -2.058636426925659, -0.7061893939971924, -0.7891169786453247]",tensor(0.9965)
neutral_e2908f6e4c7e2d78b4d3427f8bfc889e,50-59,Female,White,neutral,4,4,"[1.0617632865905762, -3.6049954891204834, -4.792028903961182, -0.8216944932937622, 6.978856563568115, -1.3733227252960205, -3.9775218963623047]",tensor(0.9966)
surprise_d3075145b9a42c4e8ccfe6022de38fc9,10-19,Female,White,surprise,6,6,"[-3.8028948307037354, -3.7355639934539795, -2.1399972438812256, 0.781949520111084, 2.9156494140625, -4.272733211517334, 3.8225767612457275]",tensor(0.6871)
happy_a085a2510401b6d5e451485e3a7fc609,30-39,Male,White,happy,3,4,"[-2.0749199390411377, -5.003793716430664, -6.1375412940979, 6.243031978607178, 7.0618438720703125, -2.4080474376678467, -5.834244728088379]",tensor(0.6939)
neutral_f21cc14bef08429b0ff096931c80c17e,40-49,Male,Black,neutral,4,3,"[-3.005552053451538, -3.1654324531555176, -4.614551067352295, 5.560938358306885, 3.2090158462524414, -1.4015049934387207, -3.251589775085449]",tensor(0.9118)
angry_aee53bbea76cf33504d37e8d2c42188e,50-59,Female,Black,angry,0,4,"[-1.1523473262786865, 0.4048338532447815, -2.9424314498901367, 0.910695493221283, 1.4649618864059448, 0.25314652919769287, -3.094794988632202]",tensor(0.4321)
angry_8f6f713e943d4590bacaf339dc8b0f3f,20-29,Female,East Asian,angry,0,5,"[-2.161820650100708, -3.225198984146118, -1.6393195390701294, -2.6066129207611084, 2.1862165927886963, 6.317368030548096, -4.0099592208862305]",tensor(0.9834)
happy_c228e9459b9be6357bd9e974b44645ba,40-49,Male,White,happy,3,3,"[-2.5501482486724854, -2.1975691318511963, -2.590576171875, 5.539825439453125, -0.9163322448730469, -2.744263172149658, -0.749518096446991]",tensor(0.9953)
sad_b617afc955f4c136e1bda2a1b9712d42,40-49,Male,Middle Eastern,sad,5,5,"[0.17230822145938873, -2.8133327960968018, -2.705291271209717, -2.9902491569519043, 1.2897963523864746, 5.055349349975586, -2.938265562057495]",tensor(0.9688)
sad_133211415e6f60f86409f4dbed350080,20-29,Female,Middle Eastern,sad,5,4,"[-3.02532958984375, -5.365853309631348, -5.202282905578613, -3.7322776317596436, 9.081722259521484, 2.281275987625122, -1.341806411743164]",tensor(0.9988)
happy_d1a4b2065f6edf7b0a0c13b8ead7ffe0,20-29,Female,East Asian,happy,3,4,"[-4.3899359703063965, -3.9284729957580566, -3.6603498458862305, 3.285773277282715, 4.08167028427124, 0.2054574191570282, -1.6153998374938965]",tensor(0.6774)
neutral_8d91c266a28adb1d42f32b8ea7ed0a6d,20-29,Female,White,neutral,4,4,"[-4.340983867645264, -4.527482032775879, -3.9111979007720947, 0.3776114583015442, 6.120595455169678, -4.76175594329834, 2.9848108291625977]",tensor(0.9553)
surprise_3fd1d4dd389a2390cedd16f615b002eb,00-02,Female,White,surprise,6,6,"[-2.4540328979492188, -3.533792495727539, 1.990792989730835, -1.7205450534820557, -0.9151145219802856, -6.206058025360107, 6.711564064025879]",tensor(0.9903)
sad_971ee19ed4f5a8c2148570f59f82fd22,10-19,Male,Black,sad,5,4,"[-3.1578898429870605, -3.3429973125457764, -3.720134973526001, 2.670750379562378, 2.772213935852051, 1.6334513425827026, -3.181307792663574]",tensor(0.4479)
angry_3ac37852b344250d498bc0ea03a898dc,60-69,Male,White,angry,0,5,"[0.5424800515174866, -1.5294462442398071, -1.1525132656097412, -2.7245030403137207, 1.5962539911270142, 3.0466227531433105, -2.3644142150878906]",tensor(0.7412)
angry_538d59384b0a1c6ee6d03e6b3001b0ff,60-69,Male,White,angry,0,6,"[1.8461096286773682, 0.16645489633083344, -3.1363728046417236, -2.1512436866760254, 0.11571279168128967, -5.822960376739502, 3.8590803146362305]",tensor(0.8435)
fear_285de5a0ee5448f647a5d03bc23eb62a,30-39,Male,White,fear,2,0,"[8.105628967285156, -3.3979103565216064, -2.7500901222229004, -7.976673603057861, 0.7978091239929199, 1.5018857717514038, -1.2730648517608643]",tensor(0.9979)
sad_759484cd1d89ad4879036964e78dd0c0,50-59,Male,White,sad,5,5,"[-4.210910797119141, -3.567699909210205, -2.1966514587402344, -1.560070276260376, 3.5656635761260986, 6.0989089012146, -3.252471685409546]",tensor(0.9257)
angry_b9c04f1cf698563264b529e838d77b4f,20-29,Female,White,angry,0,4,"[-2.380812168121338, -4.927802085876465, -0.548640251159668, -5.879536151885986, 4.565244674682617, 3.4817981719970703, -1.3385822772979736]",tensor(0.7417)
fear_81726cf667ef1d97cc313e04256a836f,20-29,Male,Black,fear,2,6,"[-1.2460018396377563, -1.9583276510238647, 1.2804839611053467, 1.1712770462036133, -3.9729857444763184, -5.533538341522217, 4.835289478302002]",tensor(0.9454)
disgust_18fb5bb8b18d92545f42e80f07279fc3,60-69,Male,White,disgust,1,0,"[3.3725075721740723, -1.7098777294158936, -2.4111485481262207, -3.8750925064086914, 1.8983956575393677, 2.2510178089141846, -3.1498100757598877]",tensor(0.6385)
neutral_fac0cbbe9f835e1d2279d2b83861e184,20-29,Female,White,neutral,4,4,"[-1.4759976863861084, -4.131258010864258, -4.900799751281738, 1.031847596168518, 7.842119216918945, -1.8836268186569214, -2.7138242721557617]",tensor(0.9987)
surprise_32abfdf67c1c27810789e1196bb567a5,00-02,Male,White,surprise,6,3,"[-2.7476484775543213, -2.197075128555298, -2.4526162147521973, 7.334008693695068, -3.6785242557525635, -1.903098225593567, -0.01624367944896221]",tensor(0.9991)
happy_6a18be4a52a49674a9afb582a877976d,30-39,Male,White,happy,3,3,"[-2.1531307697296143, -2.0940768718719482, -2.705155849456787, 6.706357479095459, -2.671252965927124, -1.999777913093567, -0.7787715792655945]",tensor(0.9988)
disgust_85909cf49ed295947a06dc6bb98994bd,40-49,Male,White,disgust,1,6,"[-2.058662176132202, -1.5126742124557495, -1.5294424295425415, -2.3244528770446777, -0.20000843703746796, -2.036125659942627, 3.2919068336486816]",tensor(0.9435)
sad_76401f6a0469ca6673342e8ce716a913,00-02,Male,White,sad,5,5,"[-2.1215271949768066, -1.0212193727493286, 1.263206958770752, -5.418508052825928, -1.4482402801513672, 8.084978103637695, -3.827486515045166]",tensor(0.9987)
sad_aa0bfefc72b4798b430dcd2ebcbd18cd,30-39,Female,White,sad,5,5,"[-1.0756521224975586, -1.2641723155975342, -2.22568416595459, 0.9906255006790161, 0.525775671005249, 1.1211259365081787, -2.1581830978393555]",tensor(0.3697)
sad_1577ebd85114268405cab3a5f451798e,20-29,Female,White,sad,5,3,"[-3.408691167831421, -4.326424598693848, -5.3050055503845215, 3.976053237915039, 3.4377801418304443, 3.1149861812591553, -4.470025539398193]",tensor(0.4981)
fear_1e12b46e458dd6979188b3bb3eea67d6,00-02,Male,White,fear,2,2,"[-1.7282514572143555, -1.5028103590011597, 4.365694522857666, -3.7155699729919434, -2.5774643421173096, -0.8993479013442993, 1.8557395935058594]",tensor(0.9151)
disgust_bd2bacd59021319ba50ce02c57a4feaf,30-39,Male,White,disgust,1,4,"[-3.7183339595794678, -5.010848045349121, -3.2749061584472656, -0.7435667514801025, 6.3542094230651855, -1.0908485651016235, -0.8646906614303589]",tensor(0.9977)
fear_3df9e666c4fc7f720b6427b30edf3833,30-39,Male,White,fear,2,4,"[-0.7778123617172241, -3.7599921226501465, -3.6134281158447266, -0.16121387481689453, 5.544242858886719, 0.612177848815918, -3.1894664764404297]",tensor(0.9875)
angry_21b64c91e52a41da400654d95fb90638,20-29,Female,White,angry,0,0,"[13.2548828125, 1.6661571264266968, 0.8819006681442261, -8.78244686126709, -5.3723883628845215, -4.706782817840576, -1.4894986152648926]",tensor(1.0000)
neutral_30c0778c623b692027c38f85a7a66349,20-29,Female,White,neutral,4,4,"[-1.1943848133087158, -1.1929758787155151, -2.5861077308654785, -3.3687689304351807, 3.612856388092041, -0.7564363479614258, 0.9524797201156616]",tensor(0.9075)
disgust_08271af95e072cd7b987b958b63c5f4e,70+,Male,White,disgust,1,4,"[-0.22241275012493134, -4.611279487609863, -5.371993541717529, 0.8385595083236694, 5.436659336090088, 1.616416335105896, -5.768012523651123]",tensor(0.9657)
fear_6278f8f92f3864b5f289d507ce079e8b,00-02,Male,White,fear,2,5,"[-2.4647891521453857, -5.034160614013672, -0.2244039922952652, -2.48358154296875, 1.243303656578064, 3.101551055908203, 1.8974496126174927]",tensor(0.6668)
sad_1d41b51060108de385628b027817ced0,60-69,Male,Black,sad,5,0,"[7.539072036743164, -2.208759069442749, -3.0648980140686035, -5.545800685882568, 2.0914976596832275, 1.4697811603546143, -5.415468692779541]",tensor(0.9933)
neutral_c5e15b237ceae71bb3715f047636b760,20-29,Female,White,neutral,4,4,"[-4.1212639808654785, -4.367483615875244, -3.5007078647613525, 1.2318313121795654, 6.351330280303955, -0.3956247866153717, -0.6884066462516785]",tensor(0.9919)
fear_15b4405f10f332127ed9b452c11a9e73,20-29,Male,East Asian,fear,2,0,"[2.1553802490234375, -1.3545726537704468, -1.1865711212158203, -0.13384465873241425, 0.3483663499355316, -3.4052953720092773, -1.6216696500778198]",tensor(0.7367)
sad_bfbc5e2c6666b69e87727e192af0b759,03-09,Male,Southeast Asian,sad,5,5,"[-0.08835147321224213, -2.5436017513275146, -0.692344069480896, -4.514954090118408, 1.4039287567138672, 5.579718589782715, -2.2267513275146484]",tensor(0.9790)
angry_42fe622bfb7e6e4f5e9635dd38311332,20-29,Female,Middle Eastern,angry,0,6,"[-2.1904919147491455, -1.8523155450820923, -0.2751770317554474, -1.681111216545105, 0.2832021117210388, -1.2370429039001465, 2.135098695755005]",tensor(0.7492)
disgust_41075ee1b55f007f57442c0a45deb116,20-29,Female,Middle Eastern,disgust,1,4,"[-0.6916030645370483, 0.9695510268211365, -2.8484535217285156, -0.1280657798051834, 1.7137237787246704, -2.570526599884033, -1.2094660997390747]",tensor(0.5550)
angry_6941ecbab782c1111c631b37b20f9ea1,60-69,Male,Middle Eastern,angry,0,3,"[-1.058803915977478, -0.43038326501846313, -3.257094144821167, 1.4445977210998535, 1.3259706497192383, 0.5152859091758728, -3.0345215797424316]",tensor(0.3939)
sad_ede266bf051a8137bd3113b7ead4c8f7,50-59,Male,Middle Eastern,sad,5,6,"[-1.4721827507019043, -3.746129035949707, -1.9563751220703125, -2.1378886699676514, 2.125934362411499, -0.10102152079343796, 2.520298480987549]",tensor(0.5593)
happy_f689396d25373bfed45cacb32556fb98,30-39,Female,White,happy,3,3,"[-2.334967851638794, -2.464799642562866, -2.4373884201049805, 6.103583812713623, -1.127265214920044, -1.5474082231521606, -2.52913761138916]",tensor(0.9980)
angry_754904580898516dc8284c2d6d2a06ce,03-09,Female,White,angry,0,0,"[5.883605480194092, 1.9741255044937134, -2.5941784381866455, -4.149150848388672, -0.11490003764629364, -2.252028465270996, -1.8926527500152588]",tensor(0.9770)
disgust_c1a75039f2a7dd141b9b7367ef924c1d,30-39,Male,White,disgust,1,4,"[-0.8396480679512024, -3.010364055633545, -3.6889374256134033, 1.9023375511169434, 4.735772609710693, -2.0048885345458984, -2.042440414428711]",tensor(0.9385)
disgust_0cc1fb2877c94badc390b2b3f32e3090,50-59,Male,White,disgust,1,3,"[-1.841232180595398, -2.6957855224609375, -2.209900140762329, 5.07827615737915, -1.063510775566101, -1.0683600902557373, -1.8350098133087158]",tensor(0.9927)
disgust_37d344bb45972c035e25d65b60964be2,03-09,Male,Black,disgust,1,3,"[-0.7751244306564331, -0.143692746758461, -2.8955461978912354, 5.343159198760986, -2.020273447036743, -1.8416411876678467, -3.211310386657715]",tensor(0.9919)
happy_e8dbb5eeedaab82d53cfc9e5c3ee9890,30-39,Female,White,happy,3,3,"[-2.1659414768218994, -1.7314468622207642, -2.5164122581481934, 4.879003047943115, -1.4193131923675537, -0.4740784466266632, -2.419806957244873]",tensor(0.9900)
neutral_ca2fc032210d10b238557aac7a326c2d,30-39,Male,White,neutral,4,4,"[-0.03632624074816704, -3.546318769454956, -4.626442909240723, -0.032362598925828934, 6.044445514678955, -1.4636839628219604, -1.8905686140060425]",tensor(0.9945)
happy_2dd12f48e428b4d433964ee14ed7c700,20-29,Female,White,happy,3,3,"[-5.506711959838867, -3.9313695430755615, -3.4710545539855957, 4.8284783363342285, 1.6830945014953613, -4.179265022277832, 3.2266101837158203]",tensor(0.8031)
angry_1254719cdc015db5f61c7cfc41e67c3a,20-29,Male,White,angry,0,6,"[-3.456181526184082, -3.9503257274627686, -1.4978435039520264, -1.3766425848007202, 3.9821972846984863, -3.2904434204101562, 4.364130020141602]",tensor(0.5918)
neutral_0305879ae698f0674978b04c9948df8b,03-09,Female,White,neutral,4,4,"[-0.2605976462364197, -6.267080783843994, -3.345005989074707, -2.5736732482910156, 6.922774791717529, 3.01810622215271, -3.295849323272705]",tensor(0.9794)
neutral_aabb1c673e06cddfdda07a99513a4bde,40-49,Male,White,neutral,4,4,"[-1.575034737586975, -4.929721832275391, -3.6700525283813477, 0.6946523189544678, 5.929666996002197, -0.507455587387085, -2.140015125274658]",tensor(0.9922)
disgust_4aea291074bd35c3969d1374921ee9df,40-49,Female,White,disgust,1,1,"[1.0826406478881836, 3.063013792037964, 0.6433544754981995, -1.8817435503005981, -2.3349533081054688, -1.121293067932129, -2.2618212699890137]",tensor(0.7945)
fear_999ab88250fb6bbbd8aba867b2558591,10-19,Female,White,fear,2,5,"[-1.9624204635620117, 1.9333208799362183, 2.95974063873291, -4.442682266235352, -3.845942974090576, 5.0493011474609375, -2.6335854530334473]",tensor(0.8550)
neutral_f04a9e1b81a316a506b97fb1db5ecc0e,20-29,Female,White,neutral,4,4,"[-2.8129732608795166, -4.0229926109313965, -3.481741189956665, 2.9758286476135254, 4.559650897979736, -0.8410202264785767, -3.2886815071105957]",tensor(0.8256)
fear_277a9760ec7d5f09acbbd2b66fb637cb,20-29,Female,White,fear,2,1,"[-0.2978249490261078, 2.787649393081665, 2.026020050048828, -2.948456287384033, -2.587862014770508, -2.9290599822998047, 1.0469903945922852]",tensor(0.5885)
sad_4efd0846dd50728a9b0d5239c5874827,40-49,Female,White,sad,5,5,"[-1.8277904987335205, -2.6824185848236084, 1.152045488357544, 1.1817888021469116, -3.2076499462127686, 2.3204541206359863, -2.5904135704040527]",tensor(0.6006)
surprise_983878c67ca43c81238f429dd9c72e60,40-49,Female,White,surprise,6,4,"[-1.3951594829559326, -1.8424850702285767, -4.844302654266357, 3.412094831466675, 3.657184362411499, -2.8523125648498535, -2.025336503982544]",tensor(0.5561)
sad_18674541b87ef949eb7604b56205fcc2,30-39,Male,Middle Eastern,sad,5,5,"[-2.7267892360687256, -5.259356498718262, -1.6091257333755493, -4.450567722320557, 2.5093328952789307, 5.011096000671387, 1.4154945611953735]",tensor(0.8999)
angry_92ba9c2bce1b49ef13bc4382067af47c,40-49,Male,White,angry,0,0,"[9.346603393554688, -2.5360007286071777, -4.7480950355529785, -3.265864849090576, 1.409346342086792, 1.0345176458358765, -5.119150638580322]",tensor(0.9994)
fear_225ed6faf39d37d0bb1e54454b0b7838,20-29,Female,White,fear,2,4,"[-3.1645829677581787, -4.684087753295898, -0.07551102340221405, -3.5308377742767334, 4.6517181396484375, 1.3226436376571655, 0.3172667622566223]",tensor(0.9447)
angry_b042e1f17e8628e6a0b2edb8850d287f,20-29,Female,Middle Eastern,angry,0,4,"[-0.3526843786239624, -1.3791782855987549, -4.191845417022705, 0.9849066138267517, 1.873685598373413, -4.728643417358398, 1.3020601272583008]",tensor(0.4704)
surprise_6364d2d26ebf0c07bdb4d39afa437023,20-29,Female,East Asian,surprise,6,4,"[0.5300948619842529, -0.6868669390678406, -2.3002026081085205, -1.8298617601394653, 0.6726785898208618, -2.0697073936462402, 0.00469846511259675]",tensor(0.3528)
surprise_f0c26bb1b2ceddc4693813b2b20e9a98,50-59,Female,Latino_Hispanic,surprise,6,3,"[-3.2871267795562744, -1.2737895250320435, -3.8174285888671875, 5.114866733551025, 1.017765998840332, -4.232503414154053, -1.1115210056304932]",tensor(0.9797)
happy_65f3b76e09e6fea369b4ebfec2c83d24,60-69,Male,Middle Eastern,happy,3,4,"[-1.77980637550354, -3.234666347503662, -3.475304365158081, 2.6605358123779297, 4.1040496826171875, -2.039097309112549, -4.563799858093262]",tensor(0.8049)
disgust_c0b8b1433474ff9c204b8036c5e94f0f,50-59,Female,White,disgust,1,5,"[1.774708867073059, 3.071261167526245, 0.09935024380683899, -4.74746036529541, -2.944632053375244, 4.198936939239502, -3.89670991897583]",tensor(0.6992)
sad_b29adbdac005a31a1ea8d99820f75715,40-49,Female,White,sad,5,5,"[-2.911670446395874, -0.879621148109436, 0.3936585485935211, -2.884772777557373, -1.3924909830093384, 6.672790050506592, -5.031576633453369]",tensor(0.9971)
sad_f4d6e22a103670f1ebb8fd98d768a958,03-09,Male,Latino_Hispanic,sad,5,5,"[1.3910900354385376, -0.7249537110328674, -2.43745756149292, -4.081403732299805, -0.8182477355003357, 7.1552534103393555, -3.7807202339172363]",tensor(0.9961)
disgust_5e99c1c620c17a586278cd15c5a23ec6,60-69,Male,Indian,disgust,1,1,"[1.3572173118591309, 1.8694312572479248, -0.8721808791160583, -4.928180694580078, 1.0501803159713745, 1.6073321104049683, -5.068713665008545]",tensor(0.3477)
disgust_c67421c208c4231e2f24f62b166da8b2,30-39,Male,White,disgust,1,4,"[-1.794550895690918, -3.699648141860962, -5.516974925994873, 3.5808866024017334, 5.221679210662842, -2.141745090484619, -3.617269515991211]",tensor(0.8364)
neutral_08ffc409f9a3bf61cd70f490b86a7a04,30-39,Male,Latino_Hispanic,neutral,4,4,"[-1.1528173685073853, -3.666020631790161, -4.979061603546143, 0.6006217002868652, 7.382944583892822, -2.665377616882324, -2.2656872272491455]",tensor(0.9985)
fear_73690fe992ed6072ed5a43410f9b49e1,00-02,Female,Black,fear,2,6,"[-3.3802874088287354, -2.8040740489959717, -0.6227953433990479, 1.4188390970230103, -0.5267258882522583, -3.446052074432373, 3.9518332481384277]",tensor(0.9062)
angry_9827ef173a8f041fcfec0fa542c29a54,10-19,Female,Middle Eastern,angry,0,0,"[1.774916648864746, -0.1367592066526413, 0.2153339833021164, -1.400261402130127, -2.4102838039398193, -0.9133701324462891, -2.626070022583008]",tensor(0.6688)
angry_a9635a0237f76b76882282248d431d82,50-59,Male,White,angry,0,0,"[3.9393045902252197, -2.325148820877075, -1.8298089504241943, -4.704955577850342, 3.729492664337158, -1.526720404624939, -1.4713000059127808]",tensor(0.5481)
disgust_1136ae97cd47d4929a6b275770c7b42d,40-49,Female,Middle Eastern,disgust,1,4,"[-4.528088092803955, -0.552463948726654, -2.5102715492248535, -0.4992811679840088, 2.7637436389923096, 0.6396572589874268, -1.615164041519165]",tensor(0.8248)
happy_74947b69414dcfff7b47b02e496a2c4d,20-29,Female,White,happy,3,3,"[-2.2287843227386475, -2.7527544498443604, -3.346872329711914, 6.928597927093506, -0.5271739363670349, -2.3180418014526367, -2.6769957542419434]",tensor(0.9991)
angry_2e35bf95a0e9cd8f5dd5965a29447038,50-59,Male,Black,angry,0,4,"[-1.406650424003601, -4.946780681610107, -6.4742655754089355, 0.8769227266311646, 7.340393543243408, 0.8430734872817993, -3.2549781799316406]",tensor(0.9968)
disgust_b65af424476f3b317cd8a2871e895e50,50-59,Male,White,disgust,1,1,"[0.9056293964385986, 7.465174674987793, 1.0704824924468994, -5.614136695861816, -2.5689280033111572, -0.5015653371810913, -3.4303598403930664]",tensor(0.9965)
neutral_3624a40c4492cb1c92f5f8a10738298c,20-29,Female,White,neutral,4,4,"[-1.6689056158065796, -2.9905149936676025, -3.874988555908203, 2.8249034881591797, 4.411986827850342, -0.283379465341568, -3.2183966636657715]",tensor(0.8215)
neutral_6a6a851c07c4cd3e6eaebeb7ee7c3282,30-39,Female,White,neutral,4,4,"[-3.059389591217041, -1.7263933420181274, -2.4723873138427734, 0.857170820236206, 3.9859607219696045, -0.8732306957244873, -1.2295182943344116]",tensor(0.9410)
angry_737586077a5729c625c8ee38b020c28d,30-39,Male,White,angry,0,0,"[6.369454860687256, -0.6108646988868713, -3.4650492668151855, -2.7427568435668945, 1.186234474182129, -0.7717541456222534, -5.047651767730713]",tensor(0.9925)
disgust_49c3114373ec3b00cccdc479b1790222,20-29,Female,White,disgust,1,4,"[-2.0828428268432617, -2.963179349899292, -4.354359149932861, 3.7279653549194336, 4.735476016998291, -3.710482597351074, -3.0280590057373047]",tensor(0.7313)
sad_4e31ff9d22c132b879071d2b31e5c841,20-29,Female,East Asian,sad,5,5,"[-1.4036282300949097, -5.203549385070801, -2.4392409324645996, -5.38621187210083, 4.41578483581543, 6.476473331451416, -2.5852441787719727]",tensor(0.8865)
sad_b6b3969f850a69f422edff0f6dded974,40-49,Male,Black,sad,5,5,"[-3.907055139541626, -3.6776397228240967, 1.037269115447998, -1.9591435194015503, 0.6823976635932922, 5.887152194976807, -3.994706153869629]",tensor(0.9863)
surprise_6ac8f8986cbeb1c5e1418f577c660884,30-39,Male,White,surprise,6,6,"[-0.047177594155073166, -1.7928024530410767, 3.199249029159546, -0.29769936203956604, -6.123940467834473, -6.225156307220459, 6.439823627471924]",tensor(0.9596)
disgust_1a5da71b2781f2700475c170aeaa8444,00-02,Male,White,disgust,1,4,"[1.6359641551971436, -0.9909825921058655, -2.998386859893799, -1.6995091438293457, 3.572822332382202, -1.9622917175292969, -1.5250153541564941]",tensor(0.8539)
neutral_efdf4b25f75382eefbd315580c310fe4,03-09,Male,White,neutral,4,4,"[-0.02287067100405693, -5.267498016357422, -4.03710412979126, -2.9927167892456055, 6.173544883728027, 4.938514232635498, -4.2285237312316895]",tensor(0.7734)
happy_c662220f6bf568aa05fb7124b44edac5,20-29,Female,White,happy,3,3,"[-2.172182559967041, -2.136639356613159, -1.9480695724487305, 6.385870933532715, -3.1331350803375244, -3.7190983295440674, 0.6019712090492249]",tensor(0.9962)
fear_1395e2c353af8c7fd97cafeb4b0a8e83,50-59,Male,White,fear,2,2,"[1.2358348369598389, -1.3372548818588257, 1.9899101257324219, -6.30717134475708, -1.3413912057876587, 1.5273170471191406, -0.2822633981704712]",tensor(0.4395)
neutral_d54a3936d62d9b5ed1fc4f4bc381a51a,20-29,Female,Latino_Hispanic,neutral,4,4,"[-2.6602728366851807, -2.629715919494629, -3.510981559753418, -0.2540108561515808, 6.0993123054504395, -3.0990521907806396, 0.7575072646141052]",tensor(0.9930)
sad_f7a38b5fb32fd19a310612fd799da9f1,30-39,Male,White,sad,5,4,"[-0.5731975436210632, -4.2514424324035645, -3.852896213531494, 1.094051480293274, 4.161471843719482, 2.0724198818206787, -3.164365291595459]",tensor(0.8472)
fear_b697ff871ef0739fddd390dcfe826f24,20-29,Female,White,fear,2,5,"[-2.2561869621276855, -5.2030181884765625, -1.2726385593414307, -2.71055269241333, 2.566244125366211, 4.606045246124268, -1.1957032680511475]",tensor(0.8790)
angry_4760be9c8e50395eb01f760babc19c44,40-49,Male,White,angry,0,0,"[8.07705020904541, 3.3382043838500977, -1.1236591339111328, -5.284978866577148, -3.049009084701538, -0.4225316345691681, -4.170441150665283]",tensor(0.9910)
fear_1f2c3e56f3dcd98062629e79c7da25f1,30-39,Male,White,fear,2,6,"[-2.2784461975097656, -3.656306266784668, 3.564688205718994, -4.980588436126709, -2.413248300552368, -0.4942464530467987, 6.2269606590271]",tensor(0.9333)
sad_7c97ed04da9fcdcc3e4005f4f92bb471,00-02,Male,White,sad,5,5,"[-3.004312753677368, -3.63785457611084, 0.5361462831497192, -4.77686071395874, -1.2682691812515259, 10.65417194366455, -3.0216078758239746]",tensor(0.9999)
surprise_50c0de19089bb1e13ee46aebfe954af5,00-02,Male,White,surprise,6,3,"[-2.5675623416900635, -2.6077988147735596, -5.427999973297119, 3.392850875854492, 1.2342851161956787, -1.4123947620391846, -0.8272956013679504]",tensor(0.8744)
happy_42eda1f5ee6d2fc44737aabaff4edfc4,03-09,Male,White,happy,3,3,"[-2.6195502281188965, -1.7301777601242065, -1.226799488067627, 3.425640344619751, -4.17762565612793, -0.12408319115638733, 1.0540910959243774]",tensor(0.8770)
surprise_bbe23235ab51bde61605d9511a158546,40-49,Male,White,surprise,6,0,"[4.976200580596924, 2.447563886642456, -1.2818899154663086, -4.392786502838135, -1.4422595500946045, -3.4980947971343994, -1.9255719184875488]",tensor(0.9220)
angry_880f3c81d7cb0100e44069fd3b859ef9,20-29,Female,White,angry,0,4,"[-2.8271243572235107, -4.836214542388916, -4.927899360656738, 0.35679009556770325, 8.77482795715332, -4.449798107147217, -0.6348139643669128]",tensor(0.9997)
fear_325c31adcfde9b6eaa928fb1a7b5cb24,30-39,Female,White,fear,2,4,"[-0.4943428635597229, -1.75706946849823, -2.8064074516296387, -1.1159358024597168, 4.609013080596924, -1.7144361734390259, -1.5293749570846558]",tensor(0.9846)
disgust_e4665d68d86b5879f372ab2c33806b40,00-02,Male,White,disgust,1,3,"[-1.8664461374282837, -2.638725519180298, -4.33327579498291, 2.6551353931427, 2.286098003387451, -2.815493583679199, 0.2003755271434784]",tensor(0.5561)
neutral_abb619d8cfcbd98a82775ddac8777a16,20-29,Female,Southeast Asian,neutral,4,4,"[-4.798050880432129, -5.923455238342285, -5.819303035736084, 1.069811224937439, 7.348982334136963, -1.0905101299285889, 1.1517150402069092]",tensor(0.9959)
disgust_b712787efe345417b806b8e857b3901e,10-19,Male,Southeast Asian,disgust,1,3,"[-4.304872035980225, -2.8509154319763184, -3.0868024826049805, 4.097775459289551, 2.17558217048645, -3.7052037715911865, 0.4502979516983032]",tensor(0.8513)
sad_560bbbf149aa3ef1d28986e41c925deb,50-59,Male,White,sad,5,5,"[-0.9618935585021973, 2.9180686473846436, -0.4054182469844818, -2.412216901779175, -4.395263195037842, 5.74865198135376, -3.540189743041992]",tensor(0.9410)
surprise_7c108d7841c7ceeaebd856da7aa55c9b,20-29,Female,Middle Eastern,surprise,6,4,"[-1.7766754627227783, -4.885248184204102, -2.3848323822021484, -5.093900680541992, 6.225022792816162, 1.0818921327590942, 0.7699013352394104]",tensor(0.9895)
disgust_afb546b123e83acbb95feee5db9c3f4a,20-29,Female,White,disgust,1,3,"[-0.9230987429618835, -0.7496528029441833, -2.203070640563965, 4.131250858306885, -1.6400048732757568, -1.72724187374115, -1.2292454242706299]",tensor(0.9743)
neutral_7ffee9345ece90190a9384493491b966,20-29,Female,White,neutral,4,4,"[-2.625281572341919, -3.8604047298431396, 1.6417509317398071, -6.312819957733154, 3.489915609359741, -0.5319747924804688, 0.4442096948623657]",tensor(0.8157)
happy_d48e61d7c3d71452285254cfb660e732,20-29,Female,White,happy,3,4,"[-2.247159481048584, -5.542433738708496, -4.068968772888184, 1.2902652025222778, 7.2576422691345215, 0.5398129224777222, -3.74837589263916]",tensor(0.9961)
angry_eac5b7df0681fe520dab0a6c611adfbe,30-39,Male,White,angry,0,0,"[9.204072952270508, 2.2588963508605957, -3.1845359802246094, -4.393454074859619, -1.9926824569702148, -3.026746988296509, -2.441342830657959]",tensor(0.9990)
sad_aaa24304cbb8ad876f591adfd99f729c,03-09,Male,White,sad,5,5,"[-3.228414297103882, -2.449920415878296, -0.6246422529220581, -3.1698882579803467, -0.35440748929977417, 8.070792198181152, -1.6428117752075195]",tensor(0.9995)
fear_ac6bc69919aa760051cdb49e72c4ba48,10-19,Female,White,fear,2,5,"[-2.466275930404663, -3.4030134677886963, -1.0290743112564087, -2.4223885536193848, 1.386749505996704, 2.8980774879455566, 1.5445923805236816]",tensor(0.6622)
surprise_a64a5a74fa622728d87a078fd8d2b116,00-02,Female,White,surprise,6,4,"[-1.9284114837646484, -4.3085618019104, -2.6458797454833984, -3.493673324584961, 6.401795387268066, -0.9236321449279785, -0.36730289459228516]",tensor(0.9978)
surprise_c4654e553aa6d34cdbbc0ec2a0658356,00-02,Male,White,surprise,6,6,"[-4.299421310424805, -4.115728378295898, 1.9903711080551147, -3.7077085971832275, 0.3023760914802551, -4.57216739654541, 8.260404586791992]",tensor(0.9977)
happy_18816f4177322798755d86f88954e36f,20-29,Female,White,happy,3,4,"[-2.799736261367798, -3.8293399810791016, -4.637481212615967, 3.0702035427093506, 6.303660869598389, -1.3852964639663696, -3.096181869506836]",tensor(0.9614)
disgust_44e14e1bf4d56ddaa669c8de1fde7aec,20-29,Female,White,disgust,1,5,"[-2.6728432178497314, 1.1916707754135132, 3.2013964653015137, -5.250457763671875, -2.9277005195617676, 5.589437007904053, -2.6842403411865234]",tensor(0.9051)
angry_131592bf6bbc8fb0fd5d5da7c69497aa,40-49,Male,White,angry,0,0,"[8.737077713012695, -0.6574681401252747, -2.9663429260253906, -4.9572248458862305, -0.5791106224060059, -0.18869508802890778, -3.647702217102051]",tensor(0.9997)
happy_0553e1065ad70daf2e8cddb7a57b699c,40-49,Female,White,happy,3,3,"[-2.1733436584472656, -2.273151397705078, -2.9186298847198486, 6.882536888122559, -1.4266235828399658, -2.139462471008301, -2.058623790740967]",tensor(0.9992)
sad_818b2efc1d3137252d70437a27c3643c,30-39,Female,Latino_Hispanic,sad,5,5,"[-0.8004225492477417, 0.4389294981956482, -0.6070910692214966, -3.5387213230133057, -3.178757429122925, 7.047023296356201, -3.4122962951660156]",tensor(0.9977)
happy_548846761d87289e10ae02c717719aac,40-49,Male,White,happy,3,3,"[-2.271005392074585, -1.4419533014297485, -2.880925416946411, 5.438998699188232, -0.9122315645217896, -0.8324980735778809, -2.7317049503326416]",tensor(0.9944)
happy_2f37c2100be7b8c6270a425c010826e3,20-29,Female,White,happy,3,3,"[-2.534712076187134, -2.153461217880249, -3.119647741317749, 7.115649223327637, -1.4250373840332031, -2.8848066329956055, -1.5913488864898682]",tensor(0.9994)
disgust_278f41b95b71ceddbf1abb9909a42787,40-49,Male,White,disgust,1,5,"[-0.014591348357498646, 2.3528759479522705, -1.0205357074737549, -3.353583812713623, -0.5427486896514893, 2.960883140563965, -2.350461959838867]",tensor(0.6057)
surprise_9d172b3b2350c8cf2c4d97c841b3a2f3,30-39,Female,White,surprise,6,0,"[2.6550776958465576, 0.4618810713291168, -2.469233989715576, -4.201025009155273, 1.2034932374954224, -0.8292194604873657, -0.28921380639076233]",tensor(0.6963)
angry_3a35f3a328f1619ad0770cdb0cb1475c,30-39,Female,White,angry,0,1,"[1.0397692918777466, 1.4086240530014038, 0.8223212957382202, -2.272345542907715, -1.7882535457611084, -2.5963478088378906, 0.17589114606380463]",tensor(0.3811)
fear_b18245579e686ca43919207dd47af463,20-29,Male,White,fear,2,6,"[-2.104701280593872, -2.889824628829956, 3.410106658935547, -0.7051050066947937, -3.839261531829834, -3.346574544906616, 3.838271379470825]",tensor(0.5997)
surprise_a2909a10e9cfb3dcf2b88dbb3a44585f,20-29,Female,White,surprise,6,3,"[-4.0248122215271, -3.4078447818756104, -3.8291873931884766, 7.788268566131592, -1.1764241456985474, -3.1348304748535156, 0.20370043814182281]",tensor(0.9993)
disgust_25ba290ad88834c0e22b8574c276670b,03-09,Male,East Asian,disgust,1,1,"[0.7641068696975708, 3.4788930416107178, -3.6891207695007324, 1.7250773906707764, -3.233355760574341, -0.3849393427371979, -3.788288116455078]",tensor(0.7918)
neutral_be434139114398803393b3c065d179ad,20-29,Female,White,neutral,4,4,"[-4.117250442504883, -4.946771621704102, -6.000619411468506, 3.459998607635498, 8.271087646484375, -4.717482089996338, -0.1769126057624817]",tensor(0.9917)
fear_0d320e56a8161ac1ea5ad59cbe7b7eb9,20-29,Female,Indian,fear,2,5,"[-2.65830397605896, -3.148862600326538, 2.179380178451538, -0.5140889883041382, -4.165369510650635, 3.9655632972717285, 1.331187129020691]",tensor(0.7980)
disgust_d17ce987b5a27efb57eb49665baec299,20-29,Female,White,disgust,1,1,"[0.9975607991218567, 4.755395889282227, -1.7704401016235352, -2.489434242248535, -3.539086103439331, 1.066376805305481, -2.967498540878296]",tensor(0.9513)
sad_4a335cf6ac8bbb141f0efc6d6b19c1ff,30-39,Male,White,sad,5,5,"[0.3903239369392395, -4.4408955574035645, 0.15281739830970764, -7.4935302734375, 1.7685428857803345, 6.180558681488037, -2.08842134475708]",tensor(0.9824)
happy_3d957dfff19334017ed5db50498a7fc3,50-59,Male,White,happy,3,3,"[-1.1959295272827148, -1.4686061143875122, -2.2265067100524902, 5.68345832824707, -1.7264666557312012, -1.5425349473953247, -2.3799140453338623]",tensor(0.9962)
neutral_fe6df81fcbd7ec26b85ddc8eb99f33a9,30-39,Male,Middle Eastern,neutral,4,3,"[-2.15043306350708, -3.5178377628326416, -3.942416191101074, 4.818826675415039, 3.3404757976531982, -1.3792152404785156, -3.7446107864379883]",tensor(0.8120)
surprise_145f315a2650f9fb36e1f80b0ca61a62,00-02,Female,White,surprise,6,3,"[-3.9421770572662354, -3.7336599826812744, -2.9909181594848633, 8.328106880187988, -2.7291014194488525, -4.025155544281006, 1.6097722053527832]",tensor(0.9988)
sad_f8200ea9c82b3a1842d01118ca9aac25,30-39,Female,White,sad,5,4,"[-2.1772348880767822, -1.981673002243042, -2.3095932006835938, -0.7480612397193909, 2.8396127223968506, 1.2846745252609253, -1.2002193927764893]",tensor(0.7831)
sad_bd57a539092acd1af6e51b91bfe43c38,10-19,Male,White,sad,5,5,"[-4.012207984924316, -3.3988444805145264, -0.875231146812439, 1.1278891563415527, -0.07494968920946121, 2.031123638153076, 1.254456639289856]",tensor(0.4882)
disgust_ba5584f303b343ad1a13f8664e436e1c,03-09,Female,White,disgust,1,0,"[5.101407527923584, 2.9246103763580322, -4.4427971839904785, -1.365058422088623, -0.9111241102218628, -1.965569019317627, -3.5593090057373047]",tensor(0.8941)
neutral_6d77f64c349247d01ead29a74423e94e,10-19,Female,Black,neutral,4,4,"[-2.9475784301757812, -5.092007637023926, -2.8489434719085693, -1.275112271308899, 5.439129829406738, -2.251021385192871, 2.5665977001190186]",tensor(0.9445)
surprise_6936d5af634e26a65e9e52495a749292,20-29,Female,White,surprise,6,6,"[0.7295369505882263, -0.6114735007286072, -0.30370718240737915, 1.052348256111145, -4.283984661102295, -4.758123874664307, 3.357074737548828]",tensor(0.8214)
fear_727d0bdeec51bb385de6609e15d2da0c,60-69,Male,White,fear,2,3,"[-3.7091598510742188, -2.9414162635803223, -3.8221659660339355, 6.777040004730225, 1.7733018398284912, -3.1376030445098877, -2.1477649211883545]",tensor(0.9930)
disgust_e366e3e79610af9c2c769ece17f4c7f9,10-19,Male,White,disgust,1,0,"[5.644985675811768, 1.681963324546814, -1.9536516666412354, -5.331281661987305, -1.1158552169799805, 1.7164206504821777, -4.482522487640381]",tensor(0.9612)
neutral_b5789299fdcc15fbb7f14607dff2dcaa,30-39,Male,White,neutral,4,4,"[0.5857117176055908, -4.301443099975586, -4.01151704788208, -2.2875473499298096, 6.572865962982178, 2.8193130493164062, -3.9345288276672363]",tensor(0.9745)
neutral_5bee2547afda44c9c168fd8ca277e4db,10-19,Female,Black,neutral,4,4,"[-1.3536665439605713, -3.1249051094055176, -3.4465644359588623, 0.28628140687942505, 5.136292934417725, -1.6677241325378418, -0.6409304738044739]",tensor(0.9862)
angry_2e998b602c9f5b64739adb7cfadead2e,30-39,Male,Black,angry,0,5,"[-0.3947395980358124, -1.9630595445632935, -3.6488327980041504, 0.10228319466114044, 2.2083303928375244, 2.2696993350982666, -4.4009318351745605]",tensor(0.4666)
fear_7e9ad76596d2bd4eeb783f2665eba425,40-49,Male,Middle Eastern,fear,2,4,"[-0.18400268256664276, -3.1026742458343506, -2.1517832279205322, -4.078254222869873, 3.344320774078369, 1.274017572402954, 0.4647824764251709]",tensor(0.8211)
angry_1d286055733d8517f1469918a23a806d,30-39,Male,White,angry,0,4,"[-0.3088443875312805, -4.708458423614502, -5.188251972198486, -0.6569375991821289, 8.338493347167969, -1.996963381767273, -2.8744797706604004]",tensor(0.9997)
neutral_2642e02e1ec0b5678c84907af2cc8995,30-39,Female,White,neutral,4,3,"[-2.07321834564209, -2.4191019535064697, -4.024593830108643, 6.032808780670166, 1.4040827751159668, -2.9362869262695312, -1.8678151369094849]",tensor(0.9893)
angry_f28266f786a0eb0a50f19c6299b65aa9,20-29,Male,Middle Eastern,angry,0,4,"[-0.5951972603797913, -1.833112120628357, -2.7296836376190186, -1.3917235136032104, 3.6484017372131348, -1.0187844038009644, -0.026715358719229698]",tensor(0.9421)
surprise_b3a5cd8654810b3aa2bc93406056be95,60-69,Male,White,surprise,6,4,"[-2.0657546520233154, -5.322758674621582, -3.4936330318450928, -0.4615993797779083, 6.81589937210083, 0.9708783626556396, -2.9141530990600586]",tensor(0.9962)
surprise_68c8011600399575efb6f1f37a56f02d,20-29,Female,White,surprise,6,6,"[-3.1760337352752686, -2.3658969402313232, 2.9774413108825684, -4.0540852546691895, -0.7493369579315186, -1.62468421459198, 3.9924087524414062]",tensor(0.7259)
happy_612dc85728462d6e4dadb591b701bbcf,10-19,Male,White,happy,3,3,"[-3.5475950241088867, -3.3990800380706787, -3.3214144706726074, 3.622591018676758, 1.3276920318603516, 0.9078102111816406, -1.8441979885101318]",tensor(0.8519)
angry_8e506295eb1c96ab2be79a9b75f8203d,30-39,Male,White,angry,0,3,"[-2.21240496635437, -3.040951728820801, -4.79815149307251, 5.392481327056885, 4.427271842956543, -2.327871561050415, -4.4927520751953125]",tensor(0.7235)
disgust_f033167aac5aed4c99f5456bbf8b2e0c,30-39,Female,White,disgust,1,5,"[0.8705117702484131, 3.899639844894409, 1.7091823816299438, -6.37793493270874, -4.6646809577941895, 4.6706061363220215, -2.69535493850708]",tensor(0.6504)
sad_1f64174a47f3d830b79c1827e9a92ddc,03-09,Female,White,sad,5,5,"[0.8291588425636292, -0.3009411692619324, 2.9367599487304688, -2.995210647583008, -4.658538341522217, 3.0752463340759277, -1.734610915184021]",tensor(0.4947)
happy_e6db30be54a2bb4d9b13e15cc5b422da,10-19,Male,White,happy,3,5,"[-0.5988472104072571, -4.032175064086914, -0.8305017948150635, -3.879157066345215, -0.12469831109046936, 8.628769874572754, -2.9836859703063965]",tensor(0.9997)
happy_2728b008cd3989049c5eac1a2e61e742,30-39,Male,White,happy,3,4,"[-0.8896210193634033, -2.8004462718963623, -4.425039768218994, 2.725834846496582, 4.4410271644592285, -1.5029281377792358, -2.88192081451416]",tensor(0.8411)
fear_15ab47e7c13552f89786a49ab16b9083,50-59,Female,East Asian,fear,2,5,"[-4.183750629425049, -1.5740941762924194, -1.383550763130188, -2.0050954818725586, -2.3847992420196533, 6.880189895629883, 0.8901212811470032]",tensor(0.9968)
sad_19991c688f49183634c8869ce802d624,20-29,Female,White,sad,5,5,"[-3.780421495437622, -3.591918706893921, -2.613253593444824, -1.5440561771392822, 1.039783000946045, 7.844761848449707, -2.3767268657684326]",tensor(0.9987)
neutral_9ea738af0224a613d3c3923fdf2083e4,40-49,Male,White,neutral,4,4,"[-0.06076555326581001, -2.58046817779541, -5.130021572113037, 2.7730515003204346, 5.612471103668213, -2.608370542526245, -4.1742844581604]",tensor(0.9412)
happy_f664eddcb4dfe495adef5f9657bfc3b4,10-19,Female,East Asian,happy,3,3,"[-4.096817493438721, -3.4588515758514404, -4.318061828613281, 6.932801723480225, 0.44497331976890564, -4.197579383850098, 0.7213934063911438]",tensor(0.9964)
fear_12756daac5a2f3cc83fa9cc0323ad977,00-02,Male,White,fear,2,5,"[-2.555022716522217, -3.7123312950134277, 3.101019859313965, -8.189403533935547, 0.23118500411510468, 5.791051387786865, -0.7292552590370178]",tensor(0.9315)
angry_8fa7748c35b6a33c6cad91bcfe590849,03-09,Female,White,angry,0,4,"[-2.5956966876983643, -4.790100574493408, -3.7475831508636475, -0.5912113189697266, 6.825051307678223, 1.9523262977600098, -3.371089220046997]",tensor(0.9917)
angry_5574e5c748c10fe57416f8b53f8da474,20-29,Female,White,angry,0,2,"[-0.6270409226417542, 0.4933648705482483, 3.989950180053711, -6.716821670532227, -1.5432027578353882, -0.44125041365623474, 0.5247222781181335]",tensor(0.9197)
happy_c178b2f611322c94ec8e2272cf3f333a,20-29,Female,White,happy,3,3,"[-2.1214630603790283, -2.239215135574341, -2.6984925270080566, 6.694003582000732, -3.0752904415130615, -3.0008230209350586, 0.2271401733160019]",tensor(0.9980)
neutral_1aa4cd3def47c1508c51903a27f9cb19,00-02,Male,White,neutral,4,6,"[-2.5560250282287598, -5.945172309875488, 3.880849838256836, -7.796741962432861, 1.7102526426315308, -2.917966365814209, 4.4422688484191895]",tensor(0.6108)
angry_48019942960cb9e814ea450851ef50ab,40-49,Male,White,angry,0,0,"[3.987454891204834, -2.662766695022583, -2.881150245666504, -3.39017915725708, 3.454698324203491, 0.8103275299072266, -2.9596052169799805]",tensor(0.6125)
surprise_90c0851c80131a21c685b4123a4b60b0,20-29,Male,Black,surprise,6,4,"[-4.741987228393555, -4.258498191833496, -2.3061020374298096, 2.769117593765259, 3.612100839614868, -0.5575840473175049, -0.43618273735046387]",tensor(0.6818)
fear_288db557f27f41ab83a7d36fd39a394c,10-19,Male,White,fear,2,5,"[-1.9827446937561035, -0.07289103418588638, 2.4066174030303955, -5.296624183654785, -2.6771938800811768, 4.2070088386535645, -1.0199741125106812]",tensor(0.8420)
disgust_5918b383a28fb4ecc4534a3d8ab02a5b,40-49,Male,White,disgust,1,5,"[1.0053390264511108, -1.9329383373260498, -2.97747540473938, -0.8141785860061646, 1.4504363536834717, 2.2009544372558594, -5.419856071472168]",tensor(0.5418)
fear_505681578544e6ce854b600cb06d5093,20-29,Male,White,fear,2,2,"[-0.9600494503974915, -2.2729721069335938, 3.301539421081543, -5.450476169586182, -1.3599293231964111, 2.24208664894104, 0.6657779216766357]",tensor(0.6917)
angry_94b80bfe2931501ca3c175c8a8f4784a,00-02,Male,White,angry,0,0,"[9.088560104370117, 0.03258437290787697, -3.6107003688812256, -2.7725377082824707, -2.4775452613830566, -2.4535648822784424, -3.419785499572754]",tensor(0.9999)
happy_94556e1db2b4a0c6a60d56296be3186e,50-59,Female,White,happy,3,3,"[-2.5184261798858643, -2.064053535461426, -2.5948147773742676, 6.1903557777404785, -1.9054045677185059, -2.41025972366333, -0.6264358162879944]",tensor(0.9978)
sad_1615746ff9d8f983bc643377b0721aa8,40-49,Male,White,sad,5,1,"[2.6278951168060303, 3.2357256412506104, -1.1868224143981934, -5.445502281188965, -1.0178899765014648, 0.8604145050048828, -2.7463197708129883]",tensor(0.6001)
neutral_3a5b693c97b82ee3827ab1b400a6d37a,30-39,Male,Latino_Hispanic,neutral,4,4,"[-0.9442245364189148, -4.1737895011901855, -3.833773612976074, -1.033410668373108, 6.78771448135376, 1.1678498983383179, -2.648993492126465]",tensor(0.9954)
surprise_26205bab2fc09739aff3c9c90d451f2a,20-29,Female,White,surprise,6,6,"[-4.944911479949951, -3.2035934925079346, -0.30857816338539124, 0.09492459893226624, 0.9746419191360474, -2.635221004486084, 4.779455184936523]",tensor(0.9628)
fear_9874db0d50cb90c26e11abcf33ff8a75,10-19,Male,Middle Eastern,fear,2,5,"[-3.71349835395813, -2.5455286502838135, 2.843277931213379, -3.5934205055236816, -1.439119577407837, 3.4319818019866943, 0.38605499267578125]",tensor(0.6194)
happy_8321f0ab05134523d908dd793d01f92e,03-09,Male,White,happy,3,3,"[-2.568248987197876, -1.9980571269989014, -2.2194857597351074, 5.7905402183532715, -2.8141138553619385, -2.5112428665161133, 0.9533447623252869]",tensor(0.9907)
neutral_bfb4736cc573c932756fca5e5a45712a,20-29,Female,Black,neutral,4,3,"[-2.476705312728882, -1.6399410963058472, -2.781132698059082, 2.9641597270965576, 0.7489009499549866, 0.302071750164032, -2.744178533554077]",tensor(0.8335)
disgust_9edec8716b020188ac54bbd2bd2b470e,30-39,Female,White,disgust,1,4,"[-1.1277360916137695, -0.7311010360717773, -3.2232398986816406, 2.2550907135009766, 2.9670703411102295, -5.246427536010742, -0.12204385548830032]",tensor(0.6329)
surprise_1df2526bed9ba52471eab9cfc9cae550,20-29,Female,White,surprise,6,3,"[-3.212509870529175, -3.0706496238708496, -1.2000740766525269, 4.127169132232666, -2.3781511783599854, -2.9708633422851562, 2.4011788368225098]",tensor(0.8428)
happy_5abc58e9a2010da9b7a2adb9597d0563,20-29,Male,Black,happy,3,3,"[-3.7909653186798096, -2.434814691543579, -1.8818176984786987, 6.363697528839111, -2.703960657119751, -1.8280185461044312, 0.3890193700790405]",tensor(0.9966)
happy_27fa3b772e5228f2358adf3bec276a88,20-29,Female,East Asian,happy,3,3,"[-2.9507362842559814, -2.7286622524261475, -3.3931267261505127, 7.720930576324463, -1.0629549026489258, -3.1770029067993164, -1.2631659507751465]",tensor(0.9996)
disgust_6617e6b18a38bfa4c67b600e66345fc8,20-29,Female,Latino_Hispanic,disgust,1,3,"[-2.1150877475738525, -0.27750450372695923, -2.233889579772949, 1.4902549982070923, 1.0938454866409302, -3.5902609825134277, 0.9053252935409546]",tensor(0.4068)
fear_298c51b70127aba414f2b5cfabd06537,30-39,Female,White,fear,2,6,"[-5.499546527862549, -5.212324142456055, -2.121199607849121, -1.2352871894836426, 4.45347261428833, -4.239378929138184, 6.355310440063477]",tensor(0.8695)
angry_f8a73c0ead492e280c44a122416c7781,30-39,Male,Indian,angry,0,0,"[5.297870635986328, -2.023489236831665, -3.4953999519348145, -3.80499267578125, 3.9212753772735596, -1.4367189407348633, -2.5121874809265137]",tensor(0.7968)
sad_a11f2fd399c1ef4a0942d4c6682d47d3,50-59,Male,White,sad,5,4,"[3.079803228378296, -2.9415454864501953, -4.667601108551025, -0.8986287713050842, 3.69649600982666, 1.71384596824646, -4.811121940612793]",tensor(0.5920)
sad_39250798d396b79999363dc8f8e8e19f,10-19,Female,Middle Eastern,sad,5,5,"[0.420833021402359, -4.503410339355469, -1.0141441822052002, -5.282322406768799, 3.8867733478546143, 4.585730075836182, -2.2749619483947754]",tensor(0.6590)
disgust_fec0878b40f72972d01d57fa6d9cd669,00-02,Male,White,disgust,1,5,"[-1.6395373344421387, -2.3129398822784424, -1.811603307723999, -1.0472333431243896, 0.25948238372802734, 6.099522113800049, -4.05644416809082]",tensor(0.9953)
disgust_ed7005089fac440d0036e28d163c1885,30-39,Female,White,disgust,1,3,"[-2.299175262451172, -1.296542763710022, -4.366586685180664, 4.145522594451904, 0.3377745747566223, -3.6150012016296387, 0.5042204856872559]",tensor(0.9479)
sad_59af3f02aa673c483a7b3a03fae14860,30-39,Male,White,sad,5,5,"[-0.9243038296699524, 0.86696857213974, 0.8355370163917542, -4.787367343902588, -2.7005417346954346, 6.688404560089111, -4.6258111000061035]",tensor(0.9936)
angry_4a806ff935a0ad6aa83994715b23ff15,60-69,Male,White,angry,0,4,"[2.246873140335083, 0.10390619933605194, -2.4500129222869873, -2.978667736053467, 2.3163259029388428, -2.9232611656188965, -0.9916365146636963]",tensor(0.4767)
surprise_f097a6c82b5041815f3414ce70969482,50-59,Female,Middle Eastern,surprise,6,5,"[-3.21429705619812, -2.593299627304077, 1.3417129516601562, -4.958247661590576, -0.4555172324180603, 5.411300182342529, 1.0280457735061646]",tensor(0.9681)
neutral_2c54a31f8a6d5db974af88eaba1837e9,20-29,Male,Middle Eastern,neutral,4,4,"[-0.88959801197052, -3.4917402267456055, -3.6570591926574707, -1.4466432332992554, 5.750040531158447, -1.559256672859192, 0.2795572280883789]",tensor(0.9929)
fear_c1c64864121c8e7b1f58831fe011ab87,30-39,Male,White,fear,2,5,"[-4.069469928741455, -3.9763057231903076, 4.1073079109191895, -6.203965663909912, -0.7312813997268677, 4.210962772369385, 1.5678672790527344]",tensor(0.5050)
angry_f860dfebeb5f496ee8fe6901462674e4,30-39,Male,White,angry,0,0,"[1.9676865339279175, -2.118807077407837, -1.9289960861206055, -0.6392061710357666, 1.6077603101730347, -0.9447166919708252, -2.415032386779785]",tensor(0.5332)
neutral_98eec5d719ee924394a5bcc9fb687084,20-29,Female,White,neutral,4,4,"[-0.5572866797447205, -4.226690292358398, -4.188480854034424, 2.013676643371582, 5.126576900482178, 1.2475111484527588, -4.577568531036377]",tensor(0.9356)
happy_0f15d7de685eed114c6fa58985a3c188,20-29,Female,White,happy,3,3,"[-1.219689130783081, -1.3001914024353027, -2.2020554542541504, 4.969244480133057, -2.0381410121917725, -2.3108654022216797, -0.8325036764144897]",tensor(0.9908)
neutral_48b6baba63a3720d7ccececf9706eaac,20-29,Male,White,neutral,4,4,"[0.7606447339057922, -3.5281496047973633, -2.9903979301452637, -4.22474479675293, 4.778537273406982, 3.6204006671905518, -2.269962787628174]",tensor(0.7498)
neutral_74eac1d45eb761c69bafa66fda375a3f,40-49,Female,East Asian,neutral,4,4,"[-2.431551694869995, -3.687798261642456, -4.7903618812561035, -0.9153140783309937, 5.56536340713501, 2.742246627807617, -2.976006507873535]",tensor(0.9420)
angry_59d24e5ff70a2eb0233ee5703d24fbb2,10-19,Male,White,angry,0,4,"[-0.7295093536376953, -3.4801290035247803, -4.320180892944336, -1.1802852153778076, 2.7916650772094727, -1.4725898504257202, 0.6726449131965637]",tensor(0.8437)
angry_40331054ad1410a3c1dc2f52914c298a,50-59,Female,Southeast Asian,angry,0,0,"[2.3822717666625977, 0.600337028503418, -0.46534496545791626, -4.561462879180908, 0.020201148465275764, 0.9702707529067993, -1.995577335357666]",tensor(0.6338)
neutral_b4c8d2919e519c9213050c8ae7b7c591,20-29,Male,Latino_Hispanic,neutral,4,4,"[-2.2172510623931885, -3.1136345863342285, -1.1259546279907227, -3.6079723834991455, 3.362628221511841, 2.6573987007141113, -0.6083840727806091]",tensor(0.6535)
angry_04759ad8806433dc41d2e71330c39736,40-49,Male,White,angry,0,0,"[6.0039191246032715, -3.7119171619415283, -3.0854876041412354, -2.6258184909820557, 2.6862375736236572, 0.012180864810943604, -3.5138144493103027]",tensor(0.9623)
disgust_8610860c9a74123b1becc8b2f0063be1,03-09,Female,White,disgust,1,1,"[-0.0643041580915451, 3.4082601070404053, 1.0018320083618164, -3.8432416915893555, -2.127467393875122, 0.998821496963501, -2.285414695739746]",tensor(0.8203)
angry_e633fa57115da3b3016798f5a1ae8506,20-29,Female,White,angry,0,3,"[-1.4119510650634766, -1.4781395196914673, -2.8869190216064453, 4.871822834014893, -1.451493501663208, -3.607800006866455, -0.6945202350616455]",tensor(0.9902)
neutral_2e27e870477a3f0104f9131a5b571270,20-29,Female,White,neutral,4,4,"[-2.66432523727417, -4.215873718261719, -2.7213921546936035, 1.039107084274292, 5.544851779937744, 0.42485740780830383, -2.3403472900390625]",tensor(0.9823)
happy_85377cfe0430090c2b62527bb9988229,30-39,Female,White,happy,3,3,"[-2.115910291671753, -2.08307147026062, -2.547760009765625, 6.1193623542785645, -2.4952151775360107, -2.7404823303222656, 0.2684093713760376]",tensor(0.9961)
happy_a68caddf64b18d288aeb1c1c798b7966,40-49,Female,Southeast Asian,happy,3,3,"[-1.235856056213379, -1.4713581800460815, -1.620117425918579, 5.014330863952637, -2.4087183475494385, -1.904175877571106, -1.1975972652435303]",tensor(0.9917)
angry_9e15b6bb3a39deaf195417ed6940c064,60-69,Male,Latino_Hispanic,angry,0,0,"[3.2144930362701416, -3.335336923599243, -2.378422737121582, -1.007117509841919, 2.878342390060425, -1.5003849267959595, -3.7046022415161133]",tensor(0.5733)
surprise_161bea342c285f03c1b38e9da0253223,50-59,Male,White,surprise,6,5,"[-0.2582302689552307, -2.8825747966766357, -1.4115476608276367, -3.7627100944519043, 2.0048987865448, 3.7838921546936035, -0.9919720888137817]",tensor(0.8318)
neutral_7f164672671e953f491ef4ca0fe6a2d6,40-49,Male,Middle Eastern,neutral,4,4,"[-1.5613690614700317, -4.240757465362549, -3.360358476638794, -1.995886206626892, 5.159211158752441, 2.856590747833252, -2.039091110229492]",tensor(0.9066)
neutral_ed6e0cd37e3f5c6acf0870fea8ec70ba,20-29,Male,White,neutral,4,4,"[1.64436936378479, -2.289104700088501, -2.8420963287353516, -4.448156833648682, 4.84769868850708, 2.7140870094299316, -4.24460506439209]",tensor(0.8617)
angry_fb68efc0932016638287c5e295ab1afc,30-39,Male,White,angry,0,4,"[0.592097818851471, -2.836150884628296, -2.414076805114746, -3.9271059036254883, 3.895432233810425, -3.825812816619873, 3.0633649826049805]",tensor(0.6776)
happy_8806b27fe949ed95f17610c6d6302e6a,30-39,Female,Indian,happy,3,3,"[-2.0218346118927, -0.8382588028907776, -1.8914331197738647, 6.179879665374756, -3.4326891899108887, -2.180385112762451, -1.261523723602295]",tensor(0.9976)
disgust_465db98d5df2bd55df42cdf883e14571,20-29,Male,White,disgust,1,4,"[-2.473816156387329, -2.678570508956909, -3.355785369873047, -1.489298701286316, 5.414746284484863, 3.714122772216797, -3.6801013946533203]",tensor(0.8442)
fear_1814bb4bf16a3029afd62d4029852129,20-29,Female,White,fear,2,4,"[1.2105809450149536, -0.867963433265686, -2.2056803703308105, -2.87620210647583, 1.9953622817993164, 1.5419992208480835, -3.323225498199463]",tensor(0.4595)
sad_c92d0198df5e44aaba7b5713ca24d5db,30-39,Male,Indian,sad,5,5,"[-1.0820074081420898, -3.5023109912872314, -2.6842641830444336, -3.0262680053710938, 3.5626068115234375, 6.862844944000244, -5.275813579559326]",tensor(0.9640)
surprise_2a9ea1ff71afc268606aab3a59d7fb70,00-02,Male,White,surprise,6,3,"[-3.5498948097229004, -4.4350433349609375, -3.353274345397949, 4.319206714630127, -0.08610808104276657, 0.3414209485054016, 0.8097665905952454]",tensor(0.9417)
surprise_6e5fb885120fe4e6cf6e7ca2398de85e,20-29,Female,White,surprise,6,6,"[-2.923954486846924, -2.7188475131988525, -4.120005130767822, 0.6613188982009888, 0.8015086054801941, -1.861047387123108, 2.212331771850586]",tensor(0.6721)
sad_4a9b30cdef513f198ef3b605aaa9b91b,10-19,Male,White,sad,5,5,"[-3.2693450450897217, 0.4369697868824005, 1.074901819229126, -0.7910735607147217, -2.8448846340179443, 4.918649673461914, -2.971264362335205]",tensor(0.9642)
disgust_8306490b2835ae780753a2cfe7c854fc,30-39,Female,White,disgust,1,3,"[-3.3627545833587646, -1.551604151725769, -2.7223403453826904, 3.6906490325927734, 0.9753670692443848, -1.5053836107254028, -1.147151231765747]",tensor(0.9196)
disgust_04a250cb7602e99aedd5f289996f4e46,30-39,Female,Black,disgust,1,3,"[-2.8466615676879883, -1.726323127746582, -2.3360888957977295, 4.7695393562316895, -2.0980160236358643, -4.662594318389893, 2.9701733589172363]",tensor(0.8552)
neutral_bccfd1012469bd9495d6ceb5cdf87626,20-29,Female,White,neutral,4,3,"[-3.070263624191284, -1.4368809461593628, -3.0073461532592773, 3.2385082244873047, 1.9611387252807617, -1.4998319149017334, -2.0423026084899902]",tensor(0.7659)
happy_093d62eedcccb31a48baa4dca66c56f2,20-29,Female,White,happy,3,3,"[-1.6388412714004517, -2.0681025981903076, -2.667574405670166, 6.628081798553467, -2.141327142715454, -2.01200795173645, -1.718841791152954]",tensor(0.9989)
neutral_ccf95cf3dc2ca49aae26c6bebb0f0be2,40-49,Female,White,neutral,4,3,"[-2.9556190967559814, -2.089242696762085, -4.492529392242432, 8.079212188720703, -1.0973577499389648, -2.804327964782715, -2.644660472869873]",tensor(0.9998)
neutral_efe023140386a6a62fb448146bce82cd,20-29,Female,Latino_Hispanic,neutral,4,4,"[-4.002247333526611, -4.007976055145264, -2.102461099624634, -0.6235464215278625, 4.8228583335876465, -1.1184523105621338, 0.8027190566062927]",tensor(0.9745)
fear_073eae5fbe3ad3915223793e1d28d80a,30-39,Female,White,fear,2,2,"[-2.24702525138855, -4.630197048187256, 8.738129615783691, -4.233561992645264, -4.528278350830078, -1.0761855840682983, 1.9331371784210205]",tensor(0.9988)
sad_464fa300f69623ba00681e76e545d95d,40-49,Female,Middle Eastern,sad,5,5,"[-3.6472694873809814, -4.2982048988342285, 0.2167990505695343, -5.391530513763428, -0.03218559920787811, 10.19863224029541, -1.5538465976715088]",tensor(0.9999)
happy_dacfc1f55ef001ea7fe72a70023a2d10,20-29,Male,Middle Eastern,happy,3,4,"[-2.323885679244995, -3.1770050525665283, -4.389194011688232, 2.0120420455932617, 6.066587924957275, -1.2739523649215698, -2.651811361312866]",tensor(0.9818)
happy_6c6bcabc17debc31fbfa16aa26693b66,50-59,Female,White,happy,3,3,"[-2.007513999938965, -1.7702480554580688, -2.471151828765869, 6.092849254608154, -1.8099377155303955, -1.9296938180923462, -1.935570478439331]",tensor(0.9981)
sad_7d458e9f1e0d38bf354ec45ee73b9aa5,00-02,Male,White,sad,5,5,"[-4.000500679016113, -3.202298164367676, 0.32668039202690125, -3.809126377105713, 2.2098634243011475, 2.455306053161621, 0.9362406134605408]",tensor(0.4701)
sad_80450355c703f21bacc3cad168e26241,20-29,Female,White,sad,5,4,"[0.9314880967140198, -2.484729051589966, -1.9632043838500977, -2.6120002269744873, 2.5708532333374023, 2.4461891651153564, -3.7609245777130127]",tensor(0.4759)
fear_ca45aa44e7181469aa5f40fcd004f51a,30-39,Female,White,fear,2,6,"[-3.495861768722534, -4.670574188232422, 3.972881317138672, -2.8376402854919434, -2.5397679805755615, -1.9004408121109009, 5.337790012359619]",tensor(0.7956)
fear_9dd5e12d3bb2c69f66685392ce859164,03-09,Male,Black,fear,2,3,"[-1.2220714092254639, -3.1750643253326416, -1.139596700668335, 1.461692214012146, 0.3593906760215759, -0.1260647177696228, -0.9008941650390625]",tensor(0.5609)
fear_6b0cb14b196aafb52986579581070721,60-69,Male,White,fear,2,4,"[-0.10655416548252106, -3.782114267349243, -3.3231959342956543, -1.0774034261703491, 3.450281858444214, -2.481299638748169, 1.5420019626617432]",tensor(0.8388)
disgust_937e76ac9b3271e61347cf77793cdb8b,50-59,Male,White,disgust,1,3,"[-1.7878704071044922, -2.1794583797454834, -2.8163528442382812, 6.4697394371032715, -1.5509061813354492, -2.344546318054199, -1.8396919965744019]",tensor(0.9988)
disgust_8971befcdc736a28a2fb652af2a35a84,20-29,Female,East Asian,disgust,1,4,"[-0.9151886701583862, -1.3067837953567505, -4.076441287994385, -1.4375444650650024, 4.949835300445557, 0.39479780197143555, -3.1120762825012207]",tensor(0.9829)
surprise_68826e00c252d0e07655190d17e50e81,20-29,Female,Middle Eastern,surprise,6,5,"[-1.9025044441223145, -4.622270107269287, -0.8902531862258911, -3.044672966003418, 3.2842516899108887, 5.12948751449585, -2.10324764251709]",tensor(0.8603)
sad_cf5b854ebdde92f17140b19a3f001d56,00-02,Male,White,sad,5,5,"[-2.8261382579803467, -0.5884396433830261, 1.9296789169311523, -1.478641390800476, -2.7911736965179443, 4.291012763977051, -3.8097009658813477]",tensor(0.9034)
fear_1e0f92da17f23b63ae24005c74e2d378,30-39,Female,White,fear,2,6,"[-0.4024706482887268, -1.6821966171264648, 1.4141979217529297, 1.7891002893447876, -5.496481418609619, -4.66150426864624, 4.0895867347717285]",tensor(0.8449)
sad_b6b55d7194172156828fa799624c8719,03-09,Male,Black,sad,5,5,"[-1.0163795948028564, 2.405866861343384, -0.815674901008606, -0.8547115325927734, -3.4379866123199463, 3.592705249786377, -4.016414165496826]",tensor(0.7460)
neutral_08f28d938115cb1030133c6271246f7e,20-29,Female,Black,neutral,4,4,"[0.9641014933586121, -4.123661041259766, -3.2033016681671143, -2.856438636779785, 5.7648138999938965, -0.17761722207069397, -0.892859160900116]",tensor(0.9877)
fear_40d689fe4507c056a18b15baf1541475,00-02,Male,White,fear,2,2,"[-2.926579713821411, -1.7734109163284302, 6.3450140953063965, -4.544900894165039, -2.9315927028656006, -0.6424798965454102, 1.5922420024871826]",tensor(0.9900)
sad_25709691362886bd63843f14b7d03c29,20-29,Female,White,sad,5,4,"[-3.2738966941833496, -4.029780387878418, -2.621962547302246, 2.3544795513153076, 3.2663040161132812, 0.5335139036178589, -1.1748294830322266]",tensor(0.6741)
surprise_2cd4939007cc05919443e7f516e65f8e,00-02,Female,White,surprise,6,3,"[-3.3997762203216553, -3.1637051105499268, -2.2684524059295654, 5.30334997177124, -3.9650285243988037, -3.1246256828308105, 4.199252605438232]",tensor(0.7503)
happy_804ff176ea6c757616f573fd4a662027,20-29,Female,White,happy,3,3,"[-2.4991366863250732, -2.869553565979004, -3.247579336166382, 8.07482624053955, -2.280982255935669, -3.4525327682495117, -0.710401177406311]",tensor(0.9998)
fear_a354eb4d8920fa365a15798769804c10,00-02,Female,White,fear,2,5,"[-1.9660109281539917, 0.6568615436553955, -0.04846854507923126, -2.6588945388793945, -0.08743801712989807, 1.4140385389328003, -1.2998651266098022]",tensor(0.4900)
surprise_af3cdd37b09f3104859c30840d3fb624,40-49,Male,Middle Eastern,surprise,6,4,"[1.4937900304794312, -2.2054059505462646, -2.1741139888763428, -3.777120351791382, 4.473394393920898, 0.23213732242584229, -1.5909218788146973]",tensor(0.9343)
happy_214b7f1b316e1bc4e6c9fec04d66a97c,00-02,Female,White,happy,3,3,"[-3.34584641456604, -3.124241828918457, -4.182784080505371, 6.2506842613220215, -0.39483630657196045, -1.0174975395202637, -0.49116015434265137]",tensor(0.9967)
fear_a9272ebb5bf747973c493042bc9d8886,20-29,Male,Black,fear,2,4,"[2.0300400257110596, -2.723663806915283, -2.052949905395508, -3.371565818786621, 3.64131498336792, 0.45860400795936584, -1.2588499784469604]",tensor(0.7971)
surprise_4e19cb2c0aa90cf9e7a478f8e4ffa114,03-09,Female,White,surprise,6,6,"[-5.488358974456787, -3.8376309871673584, -1.837093472480774, 2.383077621459961, -1.4632114171981812, 1.1015074253082275, 3.2139487266540527]",tensor(0.6356)
disgust_ad6018766cc792f703c42c1f013727fb,30-39,Female,White,disgust,1,1,"[1.9767160415649414, 7.263147354125977, -1.6564289331436157, -3.658841848373413, -4.0102739334106445, 1.533340334892273, -3.083625555038452]",tensor(0.9916)
fear_7937807dad7cc764f63ad4c219dd41f0,50-59,Female,White,fear,2,2,"[1.591879963874817, -0.1214970275759697, 3.9269843101501465, -6.554702281951904, -2.81276535987854, 2.0541141033172607, -2.690293550491333]",tensor(0.7871)
surprise_282273e62d4b0792e9b7afd44147ccb4,20-29,Female,White,surprise,6,3,"[-1.6175360679626465, -3.513777732849121, -3.504117012023926, 4.0561089515686035, 3.244138240814209, -3.573071241378784, -1.328249216079712]",tensor(0.6880)
happy_b1cf1d149cb91a29da2660c90fc542e6,03-09,Male,White,happy,3,3,"[-2.3960506916046143, -2.10026478767395, -2.950561046600342, 6.431447505950928, -0.9566159844398499, -2.297898769378662, -1.6657480001449585]",tensor(0.9985)
disgust_03df3a7f901fcb4e41dcda1eae858992,30-39,Female,White,disgust,1,4,"[-2.0338666439056396, -1.7018859386444092, -3.307058811187744, -0.8264948129653931, 5.5892839431762695, -1.883472204208374, -1.5268292427062988]",tensor(0.9957)
fear_2462559800821ce06efb4f2d195bfffb,03-09,Male,White,fear,2,5,"[2.1160171031951904, -4.589043617248535, -0.5865459442138672, -6.013591289520264, 0.8042888045310974, 3.517310857772827, -0.2026790976524353]",tensor(0.7387)
surprise_c0f39cdca3fe727274ebf3d85762397c,20-29,Female,White,surprise,6,4,"[-2.3273041248321533, -4.019957542419434, -2.9206533432006836, -2.172067403793335, 6.9369587898254395, -0.8610663414001465, -0.463673859834671]",tensor(0.9987)
sad_cb61dc77d7ede02ecbde3b5d7de3433a,30-39,Female,White,sad,5,4,"[-2.425529956817627, -5.925670623779297, -3.6709952354431152, 0.31776463985443115, 6.4205002784729, 0.044311776757240295, -2.4801735877990723]",tensor(0.9958)
disgust_cbb24a6f06219b9494d0eb88d8e9028b,40-49,Female,White,disgust,1,3,"[-0.39447376132011414, -0.23104669153690338, -3.1939072608947754, 3.6496429443359375, -2.3080482482910156, 1.0520548820495605, -3.9961252212524414]",tensor(0.8955)
fear_d2b48f69089a8a0c9507f92223cf7aec,00-02,Male,Black,fear,2,6,"[-1.1747241020202637, -1.7062989473342896, 2.4784202575683594, -3.3832621574401855, -0.8356211185455322, -3.489353656768799, 3.279083251953125]",tensor(0.6728)
surprise_7e567b774e4f2dc9b0155bb01a3e76d8,40-49,Male,White,surprise,6,4,"[-1.7217154502868652, -6.354013919830322, -4.039834499359131, -1.7305718660354614, 6.45215368270874, -2.4666190147399902, 3.321341037750244]",tensor(0.9575)
surprise_adb72cab482306ebc70d41a99e1aa3d7,20-29,Female,Latino_Hispanic,surprise,6,2,"[-2.858898162841797, -0.5534179210662842, 6.541464328765869, -5.576989650726318, -2.5047643184661865, 0.9999918937683105, -0.6850246787071228]",tensor(0.9943)
fear_929204b16ee3d58bdf9dfd031346b3f0,20-29,Male,White,fear,2,6,"[-1.4061658382415771, -2.4274864196777344, 4.884894847869873, -3.2589714527130127, -4.4705586433410645, -2.6207046508789062, 5.732049942016602]",tensor(0.6992)
surprise_5175eb1765f7cc8a7717c05644f1cc61,40-49,Male,Black,surprise,6,6,"[-4.128113269805908, -5.121281623840332, -2.628650665283203, -1.0635188817977905, 4.559413433074951, -3.9444823265075684, 5.2957682609558105]",tensor(0.6751)
happy_2982efe823a8e5f99707b0e278d6f70c,03-09,Female,White,happy,3,3,"[-3.7629458904266357, -3.9341681003570557, -3.489520311355591, 4.718438625335693, 2.2119922637939453, -1.9393826723098755, 0.17068667709827423]",tensor(0.9140)
angry_25e80abee236509465b7f72fe464beb1,30-39,Male,Latino_Hispanic,angry,0,3,"[-2.41308856010437, -2.1946113109588623, -3.8090741634368896, 5.688880443572998, 1.3388824462890625, -2.8363852500915527, -2.1570239067077637]",tensor(0.9859)
angry_3e47ba4062fb047baff961b1c3434005,50-59,Male,White,angry,0,1,"[0.06785506010055542, 0.8844476342201233, -0.48083457350730896, -2.888247013092041, 0.625503659248352, -0.6476603746414185, -1.1887575387954712]",tensor(0.3529)
surprise_cc3cbb848f96a093c84701333e526315,20-29,Female,White,surprise,6,2,"[-0.40800225734710693, -0.5967459678649902, 3.8105602264404297, -3.471318483352661, -3.66591739654541, -1.4785674810409546, 1.8489782810211182]",tensor(0.8519)
disgust_84fe64063a1e38a5fb0c03df292c424a,20-29,Female,White,disgust,1,4,"[-1.1669224500656128, -1.5750017166137695, -2.8241264820098877, -1.0078030824661255, 2.4490668773651123, -1.5677329301834106, 0.42357906699180603]",tensor(0.8121)
surprise_d0348eaa8c9e3834cd4d65ee71c2a461,30-39,Male,White,surprise,6,6,"[-1.8418301343917847, -2.8746204376220703, 1.9399992227554321, 1.9011682271957397, -3.975114583969116, -3.319451332092285, 2.841651439666748]",tensor(0.5519)
sad_5158d3d161394cdf7ef3c7d6d919a1f1,10-19,Female,White,sad,5,5,"[-1.808372974395752, -4.914325714111328, -1.4469835758209229, 0.5186772346496582, 0.5021708011627197, 4.678628444671631, -3.2806754112243652]",tensor(0.9661)
fear_776f92cee19a95a9565e0cda9b5f0924,10-19,Female,White,fear,2,6,"[-2.800943613052368, -4.030975341796875, 3.3840208053588867, -5.170713901519775, 2.0479543209075928, -2.854308605194092, 3.416665554046631]",tensor(0.4490)
disgust_bec0f1c50d5aa391b8607957e5e06007,50-59,Male,White,disgust,1,3,"[-1.1858229637145996, -1.86227285861969, -4.830689430236816, 5.605538845062256, 2.0264811515808105, -2.231632709503174, -4.345963954925537]",tensor(0.9708)
disgust_3041eaee92cebfcde4b008cc84f6d12f,30-39,Female,White,disgust,1,5,"[-0.6290115714073181, -2.853965997695923, -2.614631175994873, -2.1007823944091797, 1.054621934890747, 5.520247936248779, -3.0416245460510254]",tensor(0.9854)
fear_8e5f5f32727be285d8e4b1e75ae5cfa0,40-49,Male,Black,fear,2,0,"[5.095520496368408, -2.311239719390869, 2.790170669555664, -6.220385551452637, -3.327988862991333, -3.099569797515869, 0.5264520049095154]",tensor(0.8999)
fear_1f6d022810fa430c862749040b16f778,40-49,Male,White,fear,2,6,"[-1.1639890670776367, -4.251608371734619, 0.5507218837738037, -4.291585922241211, -0.7286356687545776, -5.132709503173828, 8.497880935668945]",tensor(0.9995)
fear_8295c6193c9dffd29c840d9e77e0c24b,00-02,Male,White,fear,2,2,"[-2.8266232013702393, -6.527431488037109, 4.195861339569092, -6.454023838043213, 2.9374263286590576, -0.7094330787658691, 2.3059287071228027]",tensor(0.6927)
happy_3f2a6352ddb6189c12b5ac438faa6c91,20-29,Female,White,happy,3,3,"[-2.8856611251831055, -2.5276286602020264, -3.038668155670166, 6.297961711883545, -0.3915320038795471, -2.5475754737854004, -1.1400161981582642]",tensor(0.9977)
angry_8d3749c96a1d4c07c34d5614cc6f2fa0,40-49,Male,Latino_Hispanic,angry,0,4,"[-0.9871678948402405, -5.2337446212768555, -4.549537658691406, 0.5484705567359924, 8.62602424621582, -2.4478719234466553, -3.592979907989502]",tensor(0.9996)
angry_875370c88b38c61b0826bd2048136f05,20-29,Female,White,angry,0,3,"[-2.2696681022644043, -2.340392827987671, -3.3496243953704834, 4.696122646331787, -0.9879873991012573, -3.468763828277588, 1.8531582355499268]",tensor(0.9398)
fear_a2aaf6191f2e9c588e9c349bdb5620d3,30-39,Female,Southeast Asian,fear,2,2,"[-3.6518661975860596, -2.993446111679077, 4.077555179595947, -3.733093500137329, -3.3177998065948486, 2.894907236099243, 1.569354772567749]",tensor(0.7193)
angry_3cc8445b53f98eaa26774a09e7e11ca6,03-09,Male,White,angry,0,3,"[-2.125290632247925, -1.5279709100723267, -3.0147290229797363, 6.810304641723633, -2.6310694217681885, -2.080235004425049, -0.5744576454162598]",tensor(0.9987)
angry_5a6cb230aa73bc756c25eea0d9222696,20-29,Female,East Asian,angry,0,4,"[-4.3827714920043945, -5.287694931030273, -4.212235927581787, -0.3117489218711853, 6.4629740715026855, -2.693179130554199, 2.756377935409546]",tensor(0.9748)
happy_2a63187e9ecffbad05b4a0ed01228540,03-09,Male,Southeast Asian,happy,3,3,"[-2.3376669883728027, -1.4872547388076782, -1.8570823669433594, 5.486049652099609, -2.683462381362915, -2.0609569549560547, 0.19111372530460358]",tensor(0.9922)
angry_f9a7c26edabe352334a5898e24c8510f,30-39,Male,White,angry,0,0,"[7.69449520111084, -2.9481890201568604, -5.0525336265563965, -1.5751410722732544, 2.1197187900543213, -0.6046700477600098, -5.143601894378662]",tensor(0.9959)
sad_776b177ef5309e1c0064842cc5fc91a8,30-39,Female,White,sad,5,4,"[-3.2272653579711914, -3.870605230331421, -3.377769947052002, -0.871058464050293, 5.340203762054443, 1.2708382606506348, -0.5247488021850586]",tensor(0.9781)
sad_47b74cdedde833036ef2b0e4d8c5fb10,30-39,Male,White,sad,5,5,"[-1.5744402408599854, -2.820669174194336, -2.4724178314208984, 0.8617520332336426, 1.262657642364502, 3.0710113048553467, -3.3004584312438965]",tensor(0.7742)
happy_b5c3d574cf6489e2879f3b2501e81c81,03-09,Male,White,happy,3,3,"[-3.7054483890533447, -3.5317134857177734, -3.1568708419799805, 5.7385735511779785, 1.1253817081451416, -2.3026371002197266, -1.050871729850769]",tensor(0.9885)
neutral_84763ed188aa8c1584b9f6bdeb56dec3,00-02,Male,White,neutral,4,4,"[-3.711284637451172, -4.11256742477417, 1.185352087020874, -3.356110095977783, 3.4823355674743652, -2.4120755195617676, 2.460783004760742]",tensor(0.6823)
sad_7e61901e5617208e8c2e5f182f43739f,20-29,Male,Middle Eastern,sad,5,6,"[1.1296868324279785, -3.755415678024292, 1.214526891708374, -4.647169589996338, -1.8839681148529053, -2.653848171234131, 3.5287587642669678]",tensor(0.8353)
angry_c3f5e44be24cd4d8f0838189541e95d7,60-69,Male,White,angry,0,5,"[0.5894727110862732, -1.3290259838104248, -1.2296197414398193, -5.9975972175598145, -0.2456592321395874, 8.42602252960205, -3.7797601222991943]",tensor(0.9993)
fear_da8fbb75bd0805b8ee573940fe88da2a,30-39,Female,White,fear,2,4,"[0.40366309881210327, -1.0203336477279663, -3.4930782318115234, -1.453856110572815, 1.5427091121673584, 0.9103785753250122, -2.12717342376709]",tensor(0.4974)
happy_77f28e99ccdb7fd200578155360bd110,40-49,Male,White,happy,3,3,"[-0.9177331328392029, -2.323028564453125, -3.8843626976013184, 3.2000246047973633, 1.5716006755828857, -2.0871424674987793, -2.0939786434173584]",tensor(0.8147)
sad_990c436270000f0d07b5d9142a5945b3,30-39,Male,White,sad,5,0,"[4.597732067108154, -3.027663469314575, -1.9993646144866943, -4.313991069793701, 2.010394334793091, 1.117937684059143, -2.9584081172943115]",tensor(0.9021)
neutral_9153ea39e6a21975b7a2c3de899f3c86,10-19,Male,White,neutral,4,4,"[-1.5158401727676392, -3.7601983547210693, -4.453054428100586, 1.3564412593841553, 5.1567864418029785, -0.12218385934829712, -1.7745925188064575]",tensor(0.9710)
angry_5201b22bac3b8d1ebf1d16825b2faade,20-29,Female,White,angry,0,4,"[1.4742307662963867, 0.06698447465896606, -4.0319085121154785, -0.005223018117249012, 3.3589048385620117, -4.1258015632629395, -1.6474318504333496]",tensor(0.8120)
angry_df8e6e3a7978bb5f350920e3112eea96,50-59,Male,White,angry,0,0,"[5.692244052886963, 1.9336109161376953, 0.2598271071910858, -5.573541164398193, -1.407394528388977, -1.0715960264205933, -2.9335434436798096]",tensor(0.9710)
fear_992b670bfd01802135d28535d3cd43a2,30-39,Female,White,fear,2,2,"[-4.54341459274292, -3.4654152393341064, 5.884035110473633, -3.3879857063293457, -1.275808572769165, 0.043844856321811676, 1.81355619430542]",tensor(0.9795)
happy_1bdd5ea4125181477a2206ca4760039b,20-29,Female,White,happy,3,3,"[-3.1742308139801025, -3.298386812210083, -3.9369728565216064, 9.02963638305664, -1.382096290588379, -2.743823766708374, -2.1309826374053955]",tensor(0.9999)
disgust_1bde25420a61af9216985eefb5996a4d,20-29,Female,Black,disgust,1,5,"[-0.7488765120506287, -1.5954737663269043, -1.1170510053634644, -5.203207492828369, 0.949535608291626, 6.05827522277832, -3.084321975708008]",tensor(0.9916)
angry_859bcb901f8ef52ac2aa79182ba0896b,40-49,Male,White,angry,0,0,"[4.210771083831787, -5.530109405517578, 2.0575668811798096, -5.64426851272583, -3.443132162094116, 0.533480167388916, 2.6518492698669434]",tensor(0.7395)
neutral_d954065bba8cd21776feb9b1abfcf708,00-02,Female,White,neutral,4,3,"[-2.55476450920105, -1.690735936164856, -3.1235785484313965, 3.880763292312622, -1.5127569437026978, -5.184237957000732, 3.8678016662597656]",tensor(0.5005)
neutral_6db7fd242d80a59479552b5e895627ea,20-29,Female,White,neutral,4,3,"[-3.47175931930542, -3.624889373779297, -3.625607967376709, 4.915465831756592, 1.4454710483551025, 0.5009733438491821, -2.4990172386169434]",tensor(0.9575)
happy_c1c51fd2f22c6104247b6446bdd47995,00-02,Male,White,happy,3,3,"[-3.612292528152466, -2.5541388988494873, -2.4023587703704834, 7.698631286621094, -2.733482599258423, -4.829518795013428, 1.063930869102478]",tensor(0.9986)
angry_3464d4b110df0645341c9280cf4c6614,30-39,Female,White,angry,0,4,"[-1.8639594316482544, -4.11154842376709, -4.131481647491455, -1.8739746809005737, 7.712769985198975, 2.196382999420166, -4.582106113433838]",tensor(0.9958)
neutral_ac8abbbe7ffa857107c60eabb0105f16,30-39,Male,Indian,neutral,4,4,"[-3.9084627628326416, -5.540079116821289, -5.05016565322876, 2.4002275466918945, 8.838071823120117, -0.971556544303894, -4.172813892364502]",tensor(0.9983)
disgust_7c3eb74939feebfc26bed976a1ac0874,70+,Female,White,disgust,1,4,"[-1.10982084274292, -2.759810209274292, -3.8400869369506836, 0.5579665899276733, 4.043512344360352, 0.7853622436523438, -3.365591526031494]",tensor(0.9285)
happy_d12531b7cd4a5a1759789a3972b05a75,00-02,Female,White,happy,3,3,"[-1.8193670511245728, -1.5040538311004639, -2.053663730621338, 6.148655891418457, -2.170844793319702, -1.8190383911132812, -2.20633602142334]",tensor(0.9981)
surprise_6a35c88f3b67aa1c8bc54ba8745c82af,00-02,Female,White,surprise,6,4,"[-4.0929856300354, -4.096044063568115, -3.5499837398529053, 3.6681361198425293, 4.70806360244751, -3.5993597507476807, 0.8068799376487732]",tensor(0.7275)
surprise_613938a144b94f2798051d1588b27c7a,20-29,Female,Black,surprise,6,4,"[-3.2788236141204834, -3.8441498279571533, -1.7612394094467163, -0.6302640438079834, 3.722214937210083, -0.9225213527679443, 2.018095016479492]",tensor(0.8264)
surprise_060f75a1f0547bf70f2e7c1df88284d1,40-49,Male,Latino_Hispanic,surprise,6,5,"[0.21020404994487762, -1.694892406463623, -0.8866773843765259, -5.867905139923096, 1.38731050491333, 2.6476588249206543, -0.46119406819343567]",tensor(0.6859)
happy_cbe4b13031c147b0a4d6a1d3ea70353a,20-29,Female,Southeast Asian,happy,3,3,"[-4.357462406158447, -3.198298692703247, -5.0448079109191895, 8.8350248336792, 1.3033198118209839, -5.877707004547119, -0.3704929053783417]",tensor(0.9994)
disgust_054803ce5476939cdb4c1da3c7ae8189,30-39,Male,Indian,disgust,1,4,"[0.8005520701408386, -3.4743518829345703, -4.754913330078125, 0.6489301919937134, 5.786414623260498, -2.9994001388549805, -1.6467454433441162]",tensor(0.9866)
fear_00380110b53335054ec9453ad50bb498,20-29,Female,White,fear,2,2,"[3.10945200920105, -0.48823416233062744, 3.1400699615478516, -2.8830535411834717, -5.448996067047119, -1.1745014190673828, -1.5866804122924805]",tensor(0.4947)
fear_25f652ea7a34b784a874cd30b757dd06,50-59,Male,Southeast Asian,fear,2,6,"[-1.9819691181182861, -2.7533023357391357, 1.7428617477416992, -1.7817655801773071, -2.3118081092834473, -3.200418472290039, 5.612441062927246]",tensor(0.9778)
sad_d1e49ce4b849550d617b873c6e4e8708,00-02,Male,Black,sad,5,5,"[1.7375297546386719, -1.601862907409668, -0.7019389271736145, -4.324195384979248, 1.2688965797424316, 3.107628107070923, -2.471686840057373]",tensor(0.6903)
disgust_cd1304fed228662f614aee315881a507,00-02,Female,White,disgust,1,0,"[2.294665575027466, 1.0965770483016968, -5.0446271896362305, -1.2376614809036255, -0.25803881883621216, 1.382991075515747, -3.43505597114563]",tensor(0.5511)
happy_7dfe4666e5b22e19e1903dde5d87d45b,20-29,Female,White,happy,3,3,"[-2.624784469604492, -2.5117714405059814, -2.9931395053863525, 7.559078693389893, -2.0240814685821533, -2.872239351272583, -1.3643231391906738]",tensor(0.9997)
disgust_26c9c69cb52e6de7fa22c6541467c389,30-39,Female,White,disgust,1,1,"[-0.18983648717403412, 2.295610189437866, -4.49464225769043, 2.039362907409668, 0.20705923438072205, -0.747036337852478, -4.245962619781494]",tensor(0.4923)
neutral_f84b9caa75f524032d39bd08eea8aba1,20-29,Male,White,neutral,4,4,"[-3.114286184310913, -4.222537517547607, -1.3566806316375732, -3.406562328338623, 4.737367630004883, 1.437808632850647, 1.2425214052200317]",tensor(0.9343)
fear_9210a179a26f1c4bb23ccc4f6da47c06,30-39,Female,White,fear,2,2,"[-2.93595814704895, -2.5964696407318115, 4.767409801483154, -6.081949710845947, -1.8060606718063354, 2.708097457885742, 1.9895176887512207]",tensor(0.8388)
neutral_5a079cad7ff7acd0f2ac16adedb5fd5c,20-29,Female,White,neutral,4,4,"[-2.97956919670105, -3.774477958679199, -4.427630424499512, 2.5108323097229004, 6.21268892288208, -3.418452024459839, -1.371166706085205]",tensor(0.9752)
disgust_ba09a3f1bd1096e97dbef424e2f5586e,20-29,Female,White,disgust,1,5,"[-0.35760706663131714, -2.058525800704956, -1.4249567985534668, -4.533732891082764, 1.967339038848877, 5.161218166351318, -3.47497820854187]",tensor(0.9548)
surprise_0d01aa0757f01435c086157b92ac5c1a,30-39,Male,White,surprise,6,4,"[0.4166277348995209, -6.36643123626709, -2.0025177001953125, -5.900225639343262, 7.9388909339904785, -0.0823739543557167, -1.0006674528121948]",tensor(0.9990)
surprise_5c1df009c576fe28f2fef8a175a1338c,30-39,Male,White,surprise,6,6,"[-0.1309221237897873, -3.7624871730804443, -1.5626819133758545, -2.538092613220215, -0.9142696857452393, -5.403998374938965, 8.611261367797852]",tensor(0.9997)
sad_135f646721c0fdcc503bd1812c95458e,00-02,Female,White,sad,5,4,"[0.8565577864646912, -3.7909810543060303, -3.601377487182617, -2.969921588897705, 4.812321186065674, 2.787348747253418, -3.0385069847106934]",tensor(0.8678)
sad_0d674dad9ff11d90ba4e33a9d2149092,20-29,Male,White,sad,5,5,"[-1.5771327018737793, -2.3955459594726562, -3.12752103805542, -2.602112293243408, 3.7719597816467285, 3.8257341384887695, -3.7649636268615723]",tensor(0.5109)
fear_15fc1b7680c45bec75644daf345097b6,30-39,Male,Black,fear,2,1,"[1.702349305152893, 3.390564203262329, -2.2180988788604736, -3.302445411682129, 0.5955716967582703, 0.13566364347934723, -4.2601399421691895]",tensor(0.7752)
fear_28a50686daa69010be42b2e9b3088b89,00-02,Male,White,fear,2,6,"[-2.6186106204986572, -2.9569246768951416, 2.9882655143737793, -3.1579031944274902, -1.808812141418457, -1.1310606002807617, 4.086198329925537]",tensor(0.7437)
neutral_b0fdf62b7ee3713a775c250d52537557,10-19,Female,White,neutral,4,4,"[-1.589559555053711, -4.435544967651367, -1.3638627529144287, -2.7941012382507324, 5.231939315795898, 2.353623151779175, -1.9151105880737305]",tensor(0.9435)
disgust_73d3cc945c2976c0e99529f03df0986b,30-39,Male,Middle Eastern,disgust,1,4,"[2.1463611125946045, -4.571089744567871, -6.558554172515869, 0.3326052129268646, 7.855164051055908, -4.236484050750732, -2.939396381378174]",tensor(0.9961)
sad_3b3db92bfdfddd613954828476c3ad5c,00-02,Male,White,sad,5,5,"[-0.5127475261688232, -0.6416497826576233, 0.3241478502750397, -2.782454252243042, -4.521564960479736, 8.802348136901855, -3.27405047416687]",tensor(0.9996)
disgust_23e1a4af690d49d9e96974eed4a21fa7,20-29,Female,White,disgust,1,4,"[0.1155509501695633, -2.185542106628418, -4.632216930389404, 0.9771930575370789, 3.2784230709075928, -0.7726101875305176, -3.2910120487213135]",tensor(0.8577)
happy_a15c3b9475ae6e7022c37b78bfca4fbb,20-29,Female,White,happy,3,3,"[-2.218135118484497, -1.8348002433776855, -2.567939043045044, 6.479102611541748, -2.534520387649536, -2.5087289810180664, -0.7671250700950623]",tensor(0.9985)
surprise_8293371e1a1bd8a2573ab17a422f5e43,40-49,Male,Middle Eastern,surprise,6,6,"[-3.306668758392334, -4.449876308441162, -2.4606916904449463, 1.6762701272964478, 0.37495219707489014, -3.5849690437316895, 5.371847629547119]",tensor(0.9687)
sad_6aff9677db9e424e40bb316f1aa93aa6,20-29,Female,Indian,sad,5,3,"[-2.2531983852386475, -2.209155321121216, -2.873016357421875, 3.288243532180786, 0.6518504619598389, -0.7154461145401001, -1.4483146667480469]",tensor(0.9019)
happy_e81ae43b7df7d6ba2ef2a22ba2f440dc,20-29,Male,Black,happy,3,3,"[-2.8750052452087402, -2.231778383255005, -1.7870800495147705, 4.286658763885498, -1.3339275121688843, -3.0733656883239746, 1.505201816558838]",tensor(0.9339)
angry_5ef66bf1896822012dc54f5bca8b0f52,30-39,Female,Latino_Hispanic,angry,0,4,"[-2.625812292098999, -2.5642528533935547, -4.933755874633789, 2.3183655738830566, 5.416650772094727, -1.8102813959121704, -2.2714576721191406]",tensor(0.9551)
disgust_b56767aa372abed7e59feaf5f1391140,00-02,Male,Latino_Hispanic,disgust,1,5,"[-0.5747137665748596, -0.5725699067115784, -2.58463716506958, -5.600789546966553, 2.1136600971221924, 5.090451717376709, -3.154453754425049]",tensor(0.9446)
angry_c1534a1bf379a188c75789951fd452e6,20-29,Female,White,angry,0,4,"[-2.9278717041015625, -3.481903314590454, -4.145788669586182, 2.501267910003662, 4.88911247253418, -4.106170177459717, 0.3269920349121094]",tensor(0.9065)
angry_bab94c338c0a7a2cb4cc163c959891ec,30-39,Male,White,angry,0,0,"[5.425256252288818, 4.235246658325195, -3.396055221557617, -4.38513708114624, -1.0608047246932983, -1.1485236883163452, -4.092044353485107]",tensor(0.7649)
disgust_438a1addcbe888a417550cc7424c50ca,30-39,Male,White,disgust,1,4,"[-0.897200882434845, -2.956481695175171, -4.225552558898926, 0.3424496054649353, 6.705955505371094, -2.7217824459075928, -1.7017096281051636]",tensor(0.9974)
fear_7be45075ee78b461436cdc6b3e0b3169,40-49,Male,White,fear,2,2,"[-0.9535250067710876, -0.6154070496559143, 4.058811664581299, -3.1134519577026367, -3.072187662124634, -2.2326979637145996, 3.4980320930480957]",tensor(0.6289)
surprise_20a9c58f1646a87389201811c8e35b86,00-02,Male,Black,surprise,6,6,"[-2.335885763168335, -1.5229789018630981, 1.8077878952026367, -3.2613940238952637, -0.374159038066864, -1.4393222332000732, 2.6765506267547607]",tensor(0.6634)
sad_45ae65d6ba72a9e755ac53d70af41f52,50-59,Male,Middle Eastern,sad,5,5,"[0.6912567615509033, -4.207091331481934, -3.792135000228882, -1.5748687982559204, 3.2427775859832764, 4.4731879234313965, -3.5728588104248047]",tensor(0.7587)
neutral_c56aff247902d7d0fc429eec7bf44ab4,10-19,Male,White,neutral,4,3,"[-3.6157524585723877, -1.7954787015914917, -3.641972064971924, 6.759266376495361, -1.0739881992340088, -4.109041690826416, 1.0150859355926514]",tensor(0.9961)
fear_6f387ca5800a93f4498e65656ac4050d,20-29,Female,White,fear,2,5,"[-3.6602303981781006, -2.531878709793091, 1.431705355644226, 1.444672703742981, -3.0632331371307373, 1.5033382177352905, 0.42184969782829285]",tensor(0.3080)
fear_ddd487ff0d50af777c05a4e6b57180e7,50-59,Male,White,fear,2,4,"[-1.8223557472229004, -2.132385015487671, -0.8149254322052002, -4.685017108917236, 2.74131441116333, 1.5483022928237915, 1.487356185913086]",tensor(0.6113)
surprise_65e51bf33fed665d9878d7c12b72396d,10-19,Male,White,surprise,6,4,"[-3.456679582595825, -4.490548133850098, -3.471769332885742, 2.8725807666778564, 4.992236137390137, -3.537606954574585, 1.4747512340545654]",tensor(0.8692)
disgust_87dd20781cacc74ade1fe2657e978d45,20-29,Male,White,disgust,1,5,"[1.17177414894104, 0.9506779313087463, 0.5098748207092285, -6.303078651428223, -1.483325481414795, 3.468827724456787, -1.8713819980621338]",tensor(0.8032)
surprise_9579a59c639488618abe2d4f782e3f8d,30-39,Male,White,surprise,6,6,"[-1.956599473953247, -2.0629007816314697, 2.333561897277832, -2.407726764678955, -1.2909400463104248, -4.004996299743652, 5.640383243560791]",tensor(0.9625)
happy_a594929147ee788483fc997811c9d625,30-39,Female,White,happy,3,3,"[-1.847051978111267, -1.8662053346633911, -2.702511787414551, 6.279909610748291, -1.6831305027008057, -2.2400925159454346, -1.280411958694458]",tensor(0.9982)
surprise_3705aa3b3e3b948f4f028f1f7a3fa63e,20-29,Female,White,surprise,6,6,"[-3.324213981628418, -1.3414438962936401, -2.784301280975342, 0.08121317625045776, 1.8180564641952515, -4.768425464630127, 5.392928600311279]",tensor(0.9665)
sad_f0b589e9e05b625a9bc797f481454e4b,00-02,Male,White,sad,5,6,"[-4.938140392303467, -6.266350746154785, -1.2314199209213257, -2.0282082557678223, 3.8036980628967285, -2.0649662017822266, 4.898013591766357]",tensor(0.7469)
disgust_00a73a183a1fe1311efd25ee000815c8,50-59,Male,White,disgust,1,0,"[5.482210636138916, 2.0968000888824463, -3.6022496223449707, -5.703043460845947, -0.10213442146778107, 3.0689175128936768, -4.825918674468994]",tensor(0.8871)
happy_065f02f0f1f05cfffc3c739b4bae4c6c,20-29,Female,White,happy,3,3,"[-2.9072554111480713, -3.095029830932617, -2.158372163772583, 4.006944179534912, -1.1073143482208252, 1.7786246538162231, -2.180711269378662]",tensor(0.8931)
angry_a0f44d57e275b8045d20befd2acaffd5,40-49,Male,White,angry,0,6,"[-4.263744831085205, -4.255141735076904, -0.5126660466194153, -2.2042922973632812, 2.3963234424591064, 0.9260692596435547, 3.333219051361084]",tensor(0.6630)
neutral_f58a24d2082a18474bfbda753375c8b8,20-29,Female,White,neutral,4,4,"[0.5112714767456055, -3.200509786605835, -2.2187461853027344, -2.790963649749756, 4.522718906402588, 1.773736596107483, -2.408327102661133]",tensor(0.9213)
fear_2e4c2351258dc321217b932ed4e2d8dc,20-29,Female,White,fear,2,4,"[-3.677379608154297, -3.340500593185425, -3.2759337425231934, -2.525827169418335, 5.995396137237549, -2.986217498779297, 3.263432502746582]",tensor(0.9384)
disgust_90ee162b0a623c9f82d52b394cf05245,40-49,Male,Middle Eastern,disgust,1,1,"[2.402235984802246, 5.763678073883057, -3.7753055095672607, -3.726712703704834, -3.826791763305664, 5.071630954742432, -4.876271724700928]",tensor(0.6513)
neutral_eafcbe43d1756e195594f74017702ee6,20-29,Male,Black,neutral,4,4,"[-1.1404516696929932, -2.365262031555176, -3.1361424922943115, 0.918394923210144, 3.817531108856201, -0.23226571083068848, -2.416489839553833]",tensor(0.9221)
happy_79dbb4a53913340ef49f3cb977e30e87,20-29,Female,Latino_Hispanic,happy,3,3,"[-1.4642951488494873, -1.9367122650146484, -3.0791995525360107, 6.252269268035889, -1.2698040008544922, -3.185915470123291, -1.3920491933822632]",tensor(0.9981)
angry_8d3a8cce971883e4a056a328b93c1819,60-69,Male,White,angry,0,3,"[-0.1814945787191391, -0.9335182905197144, -4.833773612976074, 4.642506122589111, 1.7036951780319214, -3.281157970428467, -4.3381171226501465]",tensor(0.9387)
fear_1667fe47c175e988e2ed289f0c8aa903,00-02,Male,White,fear,2,6,"[-2.7776737213134766, -2.8822693824768066, 0.7451026439666748, -0.45670294761657715, -3.074528455734253, -3.1998324394226074, 5.33890962600708]",tensor(0.9861)
fear_5f070a0de57045d200a36eb45866d6f9,30-39,Male,White,fear,2,6,"[-0.7083809971809387, -2.9205703735351562, 3.7893848419189453, -5.450819492340088, -2.5933494567871094, -0.3245584964752197, 5.023166656494141]",tensor(0.7692)
surprise_1c50bc60ce79468bdf66262aab5aac75,20-29,Female,White,surprise,6,4,"[-4.618030548095703, -3.1775641441345215, -0.9518973231315613, -2.1260130405426025, 6.953824996948242, -2.940603256225586, -0.7946643233299255]",tensor(0.9990)
surprise_2e111fd39013ed7442cf20a0b960fb09,30-39,Male,White,surprise,6,2,"[-1.04165780544281, -2.1872332096099854, 4.063982009887695, -0.8484525680541992, -4.750824451446533, -1.8093760013580322, 2.6532845497131348]",tensor(0.7922)
sad_55bec6618ea757aadc0e6c838f27597b,20-29,Male,White,sad,5,4,"[1.0276038646697998, -4.373322486877441, -6.161254405975342, -0.7386305928230286, 8.352439880371094, -1.3339554071426392, -3.159719705581665]",tensor(0.9992)
sad_442973a38df9baf01df6d5841867408e,40-49,Male,Latino_Hispanic,sad,5,0,"[1.8953275680541992, 0.32196325063705444, -3.823681592941284, 0.10777584463357925, 0.9391276836395264, -0.9925789833068848, -2.8425710201263428]",tensor(0.5474)
angry_a9912c8d24ff375dfa9e9a63d422a3b4,20-29,Female,White,angry,0,4,"[-1.699607253074646, -2.9197332859039307, -4.017884731292725, 1.277251124382019, 5.522860050201416, -2.7937042713165283, -2.7371468544006348]",tensor(0.9844)
disgust_1bf5859e774544ea130a7044b6de8de2,03-09,Female,White,disgust,1,3,"[-2.940261125564575, -1.9860893487930298, -3.0889854431152344, 5.995888710021973, -1.8140298128128052, 0.059553954750299454, -1.866645097732544]",tensor(0.9960)
sad_5b8fbacd2a3a13e9c799d68f2564e771,30-39,Female,Black,sad,5,5,"[-5.0486979484558105, -5.91758918762207, -0.01403192337602377, -5.764899730682373, 2.4053337574005127, 10.824655532836914, -2.294273853302002]",tensor(0.9998)
neutral_d7e17059b358394262595c827bb4ac0b,50-59,Male,White,neutral,4,4,"[1.4978655576705933, -4.5256781578063965, -5.547638416290283, -0.2170632779598236, 8.037790298461914, -2.1319656372070312, -3.7984533309936523]",tensor(0.9982)
surprise_4de974527241b4704fabc073f958a6bb,40-49,Male,White,surprise,6,6,"[-1.2309436798095703, 0.7132983803749084, -0.32648733258247375, 0.6200309991836548, -1.681627631187439, -3.943787097930908, 1.9737215042114258]",tensor(0.5844)
happy_645925e9ab058379767622e38977964f,20-29,Male,Black,happy,3,3,"[-1.6634283065795898, -1.565944790840149, -2.2617130279541016, 5.554105281829834, -2.0639498233795166, -1.8677650690078735, -1.262077808380127]",tensor(0.9959)
happy_144461a61aaca84a0f40ccaf3244a95e,20-29,Female,Latino_Hispanic,happy,3,4,"[-3.845642566680908, -4.211788177490234, -5.2932281494140625, 4.871359348297119, 6.403074741363525, -4.162295341491699, -1.57456636428833]",tensor(0.8220)
angry_aabd9df5ef0758c2dab6144813dfc402,70+,Female,White,angry,0,0,"[9.208944320678711, 4.538497447967529, -2.659817934036255, -3.3052725791931152, -3.8471343517303467, -2.5262844562530518, -4.729776859283447]",tensor(0.9907)
neutral_171940c6b9471e98deff9a9f2d649b69,30-39,Female,East Asian,neutral,4,4,"[-1.9125257730484009, -3.6872000694274902, -4.244018077850342, -0.554960310459137, 4.865156650543213, 4.032275676727295, -3.851787805557251]",tensor(0.6940)
surprise_d7af5967d21791d25f83f2f9a0a4b902,20-29,Male,Black,surprise,6,4,"[0.2424306422472, -2.5734426975250244, -2.551115036010742, -3.697374105453491, 4.287119388580322, -0.0006915926933288574, -0.6575833559036255]",tensor(0.9608)
happy_f8ca5bb55dc99edc1461532d83cf74b6,20-29,Female,White,happy,3,3,"[-1.5251600742340088, -1.789103388786316, -2.9582302570343018, 6.4463348388671875, -2.0264999866485596, -1.647324562072754, -2.079721450805664]",tensor(0.9986)
surprise_30733e49b9089963cc0ded17e953e8dc,20-29,Male,White,surprise,6,3,"[-6.121306419372559, -5.61744499206543, -4.3157525062561035, 6.7032599449157715, 2.0136046409606934, -4.301427364349365, 2.2938809394836426]",tensor(0.9791)
disgust_2ef12e372509c6ecef2791e57f2a97b5,50-59,Male,White,disgust,1,4,"[1.0630810260772705, 1.399957299232483, -4.132380485534668, -2.5804264545440674, 2.2075281143188477, 1.4972296953201294, -4.052070140838623]",tensor(0.4409)
happy_e183c815f82713222b006559ee03551c,20-29,Female,White,happy,3,3,"[-1.8663748502731323, -1.8084791898727417, -2.763981819152832, 6.17259407043457, -1.5817815065383911, -2.511812210083008, -1.1919126510620117]",tensor(0.9980)
disgust_bb9c34efa14278e342253368ab585830,40-49,Male,White,disgust,1,5,"[-1.6379430294036865, -3.2999207973480225, -2.235139846801758, -1.9567607641220093, 3.3033335208892822, 3.541299343109131, -0.7469991445541382]",tensor(0.5507)
surprise_8708776d97c52a71a59cb2874f91675a,50-59,Male,White,surprise,6,6,"[-0.09473659098148346, -4.639584064483643, 2.5432486534118652, -9.32024097442627, -0.1553611010313034, 0.8623561859130859, 3.487574338912964]",tensor(0.6598)
angry_c7a1e66512c7afa7428936d31715d3db,20-29,Female,Middle Eastern,angry,0,0,"[3.6395480632781982, -2.593886375427246, -4.749014854431152, -2.017021656036377, 1.8358979225158691, -1.8266605138778687, 0.29256772994995117]",tensor(0.8266)
sad_e0688afae2e7e6f11e0b4af71721fc97,00-02,Male,White,sad,5,5,"[-3.6653029918670654, -2.314110040664673, 0.12567220628261566, -1.9020276069641113, -1.8989808559417725, 7.9843220710754395, -2.356792449951172]",tensor(0.9994)
fear_3811384912edc84813102ba2fb193a80,30-39,Male,White,fear,2,4,"[-0.7666298747062683, -5.206849098205566, -1.923875093460083, -5.104769229888916, 6.145986080169678, 3.639461040496826, -2.0730910301208496]",tensor(0.9232)
disgust_76402e2ca15a52d1479c0a7dd4fb756d,03-09,Male,White,disgust,1,5,"[-0.8954234719276428, 2.0925161838531494, -1.6454663276672363, -3.5359079837799072, -3.8419690132141113, 7.289544582366943, -3.673860549926758]",tensor(0.9940)
disgust_fed46e478ba33ab7bef3839729e9c36e,20-29,Female,White,disgust,1,1,"[-0.8098116517066956, 1.0799931287765503, -1.4953975677490234, 0.41629528999328613, -1.6849908828735352, -1.7677617073059082, -1.6267772912979126]",tensor(0.5182)
fear_b11e0840ef0cac2641f17aa9111949ad,00-02,Male,White,fear,2,2,"[-2.9151575565338135, -2.0236151218414307, 5.9043450355529785, -4.411978244781494, -2.0455029010772705, -1.0365420579910278, 1.6962206363677979]",tensor(0.9835)
neutral_b7e9ced9388a9f7acbf8ce3d60721ff1,20-29,Female,Latino_Hispanic,neutral,4,3,"[-4.215970039367676, -3.819683074951172, -3.888227939605713, 5.6594719886779785, 3.613142728805542, -3.030730724334717, -1.4494569301605225]",tensor(0.8846)
angry_85808e9a25a7b8ce947fd15df4fcad59,30-39,Female,White,angry,0,0,"[7.673635959625244, 6.176224708557129, -1.132184624671936, -3.1250357627868652, -4.804254055023193, -3.903475761413574, -2.8939833641052246]",tensor(0.8170)
surprise_424426eecd57ca62ba95611f74a24e21,30-39,Male,White,surprise,6,6,"[-3.4846580028533936, -1.585976004600525, 1.6634656190872192, -0.15347808599472046, -4.411715030670166, -2.23555064201355, 5.072915554046631]",tensor(0.9609)
neutral_ef9e1790d19335d2df73b206f9ca1a7c,20-29,Female,Middle Eastern,neutral,4,4,"[-1.0152987241744995, -5.20430326461792, -4.749083042144775, -0.7398493885993958, 6.3100666999816895, 0.07571431994438171, -1.2639981508255005]",tensor(0.9960)
angry_15fb6d37e30fb42b2e056c0fe81bf0da,30-39,Male,White,angry,0,4,"[0.7141937613487244, -4.661000728607178, -4.939562797546387, -0.5784270763397217, 7.462656021118164, -0.5341538190841675, -3.356983184814453]",tensor(0.9981)
happy_428d5898485878ce4a4df5750cce76e8,30-39,Male,Black,happy,3,3,"[-3.318946599960327, -1.4115151166915894, -2.733027219772339, 5.246795177459717, -1.3956769704818726, -1.8383198976516724, -0.1995581090450287]",tensor(0.9918)
happy_887c1bd164412884b6e4aea652ccd44e,20-29,Female,Latino_Hispanic,happy,3,3,"[-2.7258567810058594, -1.8027093410491943, -2.8690342903137207, 7.220703601837158, -2.938772201538086, -1.5693353414535522, -0.5722509622573853]",tensor(0.9992)
neutral_ffeab8e90a4e65f54eb915ce52023394,30-39,Male,White,neutral,4,4,"[-3.277596950531006, -6.341773509979248, -4.671830654144287, 0.7451832294464111, 8.064249038696289, -1.5118986368179321, -1.5452409982681274]",tensor(0.9992)
happy_87c56e999fcbced6b295a01410f9cb3b,10-19,Female,White,happy,3,3,"[-1.9999055862426758, -2.175355911254883, -3.1736693382263184, 7.557768821716309, -2.995560646057129, -2.8984663486480713, -0.9400708079338074]",tensor(0.9996)
neutral_a49f263c1216ae843348895ff07e8b1d,40-49,Male,Latino_Hispanic,neutral,4,3,"[-2.906708002090454, -2.9311277866363525, -2.450369358062744, 2.653082847595215, 1.7711057662963867, 1.3994379043579102, -1.726606845855713]",tensor(0.5795)
sad_4cdd0036c88d1bc29ea5e25e5b5d9af6,00-02,Male,White,sad,5,5,"[-0.874204695224762, 0.857315719127655, -1.2987449169158936, -2.7810721397399902, -2.228132963180542, 7.608683109283447, -4.768737316131592]",tensor(0.9984)
surprise_4378713ece7206174bb8ebddc41d4fe5,50-59,Male,Middle Eastern,surprise,6,1,"[-0.3402949571609497, 2.086965799331665, -2.322859287261963, -0.45123013854026794, -0.8448793888092041, -2.188426971435547, 0.023361260071396828]",tensor(0.7280)
disgust_03b72112b7186a0e17e5ca865a779990,40-49,Male,White,disgust,1,4,"[0.2655526399612427, -0.6353618502616882, -2.563513994216919, -2.818417549133301, 2.1888821125030518, 1.3202391862869263, -1.1391334533691406]",tensor(0.5966)
sad_de282278fbdc8d466a5f8680ce0448f6,20-29,Female,White,sad,5,4,"[-1.3449256420135498, -2.9633774757385254, -2.8269407749176025, 0.31044062972068787, 5.112557888031006, -0.8567389249801636, -2.0669541358947754]",tensor(0.9864)
fear_c53f3ae212a8e8bbbe9694934b54289c,30-39,Female,Middle Eastern,fear,2,4,"[-4.041914463043213, -4.6287760734558105, -2.357322931289673, 0.7861759662628174, 6.698889255523682, -2.4846620559692383, -0.284420907497406]",tensor(0.9961)
neutral_0135bc30296d965f566fa6f2d3af5df7,20-29,Female,White,neutral,4,4,"[2.808448076248169, -0.7331280708312988, -3.709644317626953, 0.5031638741493225, 3.292403221130371, -2.846792459487915, -3.0283586978912354]",tensor(0.5881)
happy_19bbc959d5ffef6022f059153d5726fb,03-09,Female,White,happy,3,3,"[-2.1741890907287598, -1.9266546964645386, -2.9856350421905518, 7.106654644012451, -2.837859630584717, -1.9784400463104248, -1.3299647569656372]",tensor(0.9994)
surprise_da19dbea93d5c6a540554a74f2e41139,03-09,Female,Latino_Hispanic,surprise,6,6,"[-4.328268051147461, -3.670232057571411, -2.330763816833496, 2.562337875366211, 0.9676300287246704, -3.538463830947876, 4.004307746887207]",tensor(0.7767)
disgust_0f1571f8705fbdc6d7388637b10b6e6b,20-29,Male,White,disgust,1,0,"[5.716400146484375, 0.9962558150291443, -3.6764869689941406, -4.541977882385254, 1.5441091060638428, -1.8229997158050537, -1.728287696838379]",tensor(0.9751)
sad_ae8d05f92d3ada12105515e71f43894e,20-29,Male,Middle Eastern,sad,5,4,"[-0.048269014805555344, -5.397697448730469, -4.592288970947266, -2.0101966857910156, 8.910948753356934, -0.4331924617290497, -3.1735036373138428]",tensor(0.9998)
angry_fe5b37feda63990c5bc5c4817f5444ea,40-49,Male,White,angry,0,4,"[2.2576539516448975, -1.5489028692245483, -3.883699655532837, -2.6542906761169434, 3.998141050338745, 2.244814872741699, -4.177693843841553]",tensor(0.7383)
sad_1e12067196bea1ffc7a39cbbb791ebbb,20-29,Male,White,sad,5,5,"[-1.6987171173095703, -2.5575149059295654, -3.724484920501709, 2.5758190155029297, 1.194427251815796, 3.175346612930298, -4.4768147468566895]",tensor(0.5885)
surprise_5539b3010b437680153a9391a6b4c9cc,30-39,Male,Black,surprise,6,4,"[-0.9612464308738708, -4.756906509399414, -2.4673678874969482, -2.225036144256592, 4.836544036865234, -3.7139649391174316, 3.1023144721984863]",tensor(0.8465)
neutral_45bc8af26a15f9798d142f3da0b9df9e,20-29,Female,White,neutral,4,4,"[-2.65967059135437, -5.751699447631836, -2.565056324005127, -2.1073665618896484, 7.0247111320495605, 0.7401139736175537, -0.7087714076042175]",tensor(0.9975)
happy_11c67714576719efbe4a494437512fbd,20-29,Female,White,happy,3,3,"[-2.6617307662963867, -1.7189372777938843, -2.4486708641052246, 5.591416358947754, -1.61277437210083, -1.875807523727417, -1.0573017597198486]",tensor(0.9962)
disgust_db98063efbc2f9c3f32e174ed474bd67,20-29,Male,White,disgust,1,1,"[6.136663913726807, 7.222409248352051, -0.5281041860580444, -5.179528713226318, -5.35582971572876, -1.420167088508606, -5.135946750640869]",tensor(0.7472)
surprise_7f30d43893e09ae0fe8ba38fca4a3e79,00-02,Male,White,surprise,6,6,"[-3.667100191116333, -7.0488739013671875, 1.521585464477539, -4.56112813949585, -1.4445215463638306, -6.767542362213135, 12.54295825958252]",tensor(1.0000)
fear_d22e6569795e068800338fa39e69e10b,20-29,Female,East Asian,fear,2,4,"[-3.6725761890411377, -5.505549430847168, -0.29567158222198486, -4.954801559448242, 5.503432750701904, 4.717350482940674, -1.2449556589126587]",tensor(0.6849)
sad_2ebe171b955405bd318da0d33b24d749,40-49,Male,Middle Eastern,sad,5,3,"[-1.3432551622390747, -1.204676866531372, -3.0785953998565674, 2.2459359169006348, 1.7292777299880981, -2.6232149600982666, -1.1277955770492554]",tensor(0.5873)
fear_0700a9a10744ae9e4e0673da5bf0aa58,20-29,Male,White,fear,2,2,"[-0.03707907721400261, -2.8469491004943848, 6.996523380279541, -1.4373699426651, -6.474645137786865, -1.8058148622512817, 1.1210365295410156]",tensor(0.9959)
happy_f75d59a1893b0e537df6988ec13f03c8,20-29,Female,White,happy,3,3,"[-1.7772181034088135, -1.549552321434021, -2.59602689743042, 5.653549671173096, -1.7065911293029785, -2.0072076320648193, -1.011189341545105]",tensor(0.9960)
surprise_5125a9309994229d513aa79f93b032ee,70+,Male,Southeast Asian,surprise,6,4,"[-3.788465976715088, -5.2726030349731445, -2.9136013984680176, 1.2159724235534668, 3.1611478328704834, 2.526607036590576, -2.500746250152588]",tensor(0.5952)
happy_6088badf8d7882752afd6243944f9264,20-29,Female,Latino_Hispanic,happy,3,3,"[-2.4212496280670166, -2.305980920791626, -2.6307239532470703, 6.960122585296631, -2.5853586196899414, -2.931800365447998, -0.2727348506450653]",tensor(0.9989)
fear_9ef50019239c275650c47389754ad6f3,00-02,Female,White,fear,2,2,"[-4.74168062210083, -4.289647579193115, 6.467507839202881, -5.099430561065674, -3.2230846881866455, -1.6956087350845337, 5.752711772918701]",tensor(0.6713)
fear_646d1a6a23ce9a63ce1431aa6bc54dd4,03-09,Female,Black,fear,2,6,"[-1.2335695028305054, -2.2671146392822266, 2.1097512245178223, 1.2400752305984497, -6.198580265045166, -4.753873825073242, 4.7337141036987305]",tensor(0.9038)
neutral_57be2ae2515835e44c4689ebc702b285,20-29,Male,White,neutral,4,4,"[-1.584662675857544, -4.08010721206665, -4.318742275238037, 1.9433668851852417, 5.914120197296143, -0.4447169303894043, -3.144263982772827]",tensor(0.9791)
neutral_b7c571283511d7541c638d5ccd708fe2,20-29,Male,Latino_Hispanic,neutral,4,4,"[-3.875025510787964, -4.173610210418701, -5.885271072387695, 4.684352397918701, 6.908242702484131, -0.7338263988494873, -4.555967807769775]",tensor(0.9019)
sad_101603c584ff5e4a72440d9fdac14ebe,20-29,Male,White,sad,5,4,"[-0.5825746059417725, -5.629297256469727, -2.4941561222076416, -2.4191975593566895, 6.658574104309082, -0.005041658878326416, -1.2135047912597656]",tensor(0.9974)
fear_f0e42d63029f2f27cec565f75a38fe71,10-19,Female,East Asian,fear,2,4,"[-2.195352554321289, -4.510394096374512, -4.335804462432861, -0.3050152063369751, 5.878699779510498, 1.6264992952346802, -1.5018830299377441]",tensor(0.9830)
happy_a5565bd82aac6d848aca674dc2423f6b,30-39,Male,White,happy,3,3,"[-1.9847323894500732, -4.035977840423584, -3.6992926597595215, 2.847907304763794, 2.1319358348846436, -2.006430149078369, 0.3970241844654083]",tensor(0.6277)
surprise_2a7b2ded2fe90861458836518a93051e,20-29,Female,White,surprise,6,4,"[-5.067144870758057, -5.262572288513184, -6.806570529937744, 2.4071271419525146, 8.543006896972656, -5.8413004875183105, 1.4697288274765015]",tensor(0.9970)
happy_84df828640486aecef3d8ee638db5c7d,00-02,Female,White,happy,3,3,"[-2.714470148086548, -2.671251058578491, -3.1129860877990723, 4.816691875457764, -0.8866097927093506, 0.8329918384552002, -2.103468418121338]",tensor(0.9762)
surprise_7d6f92265d7f1f3631a20736bd7cd928,30-39,Female,White,surprise,6,2,"[-3.8807051181793213, -2.154468059539795, 9.397954940795898, -5.009460926055908, -4.767525672912598, -1.4168602228164673, 2.193739891052246]",tensor(0.9992)
happy_a25cc763ac4ff70afb9b84b4f0b03ae1,20-29,Female,White,happy,3,3,"[-3.128357172012329, -2.200073719024658, -3.130906343460083, 6.0788679122924805, -0.5692175626754761, -1.2847543954849243, -2.055206537246704]",tensor(0.9973)
surprise_6bc1c9d4abc2435d7933ce2a049a1c35,30-39,Female,White,surprise,6,4,"[-3.910768508911133, -6.090402603149414, -1.0615830421447754, -4.457982063293457, 5.804856300354004, 2.9595518112182617, -0.2716636657714844]",tensor(0.9420)
neutral_b88dd17fb979a4041f8062fb15244e6f,50-59,Male,Middle Eastern,neutral,4,5,"[-1.8903342485427856, -3.068791151046753, -2.5203499794006348, 3.1183969974517822, 0.5031895041465759, 3.206859588623047, -5.042416572570801]",tensor(0.5016)
surprise_ed4d058c2436f9a05cd5dbcf371afd5b,20-29,Female,White,surprise,6,3,"[-2.2019357681274414, -3.3657853603363037, -4.200145244598389, 4.200572490692139, 2.8964450359344482, -3.5606982707977295, -1.4020168781280518]",tensor(0.7825)
sad_08a32eeac426daf9fd7a90d8a0927274,03-09,Male,Southeast Asian,sad,5,5,"[-2.25191593170166, -2.1938910484313965, 0.35157206654548645, -4.634095668792725, 0.6486986875534058, 6.832215785980225, -3.0857930183410645]",tensor(0.9961)
fear_84aae0c065fac8eeb1209f96df15c74a,20-29,Female,White,fear,2,2,"[1.0746945142745972, -1.8676892518997192, 4.080529689788818, -3.1022610664367676, -4.96476411819458, -3.885765552520752, 3.803180456161499]",tensor(0.5521)
sad_c60ecd59721682310133798bd835e84b,20-29,Male,White,sad,5,5,"[-0.5611185431480408, -2.064580202102661, -1.1186327934265137, -4.3158955574035645, 0.41566354036331177, 7.419313907623291, -4.164808750152588]",tensor(0.9985)
fear_6198adbe816540289eaa6d73c93d45d4,20-29,Female,Indian,fear,2,3,"[-3.516150951385498, -2.3816730976104736, -4.433106899261475, 6.5852251052856445, 0.25202229619026184, -4.1416144371032715, 0.12472798675298691]",tensor(0.9965)
fear_2cdf6376b5382c556979f3a4f486739e,30-39,Male,Black,fear,2,6,"[-0.8039838075637817, -1.4749852418899536, -0.7229524850845337, -1.3364354372024536, -0.2785295248031616, -4.433510780334473, 3.3208155632019043]",tensor(0.9266)
neutral_04467764eb18a52febc6f2b6631fd169,50-59,Male,White,neutral,4,4,"[2.4501523971557617, -3.905113697052002, -4.316925525665283, -0.894595742225647, 5.182995319366455, -1.9624848365783691, -3.663015604019165]",tensor(0.9359)
sad_9977f005d59cff62e1796559ceafaa53,03-09,Female,White,sad,5,5,"[-1.4308323860168457, -3.8971996307373047, -3.4531874656677246, -3.122082233428955, 2.8962807655334473, 8.047748565673828, -4.1862897872924805]",tensor(0.9941)
neutral_2c91d3380fb8cb4f8b834db49b765c32,30-39,Male,White,neutral,4,5,"[-3.14762806892395, -2.689147710800171, -2.4365477561950684, 2.034734010696411, 0.3799474239349365, 2.4872069358825684, -2.448207378387451]",tensor(0.5614)
angry_34c65ee311d0ad7b9afc15207ada4a18,30-39,Male,Black,angry,0,3,"[-1.0288589000701904, -1.4979499578475952, -2.666041851043701, 4.9489665031433105, -1.0891438722610474, -1.3354185819625854, -2.869262456893921]",tensor(0.9908)
surprise_d7a70ec3931c14cc8c27d14e19a42723,20-29,Female,Latino_Hispanic,surprise,6,5,"[-5.412668704986572, -6.305041790008545, -2.8730111122131348, -0.4901675879955292, 3.4293386936187744, 4.069233417510986, 1.2875016927719116]",tensor(0.6247)
surprise_dbedd792a855fbcd294c100ac53d9da6,30-39,Male,Latino_Hispanic,surprise,6,4,"[-2.0367319583892822, -3.583728075027466, -1.9386693239212036, -1.0847963094711304, 4.026085376739502, 0.7668973207473755, -0.9170037508010864]",tensor(0.9461)
happy_9c0c5a59aab2da1658bf441b69df4386,20-29,Male,Indian,happy,3,3,"[-1.9769237041473389, -2.306628465652466, -3.8159399032592773, 7.75973653793335, -0.4298980236053467, -3.6253809928894043, -2.812370538711548]",tensor(0.9996)
neutral_8662d26b2d0fe2d04cee2244543d6435,20-29,Male,White,neutral,4,4,"[-3.493889570236206, -4.21094274520874, -5.032966613769531, 3.9598467350006104, 6.274766445159912, -2.9196393489837646, -1.2779961824417114]",tensor(0.9095)
happy_866e6e370ab5dd5766fcec6658099225,30-39,Male,White,happy,3,3,"[-2.6102826595306396, -2.2499115467071533, -2.6733319759368896, 7.185235500335693, -2.4895715713500977, -3.0432536602020264, -0.6928391456604004]",tensor(0.9993)
disgust_ec587b34859484f1278d41b471940f16,30-39,Female,White,disgust,1,1,"[0.44856688380241394, 2.727304697036743, -5.802813529968262, -0.6659545302391052, 1.825592279434204, 1.9321409463882446, -5.351233959197998]",tensor(0.5015)
angry_99741ebf0d88b409a2b8de0fb3c9eb02,40-49,Male,White,angry,0,0,"[2.6933493614196777, 1.564658522605896, -0.2783415615558624, -3.1671347618103027, -0.7224283814430237, -2.9646847248077393, -2.0753040313720703]",tensor(0.7031)
happy_01cd36d9da9fa0f54f10d37ee06cfaf3,10-19,Male,White,happy,3,3,"[-0.9186087250709534, -0.854278028011322, -2.9518115520477295, 3.618976354598999, -0.013858111575245857, -1.9734257459640503, -1.6329162120819092]",tensor(0.9444)
angry_682aa10a18993e1fad25b1ae215c030f,30-39,Female,White,angry,0,4,"[-0.5326897501945496, -1.7396132946014404, -3.3731489181518555, 0.15759442746639252, 2.5504257678985596, 1.438753604888916, -3.337806224822998]",tensor(0.6732)
happy_1c441b8a7744112b07711d3c17a45f6b,40-49,Male,White,happy,3,3,"[-2.1641998291015625, -2.8104450702667236, -3.168156862258911, 4.286148548126221, 1.8637372255325317, -0.5320999622344971, -3.323485851287842]",tensor(0.9089)
sad_a912e03a9d77bbb8c4639a6c3175707c,60-69,Male,White,sad,5,5,"[-1.9423120021820068, -2.7247140407562256, -0.2540912330150604, -4.936789035797119, 1.4412834644317627, 5.4630842208862305, -0.6717924475669861]",tensor(0.9763)
happy_096c0dd6555dc6464044365aec5d9dbe,10-19,Male,East Asian,happy,3,3,"[-2.37913179397583, -1.8554942607879639, -2.774686574935913, 7.455599308013916, -2.7029778957366943, -2.282466173171997, -1.179525375366211]",tensor(0.9995)
neutral_bf5ce2e93281e80d05d68c4df4923532,50-59,Male,White,neutral,4,3,"[-2.4689645767211914, -2.113049030303955, -4.585986137390137, 7.085519790649414, 0.7462879419326782, -2.945584297180176, -3.1615710258483887]",tensor(0.9980)
disgust_3e0fa30baebe395be307dda33d5b3f42,20-29,Male,White,disgust,1,1,"[2.137895107269287, 2.9706320762634277, 0.2324633002281189, -4.198669910430908, -5.1550445556640625, 1.087692141532898, -0.5123490691184998]",tensor(0.5940)
sad_54f80e2ae1e09096fee921f9092ada8c,30-39,Female,White,sad,5,5,"[-3.6089656352996826, -2.1012532711029053, 0.4611389935016632, -2.415044069290161, -0.17899596691131592, 7.106001377105713, -3.730443239212036]",tensor(0.9978)
disgust_0bb4a027aaa908a84a43a36f4c26d6e2,20-29,Female,White,disgust,1,4,"[3.6463427543640137, -1.9095039367675781, -4.330994129180908, -2.739116907119751, 3.9219014644622803, 0.9722141027450562, -5.265847682952881]",tensor(0.5506)
angry_9b5761dfc2b808d50469336ebcacb92e,50-59,Female,White,angry,0,2,"[0.15019623935222626, 1.2561415433883667, 2.7075161933898926, -2.109785556793213, -3.1576545238494873, -1.2940785884857178, -1.5836949348449707]",tensor(0.7382)
disgust_0dba85346bae97c5c52bd443a1bb9c06,60-69,Male,White,disgust,1,0,"[2.0566556453704834, -0.27281197905540466, -3.203676700592041, -2.8841848373413086, 1.019458532333374, 1.3717074394226074, -0.8496130108833313]",tensor(0.4943)
sad_c81592e74925c74fcd4f8df6289cf33b,70+,Female,Middle Eastern,sad,5,5,"[0.5810908675193787, -1.898690938949585, -1.1938709020614624, -2.270718574523926, -0.09910346567630768, 3.762178421020508, -2.9967002868652344]",tensor(0.9288)
sad_d17ae7b04b59f0b67b390d33f4d7bea5,00-02,Male,White,sad,5,5,"[-1.8280580043792725, -1.0344537496566772, -1.9361460208892822, -1.3465052843093872, 1.6000640392303467, 4.463770389556885, -2.558230400085449]",tensor(0.9358)
disgust_d26c237ca77979f42d80658b4a46eae5,30-39,Female,White,disgust,1,1,"[-0.6738442778587341, 1.0889607667922974, -2.106412649154663, -2.1423234939575195, 0.3925088047981262, -1.302496075630188, -0.305966317653656]",tensor(0.4785)
happy_9c360cdc7c7eefc929702f1bd64cd1ce,30-39,Male,Middle Eastern,happy,3,3,"[-2.425440549850464, -2.8578574657440186, -3.3378500938415527, 7.820107936859131, -1.049466609954834, -3.5872607231140137, -1.7687647342681885]",tensor(0.9997)
fear_fffe1843ed7a9b127fb52e33d528fad1,20-29,Female,White,fear,2,2,"[-1.8834176063537598, -1.92738938331604, 6.448698043823242, -4.7521162033081055, -3.2988150119781494, 0.0314139723777771, 1.1787441968917847]",tensor(0.9927)
angry_fdd9e472a2525f65a519d6f0b3c999f9,03-09,Male,White,angry,0,0,"[7.015864849090576, 1.0508512258529663, -2.6204674243927, -1.837013840675354, -4.287520885467529, -4.840066432952881, 0.05770708993077278]",tensor(0.9963)
disgust_645ed1776e7f3bd0a8d1f2c73419b1a5,20-29,Male,White,disgust,1,3,"[-0.9004908800125122, 0.03189683333039284, -3.649925470352173, 3.8200273513793945, -1.0470545291900635, 0.18202504515647888, -3.5716428756713867]",tensor(0.9374)
happy_e05ec47407235c7113303cfcf2590bb0,20-29,Female,White,happy,3,3,"[-3.2037899494171143, -2.9235334396362305, -4.392673492431641, 4.925483703613281, 3.7938807010650635, -3.9456381797790527, -1.195952296257019]",tensor(0.7544)
surprise_8a5b455698065bd29f9da7e06a731e70,20-29,Female,East Asian,surprise,6,3,"[-2.2212626934051514, -1.343761682510376, -3.5044665336608887, 6.278488636016846, -2.3667218685150146, -2.0410070419311523, -0.673121988773346]",tensor(0.9979)
sad_33513d82fa0c1608e6f492d37612e61b,20-29,Female,East Asian,sad,5,5,"[-4.832009792327881, -3.634270429611206, 1.3794001340866089, -4.777000427246094, -0.20628325641155243, 9.527765274047852, -0.4922414720058441]",tensor(0.9996)
disgust_ab4a7e99b040273372d1eebac3cced59,40-49,Female,White,disgust,1,5,"[-0.9607599377632141, 3.23846173286438, -3.482694149017334, -0.8216545581817627, -0.18083736300468445, 3.4303293228149414, -4.448421955108643]",tensor(0.5318)
sad_5142bbe001fe359b8ae09b07afd3e157,50-59,Male,White,sad,5,0,"[2.4720284938812256, 0.5939474105834961, 2.2488532066345215, -5.091665267944336, -3.1568546295166016, 0.12909801304340363, 0.030520403757691383]",tensor(0.4673)
neutral_0571a0e53ebe442d8bf7d97cfdb7a932,10-19,Female,White,neutral,4,4,"[-1.9578595161437988, -4.132320404052734, -3.331944465637207, -2.2010085582733154, 6.0336713790893555, 1.6407791376113892, -1.1412620544433594]",tensor(0.9863)
surprise_f19529f4a9a8788be2af10894d80aa51,50-59,Male,East Asian,surprise,6,6,"[-6.080119609832764, -3.364197015762329, 1.3503291606903076, -2.7755870819091797, 0.030057398602366447, -1.5262047052383423, 5.550590991973877]",tensor(0.9802)
disgust_b6a069935d2f8e24a8a1a2df0d04cbea,03-09,Female,White,disgust,1,4,"[-3.745266914367676, -4.68308162689209, -1.3104915618896484, -4.450755596160889, 4.5764241218566895, 0.9560041427612305, 3.0938167572021484]",tensor(0.7955)
surprise_0513aae534e26393eb0d265cd51ab03a,00-02,Male,White,surprise,6,3,"[-3.2671282291412354, -2.58284068107605, -2.4530563354492188, 4.660985469818115, -0.6404057741165161, -2.605314254760742, 0.9817437529563904]",tensor(0.9682)
surprise_30c3f20c7d717acb24d7fc4b0b9085b9,20-29,Female,White,surprise,6,3,"[-5.130528926849365, -4.462084770202637, -3.1961400508880615, 3.4216511249542236, 1.9134773015975952, -1.9610251188278198, 1.786757230758667]",tensor(0.7028)
neutral_95203537413b49c89fe6aa1b26d65757,30-39,Male,White,neutral,4,4,"[-1.1089764833450317, -3.7397968769073486, -4.587238788604736, 3.8430581092834473, 6.067147731781006, -3.0619919300079346, -4.393829822540283]",tensor(0.9016)
surprise_5c60216bece026c1ab45b2536a470000,10-19,Female,White,surprise,6,6,"[-2.4741475582122803, -3.1032512187957764, -3.0356502532958984, -1.7249302864074707, 2.203861713409424, -2.578800916671753, 4.27740478515625]",tensor(0.8836)
neutral_c39208ff4087a545b58c183cd4032f82,00-02,Female,White,neutral,4,3,"[-3.4888298511505127, -4.071737289428711, -4.986362934112549, 7.095376968383789, 3.046778440475464, -3.7209599018096924, -1.400594711303711]",tensor(0.9826)
surprise_b8e73b6606752c09dd23c458c271dc33,10-19,Female,White,surprise,6,2,"[-1.21763014793396, -2.4608004093170166, 2.3175015449523926, -6.81991720199585, 2.305802822113037, -2.263823986053467, 1.6388964653015137]",tensor(0.3931)
angry_6450a4972305fbbeb2657cc2b9eaa3c2,50-59,Male,White,angry,0,4,"[-0.7416234016418457, -4.585345268249512, -6.0383830070495605, -0.0451081320643425, 8.333314895629883, 0.7210192680358887, -4.034252166748047]",tensor(0.9992)
angry_3d312540b6d1bbd25385e4ce0af40db8,20-29,Male,White,angry,0,0,"[6.957661151885986, -0.20187528431415558, -3.2555718421936035, -3.582015037536621, -0.11848396062850952, 0.13376066088676453, -3.964315414428711]",tensor(0.9972)
sad_28f9f960e5f3687a91e18463f56363e0,30-39,Female,Southeast Asian,sad,5,4,"[-2.5968430042266846, -4.331246376037598, -3.371796131134033, 1.3671423196792603, 3.6633999347686768, -1.4920445680618286, -0.8540148138999939]",tensor(0.8925)
sad_646d8fdf4e3cd2ff0a5a51e45d1875c3,30-39,Female,White,sad,5,3,"[-1.778906226158142, -3.2517049312591553, -4.413336277008057, 3.2511544227600098, 2.5508031845092773, 2.3361079692840576, -4.199059009552002]",tensor(0.5247)
fear_ad52420aef527d20c338a8725a9a3959,20-29,Male,White,fear,2,2,"[0.23630352318286896, -2.284562349319458, 5.028212070465088, -1.1705378293991089, -4.936020851135254, -0.6607818603515625, -0.42188727855682373]",tensor(0.9816)
happy_7ebcbc5fa56d05f1f68211ff6ca9f149,40-49,Female,White,happy,3,3,"[-3.5734636783599854, -2.8113319873809814, -2.989025354385376, 4.045971870422363, -0.04142215847969055, 1.4522182941436768, -2.443131446838379]",tensor(0.9129)
sad_f00fc0477988b4f6547cb13861b37ef9,20-29,Female,White,sad,5,4,"[2.2193689346313477, -3.278275728225708, -3.3470089435577393, -1.8657830953598022, 5.036957263946533, 0.4756767749786377, -3.902038812637329]",tensor(0.9330)
fear_08b1125e107a80b7987ef675c8205b26,20-29,Male,White,fear,2,2,"[-0.4301843047142029, -1.9694243669509888, 4.2713236808776855, -0.7755746245384216, -4.321146011352539, -2.436674118041992, 1.3785696029663086]",tensor(0.9308)
neutral_300d2004e5ca2118152f2fcd470ed5b2,40-49,Male,Latino_Hispanic,neutral,4,4,"[0.5135039687156677, -4.069172382354736, -3.639407157897949, -2.716259479522705, 5.069007873535156, 3.96978497505188, -3.788825273513794]",tensor(0.7438)
surprise_4111a8b3d0b368ce1452fe3d93fa4752,00-02,Male,White,surprise,6,4,"[-1.3303967714309692, -4.022753715515137, -4.54611349105835, 1.7936431169509888, 1.9314073324203491, 1.8375059366226196, -0.6608449816703796]",tensor(0.3449)
sad_a1f43f575efd7eaac33fdbddb4bb1218,70+,Female,White,sad,5,4,"[-0.40390756726264954, -2.3607099056243896, -3.8829123973846436, -0.9552712440490723, 3.542072057723999, 1.9948145151138306, -3.8283326625823975]",tensor(0.8018)
fear_2548a091eb986a82ff6c52ee9e42c381,00-02,Male,Latino_Hispanic,fear,2,4,"[-4.2223334312438965, -4.2431793212890625, -0.00544778723269701, -3.2147955894470215, 4.772921562194824, 0.43072709441185, 1.4856059551239014]",tensor(0.9440)
sad_db78639172ddcdd6a23d5f82589f43f5,20-29,Female,White,sad,5,5,"[-3.640838384628296, -3.347618818283081, 2.7314870357513428, -3.165269374847412, -3.5038602352142334, 8.752303123474121, -1.7542215585708618]",tensor(0.9975)
neutral_521c70dcc1632204a5da89374795f217,20-29,Female,East Asian,neutral,4,3,"[-3.6730291843414307, -3.999131202697754, -3.311022996902466, 6.338399410247803, 0.6621153950691223, -1.9633039236068726, -0.6324620842933655]",tensor(0.9953)
happy_6bd68eb094afca9ed399a463657dc8d3,30-39,Female,White,happy,3,3,"[-0.05003531649708748, 1.7653700113296509, -2.7634823322296143, 3.295309066772461, -1.9522364139556885, -2.5731449127197266, -2.3382668495178223]",tensor(0.7900)
fear_21ae7977fb2c2c0591f852d21efd77bc,20-29,Female,White,fear,2,2,"[-1.8681747913360596, -2.570905923843384, 2.929549217224121, -1.0079487562179565, -3.413182497024536, 0.3340732157230377, 0.3681035339832306]",tensor(0.8436)
happy_a8cd46ad68650b76dbd946ba34436384,20-29,Female,Latino_Hispanic,happy,3,3,"[-2.7655694484710693, -2.247390031814575, -3.573439121246338, 7.143943786621094, -1.0712600946426392, -3.671387195587158, -1.1282659769058228]",tensor(0.9993)
sad_36da8b55460d2b312a7c74af277189c0,40-49,Male,White,sad,5,3,"[-4.006047248840332, -2.9160892963409424, -3.626492500305176, 9.110974311828613, -1.9438148736953735, -3.113943338394165, -1.3156633377075195]",tensor(0.9999)
happy_1939e4287f0aabdfc4af112498a87a96,20-29,Female,White,happy,3,3,"[-3.1063530445098877, -2.4571478366851807, -3.8473000526428223, 5.263205051422119, 2.2881765365600586, -2.9748806953430176, -1.6138334274291992]",tensor(0.9496)
neutral_2d12b5a0a8e77954343d606968f85336,40-49,Female,White,neutral,4,5,"[-1.4199512004852295, -1.2161829471588135, -1.2628419399261475, -4.043062686920166, 1.137284517288208, 3.7731900215148926, -1.6124348640441895]",tensor(0.9128)
fear_93b0e31e6514a77b79808c2a5b5ad957,00-02,Male,White,fear,2,6,"[-2.2442448139190674, -2.511992931365967, 3.5239577293395996, -3.9147884845733643, -1.6466487646102905, -1.3566268682479858, 3.828434467315674]",tensor(0.5708)
happy_d7e5ba08b4641d6e337a527452ba93b2,20-29,Female,White,happy,3,5,"[-2.268765926361084, -2.1060991287231445, -1.8835930824279785, 1.2023168802261353, 0.9447829127311707, 2.1376161575317383, -1.6188005208969116]",tensor(0.5670)
disgust_23bc3928c50d76a7ea615f18d4c68d97,50-59,Male,White,disgust,1,0,"[1.977802038192749, -0.9197478294372559, -1.7046594619750977, -3.395442485809326, 0.5610777139663696, 1.3254960775375366, -1.7228209972381592]",tensor(0.5339)
disgust_cf381df0e9a4bd59891ea239f9e87dc6,50-59,Female,White,disgust,1,5,"[-1.1491892337799072, 1.4177029132843018, 0.9175083041191101, -4.87695837020874, -2.0359039306640625, 6.9465484619140625, -3.916534900665283]",tensor(0.9932)
angry_27c339902c245d32c29beacc7d801d24,50-59,Male,White,angry,0,3,"[-1.6293210983276367, -2.3692190647125244, -3.7846639156341553, 7.544616222381592, -1.0877065658569336, -2.2932634353637695, -2.5604724884033203]",tensor(0.9996)
surprise_9fe2b647af23cf978218e77d1c6cf26f,20-29,Male,White,surprise,6,4,"[-2.2405142784118652, -3.5314624309539795, -2.386763572692871, 0.012585016898810863, 4.875180244445801, -1.42516028881073, -1.7170839309692383]",tensor(0.9875)
sad_12be19d8c9c5e19b2aea60883e4a37e3,20-29,Male,East Asian,sad,5,3,"[-1.5600597858428955, -1.9546359777450562, -2.881434917449951, 5.351454257965088, -2.7045645713806152, 1.158616304397583, -2.553182601928711]",tensor(0.9826)
neutral_32d0748a21afbe45f5d44304b7fd1f53,20-29,Female,White,neutral,4,4,"[0.243292436003685, -4.431467056274414, -4.797168731689453, 0.7129765748977661, 6.34753942489624, -3.840864658355713, -1.240265130996704]",tensor(0.9937)
sad_c6e109d7d249ace59e7f8ed6fed9acfd,30-39,Female,East Asian,sad,5,5,"[-0.0029410244897007942, -1.1635173559188843, -2.9205315113067627, -3.0420689582824707, 1.2108919620513916, 5.867483615875244, -3.973109483718872]",tensor(0.9866)
disgust_1eb3b561df2c6c25e10d06350244ebf2,30-39,Female,White,disgust,1,1,"[2.189114809036255, 6.434692859649658, -1.425642728805542, -4.352964878082275, -4.065348148345947, 2.657961845397949, -3.5259604454040527]",tensor(0.9637)
fear_13f9c34a9a956f436bda36b1ae14eee2,30-39,Female,Black,fear,2,5,"[-4.249769687652588, -3.774501085281372, -1.3284883499145508, 3.759368896484375, -2.3618290424346924, 4.937045097351074, -2.35722017288208]",tensor(0.7625)
disgust_82641ae2db97870e9898d0c17d7315c3,30-39,Male,White,disgust,1,4,"[0.8979571461677551, -2.752840757369995, -4.041803359985352, -1.1378512382507324, 4.459527969360352, 1.2632886171340942, -3.2049474716186523]",tensor(0.9307)
surprise_49ebc8a030561fc53c1420aaae1f3492,20-29,Male,White,surprise,6,2,"[-1.7056865692138672, -1.2455987930297852, 5.479102611541748, -3.65216326713562, -3.771436929702759, -2.2918357849121094, 2.864090919494629]",tensor(0.9296)
fear_57efce1038256071aaac257adbac6278,50-59,Male,White,fear,2,3,"[-3.6350502967834473, -2.589287281036377, -3.7397212982177734, 4.168788433074951, 0.29728826880455017, 1.6063382625579834, -2.8111202716827393]",tensor(0.9084)
neutral_bda6315375ab20e66666a487c7a756a2,40-49,Female,White,neutral,4,4,"[-3.148562431335449, -4.323446273803711, -4.844955921173096, 3.288233757019043, 4.931215763092041, 0.23701688647270203, -2.69699764251709]",tensor(0.8309)
fear_a518cb26905c0122aee048571810e1a1,00-02,Male,Black,fear,2,6,"[-0.40757691860198975, -2.2638490200042725, 2.190556526184082, -0.4570017457008362, -4.302671909332275, -2.788402557373047, 4.44961404800415]",tensor(0.8915)
neutral_965c834375eb93d9f8c8d4e2080cca67,30-39,Male,White,neutral,4,4,"[-1.7984521389007568, -5.250650405883789, -5.469193935394287, 2.5322985649108887, 8.02490520477295, -1.9797115325927734, -3.57037615776062]",tensor(0.9958)
neutral_b020f76f7b9af358e33a16c5e3575427,10-19,Male,Black,neutral,4,5,"[-1.6828789710998535, -3.9949347972869873, -2.7794008255004883, -1.3872612714767456, 3.033771276473999, 4.2540459632873535, -1.650073766708374]",tensor(0.7662)
surprise_17a22aff8cbcdb3e36fe85451817615d,03-09,Male,White,surprise,6,6,"[-2.1259708404541016, -5.071349143981934, 2.941380739212036, -5.640374660491943, -2.2609636783599854, -2.700716972351074, 5.853664875030518]",tensor(0.9477)
sad_6eb6eb60b11257f8412b799b9c22d7ec,20-29,Female,Latino_Hispanic,sad,5,4,"[2.8274073600769043, -4.2346601486206055, -5.778937816619873, -3.1356756687164307, 6.395325183868408, 2.207458019256592, -6.524224758148193]",tensor(0.9583)
happy_3d40c5c08efe761da557e8a28cf78169,03-09,Male,White,happy,3,3,"[-2.019397258758545, -1.8307063579559326, -3.0583183765411377, 6.7989115715026855, -2.7106082439422607, -2.741828441619873, -0.5054274797439575]",tensor(0.9988)
disgust_001321602df0773c101cb66511f636e3,40-49,Male,White,disgust,1,0,"[1.6926026344299316, 0.4709637463092804, -0.3822004497051239, -1.0531584024429321, -3.672623872756958, 0.6648983955383301, -1.913564682006836]",tensor(0.5336)
surprise_509b55b0cfbc8684c8529ce7f69c8029,30-39,Female,Middle Eastern,surprise,6,6,"[-0.07564638555049896, -1.6424893140792847, 4.480313777923584, -2.880746841430664, -4.210086345672607, -4.10517692565918, 5.305881500244141]",tensor(0.6925)
disgust_31de67fff8bcfc062ac7ece4225dfb21,40-49,Male,White,disgust,1,0,"[4.462082386016846, 3.4096996784210205, -0.041340768337249756, -4.612945556640625, -2.364441394805908, -2.0816431045532227, -1.6404439210891724]",tensor(0.7326)
neutral_19c35cd003f9145bb604adc9dcfaac0b,60-69,Male,East Asian,neutral,4,5,"[-1.375288963317871, -2.2410731315612793, 0.0273418128490448, -4.22953987121582, -0.9117516875267029, 5.628931045532227, -1.0834431648254395]",tensor(0.9924)
surprise_db43853aa1e265b9dac0f3f44e3ea211,00-02,Male,White,surprise,6,6,"[-3.6869921684265137, -3.591317892074585, 0.8274195790290833, -1.7142300605773926, 1.3750150203704834, -2.270508289337158, 3.7818450927734375]",tensor(0.8697)
surprise_46a3cf4f9e63700fe2d170f73a7a62d9,20-29,Male,White,surprise,6,0,"[1.0073268413543701, 0.385039746761322, -2.96286678314209, 0.6083666682243347, -1.2472963333129883, -1.1259756088256836, -1.2552186250686646]",tensor(0.3915)
sad_2ef2053c1b6072a3d59f8b41bf6d9477,20-29,Female,White,sad,5,5,"[-2.6650965213775635, -3.1061174869537354, -1.86897873878479, 1.093762993812561, -2.1769590377807617, 6.522637367248535, -4.6323065757751465]",tensor(0.9951)
fear_bf22c5ee738fd22a2732f943550a10ef,20-29,Female,White,fear,2,5,"[-2.20214581489563, -1.4360522031784058, 2.919968843460083, -1.8731579780578613, -4.245818614959717, 5.278287410736084, -1.835381269454956]",tensor(0.9107)
sad_efa2cdfbcfe1b557e0771855d21bc423,03-09,Male,White,sad,5,4,"[-2.050865888595581, -4.22435188293457, -2.179823398590088, -3.8358445167541504, 4.530032157897949, 4.216029644012451, -1.2826330661773682]",tensor(0.5759)
surprise_10a060b46e02d83cfdc0cfb908b9ed02,30-39,Male,White,surprise,6,6,"[0.2830866575241089, -1.9722903966903687, 3.684591770172119, -4.578115940093994, -3.8361363410949707, -3.578559160232544, 5.941929817199707]",tensor(0.9020)
disgust_d77067a31b1bdc83ee654a30f6d1cb9b,30-39,Female,White,disgust,1,3,"[-1.7712922096252441, -0.4451472759246826, -2.3178820610046387, 3.6514899730682373, -0.1836847960948944, -3.266158103942871, -1.7847819328308105]",tensor(0.9519)
neutral_c7c9c110048e352d2c742ad4b411166c,20-29,Female,White,neutral,4,3,"[-3.9641103744506836, -4.588081359863281, -4.123641490936279, 5.505150318145752, 4.742595195770264, -2.4244093894958496, -1.811320185661316]",tensor(0.6813)
fear_1381e44e22656ef97a6dddfe26ba0173,20-29,Female,Latino_Hispanic,fear,2,6,"[-2.968524694442749, -2.9965598583221436, 3.604387044906616, -3.7610836029052734, -1.578385353088379, -1.6813644170761108, 3.946834087371826]",tensor(0.5814)
surprise_74fd27e67e8ddd4805adb843a04c6be9,20-29,Female,White,surprise,6,6,"[-3.075483798980713, -3.771026372909546, 2.3240697383880615, -1.8715671300888062, -1.5305168628692627, -3.258985996246338, 5.597248554229736]",tensor(0.9619)
neutral_0db49d45c0aa9920e501ec3ff3305122,10-19,Male,White,neutral,4,4,"[-1.2688627243041992, -3.5830061435699463, -5.330501079559326, 4.4906110763549805, 4.560842990875244, -1.799322247505188, -3.0520434379577637]",tensor(0.5161)
disgust_bab7b365cf6869356a5a9a02144a4fa8,00-02,Female,White,disgust,1,5,"[0.694779634475708, -0.2525951862335205, -2.122209072113037, -4.0228681564331055, -1.0772149562835693, 6.987403392791748, -5.269218444824219]",tensor(0.9970)
neutral_e5cd6ffee6e086794f22d434299e0970,20-29,Female,Middle Eastern,neutral,4,5,"[-2.2102866172790527, -4.081604480743408, -2.11445951461792, -1.7582486867904663, 4.034510612487793, 5.022175312042236, -2.0034565925598145]",tensor(0.7267)
sad_07befc57ffbfc8c1a060ba838f08ff16,20-29,Male,White,sad,5,4,"[-3.216299295425415, -4.5985517501831055, -4.808387756347656, 3.8421013355255127, 6.585094928741455, -0.6501179933547974, -4.629329204559326]",tensor(0.9388)
happy_7c9062583b6ba96741e1a5f474531766,20-29,Female,White,happy,3,3,"[-2.7569878101348877, -1.9379688501358032, -3.2445225715637207, 6.487681865692139, -1.4154572486877441, -2.706791639328003, -0.7601109147071838]",tensor(0.9984)
neutral_2858aed441c34fbeb66301b791fa1af6,20-29,Female,White,neutral,4,4,"[-3.4467694759368896, -4.334959506988525, -4.610146999359131, 0.5534889698028564, 7.02290153503418, -0.941602349281311, -0.6082765460014343]",tensor(0.9976)
sad_5df643ced155be9a83902c11f0d60c3e,60-69,Male,White,sad,5,4,"[-1.3235834836959839, -2.2013919353485107, -3.8060989379882812, 0.09784478694200516, 6.343241214752197, -1.050566554069519, -5.230661869049072]",tensor(0.9967)
sad_f9fbbf04ecdf34172d9e901b05d0d6c7,50-59,Male,Latino_Hispanic,sad,5,4,"[0.9199181199073792, -3.519244432449341, -1.5137649774551392, -3.65676212310791, 3.90983510017395, 2.871735095977783, -4.174928665161133]",tensor(0.7091)
angry_59e6528047a129eba738a74434bb867e,00-02,Female,White,angry,0,0,"[8.70166015625, -2.098708152770996, -3.58125638961792, -4.994917392730713, 0.8288765549659729, -0.2444763481616974, -3.440788745880127]",tensor(0.9995)
happy_8f692e8d4e77a2a707048b010c3edcb2,00-02,Male,White,happy,3,3,"[-2.981154203414917, -2.9941980838775635, -2.774028778076172, 6.612257957458496, -1.955901861190796, -3.9956154823303223, 1.4756251573562622]",tensor(0.9937)
surprise_2a4f394186cb4c780cdbf4673db226ec,00-02,Male,White,surprise,6,3,"[-3.6797826290130615, -2.9849703311920166, -3.016589879989624, 8.425640106201172, -1.9642058610916138, -4.983768463134766, 0.16314424574375153]",tensor(0.9997)
happy_304b6550c3e8e17c378944a8e62fad18,30-39,Male,Latino_Hispanic,happy,3,3,"[-2.244128942489624, -1.8788204193115234, -2.879161834716797, 5.568485260009766, -0.9195348024368286, -2.7037277221679688, -0.4784018099308014]",tensor(0.9947)
happy_7c4fe43fa1c97b66a61431d8851dd207,20-29,Female,White,happy,3,3,"[-2.7799322605133057, -2.04194974899292, -2.149334669113159, 5.527445316314697, -2.084960460662842, -3.909194231033325, 1.7253506183624268]",tensor(0.9764)
surprise_29a0549a1fcc7700f7109166ee28b8a2,03-09,Female,White,surprise,6,6,"[-4.500056266784668, -3.921297550201416, -1.8219380378723145, 0.6218134164810181, -0.5598662495613098, -4.12190580368042, 7.62481164932251]",tensor(0.9987)
angry_0c3feb25d49c2e56614ec4ad1499504a,20-29,Male,White,angry,0,4,"[-3.342257261276245, -4.394589900970459, -4.55434513092041, 2.7719202041625977, 6.74536657333374, -1.4341577291488647, -2.0277304649353027]",tensor(0.9811)
neutral_64aad0ed40aa3467b1f1ce0e3ac335bd,30-39,Male,Middle Eastern,neutral,4,4,"[-1.1707956790924072, -3.4003727436065674, -1.7016844749450684, -1.1832581758499146, 5.339219570159912, -2.684225559234619, -0.47251731157302856]",tensor(0.9927)
angry_0767f6de1d3742e72ba1e4f89c7abae8,10-19,Male,Latino_Hispanic,angry,0,3,"[-1.7217990159988403, 0.9888073801994324, -5.44517183303833, 3.501650810241699, 2.285062074661255, -4.510610580444336, -2.4699041843414307]",tensor(0.7217)
sad_b2ff5e8875d6840824e5e0b46daca2c4,40-49,Male,White,sad,5,4,"[-1.7321674823760986, -4.010654449462891, -2.1139039993286133, -3.0357184410095215, 5.170914173126221, 2.0300915241241455, -0.8346640467643738]",tensor(0.9544)
happy_7eb6a589fd142ead81d7798dee6a1c49,20-29,Female,Black,happy,3,3,"[-2.1483142375946045, -2.0076816082000732, -2.634495258331299, 6.731173992156982, -1.7917382717132568, -2.0077877044677734, -1.6197736263275146]",tensor(0.9990)
neutral_c1634c05dff6d4fbc70ad760f3c7b6c2,03-09,Male,Black,neutral,4,4,"[-1.5674898624420166, -3.990528106689453, -2.8979909420013428, 0.07495206594467163, 4.8665852546691895, -0.8729028701782227, -0.8456982970237732]",tensor(0.9833)
sad_7b6ae1dc1ecf14aec05b68e14df8eb4b,60-69,Male,White,sad,5,4,"[-3.1756937503814697, -3.912018299102783, -2.667877435684204, -0.5335743427276611, 6.682762622833252, 1.4727028608322144, -5.365066051483154]",tensor(0.9937)
neutral_69688c653021673db453c0c90afc0d58,20-29,Male,Black,neutral,4,4,"[-2.775303840637207, -8.342999458312988, -2.4485223293304443, -5.5555419921875, 6.606106281280518, 0.028082698583602905, 4.40739107131958]",tensor(0.8988)
fear_9455e0b547dd0b1d0c6282fe4c79dac1,20-29,Female,White,fear,2,5,"[-2.790337562561035, -3.763009786605835, 2.172694206237793, -5.572787761688232, 1.3758689165115356, 4.051477909088135, -0.7836982607841492]",tensor(0.8123)
sad_d7b7cfa2256ab8c94e9c6f7125434322,20-29,Male,Latino_Hispanic,sad,5,4,"[-2.200815200805664, -5.9029741287231445, -3.4196057319641113, -3.4553775787353516, 6.5989885330200195, 3.799046516418457, -1.00972318649292]",tensor(0.9420)
neutral_ca1fee534b225829b8a0be7488196f3f,20-29,Female,White,neutral,4,4,"[-2.1018788814544678, -4.249444961547852, -2.240302085876465, -0.3607051372528076, 4.984717845916748, 0.8055015802383423, -1.7625153064727783]",tensor(0.9776)
angry_ab284f89bdd8b1a7d4b6e264eec44a0e,30-39,Male,Latino_Hispanic,angry,0,4,"[1.6467344760894775, -1.5382421016693115, -4.011065483093262, -0.815189003944397, 4.5258870124816895, -2.0267324447631836, -3.065157651901245]",tensor(0.9386)
fear_d3ce4cc18973886d5d2c9a6bb222897d,20-29,Male,East Asian,fear,2,6,"[-1.5542982816696167, -1.4538530111312866, 1.3041644096374512, -2.953904867172241, -2.4712789058685303, -3.2095561027526855, 5.417573928833008]",tensor(0.9812)
fear_776a48232a31b187267df857fe85b178,20-29,Female,White,fear,2,2,"[-3.092085123062134, -2.8150227069854736, 8.052750587463379, -4.509634494781494, -3.659189462661743, -0.48002874851226807, 1.7637066841125488]",tensor(0.9979)
fear_8e47810fdd363a1469e4d2fa8b384dc6,30-39,Male,Latino_Hispanic,fear,2,6,"[-1.3324470520019531, -3.599278211593628, -1.209407091140747, -4.167027950286865, 2.939587354660034, -2.0033035278320312, 4.743692398071289]",tensor(0.8539)
surprise_1fdab86ca46ea01211686f6dac6e1e14,40-49,Male,White,surprise,6,4,"[-3.487513542175293, -4.950752258300781, -4.408864498138428, 0.25082844495773315, 5.970859050750732, -1.3226348161697388, 2.0867950916290283]",tensor(0.9759)
neutral_b96174a66ccd825a770d4e8fe41e6288,03-09,Male,White,neutral,4,4,"[0.8235267400741577, -4.964452743530273, -4.680073261260986, -1.988476276397705, 6.2804460525512695, 2.5669262409210205, -3.6268858909606934]",tensor(0.9718)
angry_e4c53b9eda9c002a4301f419fc98f505,30-39,Male,White,angry,0,1,"[4.951166152954102, 7.584680557250977, -2.4985504150390625, -4.138776779174805, -4.24688720703125, 0.02562059462070465, -5.156050682067871]",tensor(0.9325)
disgust_42808c43a7e06f8cf33c0a50f70ba0eb,20-29,Female,White,disgust,1,4,"[1.447338581085205, 0.5202303528785706, -1.1276181936264038, -4.631237506866455, 2.0013463497161865, -1.4903589487075806, -0.9134242534637451]",tensor(0.5177)
angry_f45e3f2cdba6bd8e53208900f59c18cd,50-59,Male,White,angry,0,4,"[1.3478329181671143, -5.998049736022949, -3.7160468101501465, -4.2961649894714355, 7.839871406555176, -0.12548843026161194, -1.76456880569458]",tensor(0.9981)
sad_3a5a9a53dadaee31de20ac8e4ca6ef0d,40-49,Male,Black,sad,5,3,"[-0.9519307017326355, -1.4272174835205078, -1.549628496170044, 0.7830569744110107, 0.37623167037963867, -1.756188154220581, -0.7773516774177551]",tensor(0.4277)
surprise_1a32e24fb52647816738ee9e3c210690,00-02,Male,Latino_Hispanic,surprise,6,6,"[-2.660771369934082, -3.2753167152404785, -0.4093206226825714, 2.4155049324035645, -2.062546491622925, -4.301409721374512, 5.590715408325195]",tensor(0.9568)
neutral_f4f0fc6023042978cdb6e21b35bdb604,30-39,Female,White,neutral,4,4,"[0.8778749704360962, -5.026198387145996, -3.878153085708618, -3.8028957843780518, 5.678553104400635, 3.941786050796509, -2.5621323585510254]",tensor(0.8441)
disgust_2047f7869b14fc701dbb9db42f66b5b1,30-39,Female,White,disgust,1,3,"[-2.579132318496704, -2.074885606765747, -2.956407070159912, 6.338730812072754, -1.1455869674682617, -1.2494667768478394, -2.5376172065734863]",tensor(0.9983)
disgust_413450001dca6dd00ecc8a35d9a4e076,20-29,Female,Middle Eastern,disgust,1,3,"[-0.04225033149123192, -1.732416033744812, -3.4692797660827637, 3.992370128631592, -0.5364725589752197, -2.287740707397461, -1.734367847442627]",tensor(0.9639)
disgust_d74a7a7438331d86a8c02540caa8c2e5,60-69,Male,White,disgust,1,4,"[-2.6756601333618164, -3.4666171073913574, -2.3238296508789062, -2.3057379722595215, 5.102592945098877, 2.569742202758789, -1.8291025161743164]",tensor(0.9240)
neutral_dd91fb530ca8a84c0f0def6516117bab,60-69,Male,White,neutral,4,4,"[-1.480706810951233, -5.149559020996094, -1.9162867069244385, -3.0333211421966553, 7.2032036781311035, -1.1984251737594604, -1.3213622570037842]",tensor(0.9993)
fear_3559389fb3165c73d850330f0a1c1e0f,03-09,Female,White,fear,2,2,"[-2.6081888675689697, -5.505186080932617, 5.170534133911133, -5.147181987762451, -1.8840852975845337, 0.7312208414077759, 2.5780816078186035]",tensor(0.9191)
surprise_fbc0a7b3e6a6d811154cc59d21435169,40-49,Male,White,surprise,6,3,"[-3.844006299972534, -2.7088663578033447, -2.7828826904296875, 5.9254350662231445, 0.6626228094100952, -2.763615131378174, -0.9032999873161316]",tensor(0.9932)
surprise_85f9bded6a813128db7b9aebf3d4c93b,30-39,Female,White,surprise,6,5,"[0.5181686878204346, -4.932070732116699, -3.8360331058502197, -4.7096848487854, 3.9911153316497803, 4.70913553237915, -0.8718485236167908]",tensor(0.6636)
surprise_9799d41a4c1909b409b75c3cc1f678fd,20-29,Male,White,surprise,6,6,"[-2.8387115001678467, -3.0204761028289795, 1.0862220525741577, -2.0976295471191406, 1.08298921585083, -1.3901948928833008, 3.0689821243286133]",tensor(0.7709)
sad_845bdb529b7cde882dc88701b76f26f2,30-39,Male,White,sad,5,5,"[-2.147317886352539, -2.435614824295044, 1.9325594902038574, -3.7785611152648926, -2.6938889026641846, 8.200824737548828, -2.6171212196350098]",tensor(0.9980)
happy_69e2611bf06db7620f2c75aa927c9f3b,20-29,Female,Indian,happy,3,3,"[-2.2568376064300537, -2.6379456520080566, -3.0360026359558105, 5.549805641174316, 1.241126537322998, -2.3063199520111084, -2.988229513168335]",tensor(0.9853)
fear_8bce6f05ec89d3e348535b7a3f269a61,20-29,Female,White,fear,2,4,"[-1.258410096168518, -3.399595022201538, 1.247578501701355, -4.256210803985596, 4.189337253570557, -1.3783999681472778, 0.13065657019615173]",tensor(0.9269)
angry_4dea6a806a606a92289666e5bc75f19c,40-49,Male,White,angry,0,5,"[-0.7295078039169312, -3.5528616905212402, -0.5794334411621094, -5.667139530181885, 2.681908369064331, 5.519467830657959, -1.6661376953125]",tensor(0.9402)
angry_91fc06d7c085b1d4cb795bdcb568e859,10-19,Female,East Asian,angry,0,3,"[-2.381462574005127, -2.863081693649292, -4.617842197418213, 3.133172035217285, 1.9957349300384521, 1.1729036569595337, -3.7496509552001953]",tensor(0.6805)
surprise_630cab1d357661cdccedf5310cc7f501,00-02,Male,White,surprise,6,4,"[-6.239012718200684, -6.093710899353027, -1.7476379871368408, 1.6637498140335083, 2.7383906841278076, -0.5503706932067871, 0.865181565284729]",tensor(0.6477)
sad_8191a60ee42b2d1a270e753f8c5c967a,20-29,Female,White,sad,5,4,"[-4.3068928718566895, -5.004119873046875, -3.778334617614746, 1.2926396131515503, 6.488715648651123, 1.2087970972061157, -2.908531427383423]",tensor(0.9893)
neutral_6fed7573bc8bdc4edb6bb91397ae7c2c,20-29,Female,White,neutral,4,4,"[-0.8163453340530396, -4.568150520324707, -5.50532865524292, 1.1834923028945923, 6.175584316253662, -0.5608067512512207, -3.0405335426330566]",tensor(0.9911)
angry_5df808153dfb696dea1334866bad5302,30-39,Male,White,angry,0,4,"[-3.406477928161621, -5.16903018951416, -3.9893012046813965, 0.06984330713748932, 7.896472454071045, 0.016265705227851868, -3.119555950164795]",tensor(0.9992)
neutral_abddb265e23aa403dbe2de77da1b48d9,20-29,Male,White,neutral,4,4,"[-2.9783031940460205, -4.4704909324646, -4.089794635772705, 2.3872406482696533, 6.15494966506958, 1.2427725791931152, -4.16955041885376]",tensor(0.9703)
disgust_1c24710197ed3046784bf8330bb7006a,20-29,Male,White,disgust,1,4,"[-4.031275272369385, -6.887569427490234, -5.530322074890137, 0.34996628761291504, 8.832954406738281, -1.2453254461288452, 0.12415971606969833]",tensor(0.9996)
disgust_fa80970a01765a126d1baa8148a3a9dd,50-59,Male,White,disgust,1,4,"[1.4145739078521729, -0.3453735411167145, -4.820523738861084, 0.020391467958688736, 4.177127361297607, -3.1232638359069824, -2.768913507461548]",tensor(0.9162)
sad_3f2ef305d285d7bb00a3c033949cefb3,20-29,Male,Black,sad,5,4,"[-1.6045331954956055, -4.166436195373535, -2.7326040267944336, -0.6230786442756653, 3.6370341777801514, 2.2906084060668945, -2.6689724922180176]",tensor(0.7791)
neutral_3f2982808955f98b2fbab24f20ec7e58,20-29,Female,White,neutral,4,4,"[-1.6216669082641602, -3.378274440765381, -4.021785259246826, 2.931475877761841, 4.896836757659912, -0.5027717351913452, -3.6565022468566895]",tensor(0.8721)
neutral_f81b940b818565754d781196e0867dfc,30-39,Male,Latino_Hispanic,neutral,4,4,"[-3.7074902057647705, -7.597657680511475, -4.732202053070068, -3.936426877975464, 12.764427185058594, 0.8754348754882812, -3.3070952892303467]",tensor(1.0000)
disgust_e68f82f78f0c3d4aad995fd3dfe7ff20,30-39,Male,White,disgust,1,4,"[-0.400263249874115, -2.7132956981658936, -4.186614036560059, -2.325906991958618, 5.319983005523682, 2.9442460536956787, -3.507395029067993]",tensor(0.9114)
surprise_6c577d28563b569fffff5421da0259dd,20-29,Female,White,surprise,6,4,"[-1.363724946975708, -4.438847541809082, -3.6896467208862305, -0.2488381564617157, 4.190933704376221, 2.975024938583374, -1.9157326221466064]",tensor(0.7605)
neutral_821364d7053433998513cf31279fe9d2,50-59,Male,White,neutral,4,4,"[2.241974115371704, -3.254100799560547, -4.589148998260498, 0.6133982539176941, 5.20602560043335, -3.4402356147766113, -4.3338623046875]",tensor(0.9414)
sad_c807b890a3ba4bdb53644a85a32bf9f7,60-69,Male,White,sad,5,5,"[-2.007883071899414, -4.300782680511475, -1.724185585975647, -2.747297763824463, 3.79101300239563, 3.848997116088867, -2.064058780670166]",tensor(0.5116)
sad_6686b8fb04b32c81e0eb2522ff7603a4,00-02,Male,White,sad,5,5,"[-2.5978219509124756, -0.9533376097679138, -1.449671745300293, -1.0661314725875854, -2.256422281265259, 7.916964054107666, -3.7216267585754395]",tensor(0.9996)
disgust_482fcb3695c80feabf5c9cb40ab4fa65,20-29,Female,White,disgust,1,4,"[-1.711325764656067, -0.9198177456855774, -4.383620738983154, 2.643026351928711, 3.601060628890991, -5.8354082107543945, 0.3462449610233307]",tensor(0.6952)
happy_15bfc98c1be90be940f786b670789a3c,30-39,Female,White,happy,3,3,"[-1.071413516998291, -0.19994096457958221, -2.1985297203063965, 3.5316171646118164, -1.7510006427764893, -2.814767360687256, -0.5810114741325378]",tensor(0.9430)
surprise_623e93fd59c4a2cf086927c3819fc7bf,30-39,Male,East Asian,surprise,6,3,"[-5.016604900360107, -4.750030517578125, -5.114470958709717, 7.953129768371582, 2.2385756969451904, -5.1226582527160645, 0.6403710246086121]",tensor(0.9960)
fear_e925b284144b9ce1d176610805fb982f,20-29,Female,White,fear,2,0,"[3.059562921524048, -1.2907742261886597, 1.4041032791137695, 0.33651137351989746, -5.283944606781006, -4.403305530548096, 0.7380630373954773]",tensor(0.7307)
disgust_32ba90dc0542481e4807aa8d23542bda,30-39,Female,East Asian,disgust,1,5,"[-3.0692152976989746, -1.5887371301651, 1.479313850402832, -4.49005651473999, 0.20507276058197021, 1.9191553592681885, 1.7945013046264648]",tensor(0.3642)
disgust_574d3406bea5c8db09bed09adc68c5ac,20-29,Female,White,disgust,1,1,"[2.1032252311706543, 6.936600685119629, -1.296749472618103, -4.587658405303955, -4.240292072296143, 1.202909231185913, -4.105147838592529]",tensor(0.9886)
fear_9bdb75ae3f20db6acda56806ce794430,20-29,Female,White,fear,2,4,"[-4.540411472320557, -4.700806617736816, -2.9399282932281494, 3.2607688903808594, 3.4490301609039307, -0.955706000328064, -0.3557211756706238]",tensor(0.5361)
disgust_41242da4580b68b1090812d79e5d6e8a,00-02,Male,White,disgust,1,6,"[-0.413318932056427, -1.9283171892166138, -4.141088962554932, 1.614160180091858, -0.30824732780456543, -3.3867602348327637, 2.614556074142456]",tensor(0.6738)
disgust_fc5bae56fb9ed744e213b290412fbb27,60-69,Male,White,disgust,1,4,"[-1.6334269046783447, -1.3975754976272583, -1.9888675212860107, 1.3782442808151245, 1.7220782041549683, -3.2977099418640137, 0.5332611799240112]",tensor(0.4709)
fear_706dba2864a30da4fb90c108316a0925,20-29,Male,Middle Eastern,fear,2,5,"[-1.7605863809585571, -2.9475042819976807, 0.4671013057231903, -3.4555249214172363, 0.8402601480484009, 3.337662935256958, -1.899300456047058]",tensor(0.8670)
sad_9279a04da1384ebf9daf6fa6f268647c,40-49,Female,White,sad,5,3,"[-4.029303550720215, -5.193458080291748, -0.836403489112854, 3.520022392272949, -0.5853499174118042, 0.8882584571838379, 0.2005990445613861]",tensor(0.8786)
happy_116613c4f04798c99e5fa5efd7307822,20-29,Female,Black,happy,3,4,"[1.3204338550567627, -1.2433422803878784, -3.6537811756134033, 1.0457743406295776, 2.491971492767334, -0.7576079368591309, -5.032402992248535]",tensor(0.6209)
angry_5b1105f204553dcb40dd835959e1c18b,40-49,Male,Black,angry,0,0,"[2.235856771469116, 0.38545548915863037, -3.3539247512817383, -2.1914865970611572, 1.302462100982666, 0.3087620139122009, -1.6034412384033203]",tensor(0.5770)
happy_043941d02f81052a0e9c1b31d3698172,40-49,Male,White,happy,3,4,"[-1.9499861001968384, -3.1804144382476807, -3.75461745262146, 3.7537312507629395, 5.292484760284424, -3.0561163425445557, -3.2507171630859375]",tensor(0.8223)
surprise_61a0e400cc1d8762d73b8dde3267f3b5,20-29,Female,Latino_Hispanic,surprise,6,6,"[-3.8984363079071045, -4.4996724128723145, -1.9390456676483154, 0.7229067087173462, 1.8663287162780762, -1.7531424760818481, 2.9040303230285645]",tensor(0.6728)
fear_f4c794875fa5bf2bc30e2f532d0bc43a,30-39,Male,Black,fear,2,6,"[1.2291276454925537, -1.7916624546051025, 1.1633834838867188, -5.311152935028076, -0.6124120354652405, -3.2729249000549316, 3.687628746032715]",tensor(0.8442)
angry_48628f6a699e4edac616319e3c479c29,30-39,Male,White,angry,0,5,"[0.5986642241477966, -0.02492913231253624, -3.0741395950317383, -3.6177573204040527, 1.9903028011322021, 2.4721474647521973, -2.009542465209961]",tensor(0.5345)
angry_4d2850b5f768b641d03af6485e717aac,30-39,Male,Black,angry,0,4,"[0.6205652356147766, -2.476879358291626, -1.4225316047668457, -3.477482795715332, 3.111107587814331, 1.428587555885315, -1.7077124118804932]",tensor(0.7736)
angry_16f5b5a60324b5ab5ef2080412818a25,03-09,Male,White,angry,0,0,"[4.417723178863525, 2.205883026123047, -1.968306303024292, -3.5461556911468506, -1.3143057823181152, 1.3443729877471924, -3.086968421936035]",tensor(0.8609)
sad_da45b8741f238fbfd8d4bf0da6b9ea78,03-09,Male,White,sad,5,4,"[0.325627863407135, -5.979227066040039, -3.8453965187072754, -2.922755002975464, 5.740804672241211, 4.190368175506592, -3.2508440017700195]",tensor(0.8217)
angry_ffcbc99b4955e173dce19ca5fa332791,30-39,Male,White,angry,0,0,"[8.528453826904297, -3.386698007583618, -3.420609474182129, -4.289814472198486, 3.2169556617736816, -2.283923864364624, -3.815622091293335]",tensor(0.9950)
angry_63e1c09ba2dc6c18a5312d6d9e65488f,20-29,Female,Latino_Hispanic,angry,0,5,"[0.5082358121871948, 0.7980414628982544, -1.2809083461761475, -4.090827465057373, -1.5606842041015625, 5.383242130279541, -2.9047229290008545]",tensor(0.9800)
sad_8fd4a1f139ca4048477f5ed906b0a2b2,20-29,Female,Middle Eastern,sad,5,5,"[-3.070328712463379, -1.9132741689682007, -2.562241315841675, 2.186225414276123, -1.4820656776428223, 4.628865718841553, -1.8660635948181152]",tensor(0.9147)
sad_1c4f4c72ccbbe69f92ba0f4b20ab3528,20-29,Female,White,sad,5,4,"[-3.5525712966918945, -4.692117691040039, -2.632753610610962, 1.7676454782485962, 4.7075514793396, 1.146020770072937, -2.565070867538452]",tensor(0.9234)
surprise_8cd4bf128d9f43f045e0cb0b420c3dcd,50-59,Male,White,surprise,6,3,"[-1.9943416118621826, -3.367253541946411, -2.226822853088379, 1.8440077304840088, 1.2998051643371582, -2.2008628845214844, 0.7544893026351929]",tensor(0.5055)
disgust_7e90d362184a09763def5a69eb588cb0,20-29,Female,White,disgust,1,0,"[3.9334611892700195, -0.25342732667922974, -3.6954345703125, -1.2628748416900635, 3.2028489112854004, -2.4844439029693604, -3.828735113143921]",tensor(0.6645)
happy_0cecdaaa05e5b41dbc364d8f71d0bf3c,20-29,Female,White,happy,3,3,"[-2.2610154151916504, -1.950250267982483, -2.8069634437561035, 7.073127746582031, -2.764202833175659, -2.1473374366760254, -1.0300354957580566]",tensor(0.9993)
surprise_27300a36f4224c9d89df26538bc6aed8,20-29,Female,White,surprise,6,4,"[-3.9094464778900146, -5.070256233215332, -4.700991630554199, 1.0670491456985474, 7.299699306488037, -1.0797206163406372, -0.07421160489320755]",tensor(0.9972)
angry_9e35efca7da4116dd7c1cc3c8b9bbc4f,50-59,Male,Black,angry,0,5,"[4.829557418823242, -3.677337884902954, -3.361989974975586, -4.930057525634766, 1.783264398574829, 6.483384132385254, -5.788965702056885]",tensor(0.8330)
surprise_fcf0cc4ad1ac38d624d60309ee137d87,40-49,Male,White,surprise,6,4,"[-5.633930683135986, -5.65811824798584, -4.174586296081543, 3.1628522872924805, 4.924199104309082, -1.5415130853652954, 0.7832332253456116]",tensor(0.8407)
surprise_1bac306f836f30f21c7978801fe346cb,30-39,Male,White,surprise,6,6,"[-3.9049203395843506, -3.723594903945923, -2.4541001319885254, 4.21293830871582, -1.2745953798294067, -5.221333980560303, 5.862630367279053]",tensor(0.8380)
neutral_218d2e2d543fa57c1ac79a98e52f93c8,20-29,Male,White,neutral,4,4,"[-4.15618896484375, -3.9668328762054443, -1.1288743019104004, 0.12265676259994507, 4.006239891052246, -3.187826633453369, 2.1806554794311523]",tensor(0.8411)
happy_d27bf36da78a52502822babf931fe1e0,00-02,Female,White,happy,3,3,"[-4.1845383644104, -4.437294006347656, -1.7751468420028687, 5.932955741882324, -2.9282066822052, 0.4111063778400421, 1.1725817918777466]",tensor(0.9869)
neutral_33aa3bce28012b491aa0ace4be16d5ea,20-29,Female,White,neutral,4,4,"[-2.744608163833618, -3.887134313583374, -3.9947094917297363, 3.156437873840332, 5.381103992462158, -1.380679965019226, -1.7343260049819946]",tensor(0.9005)
happy_b8813ea6815a0117caef81b5ee93fc87,50-59,Male,White,happy,3,3,"[-2.4274134635925293, -1.9333184957504272, -2.3930716514587402, 6.886142730712891, -2.5231096744537354, -2.090407609939575, -1.0028268098831177]",tensor(0.9991)
surprise_54c847a07b60d8418135f343579446cd,03-09,Male,White,surprise,6,3,"[-3.4080047607421875, -2.7534072399139404, -1.9463188648223877, 5.561432361602783, -2.748709201812744, -2.375210762023926, 1.7313414812088013]",tensor(0.9773)
fear_7149e1405fcaa76d4fe4dca54ddaf3f9,00-02,Male,White,fear,2,3,"[-3.1572582721710205, -2.7919270992279053, -3.9896533489227295, 6.065345764160156, -0.14083506166934967, -3.175294876098633, 0.8122349381446838]",tensor(0.9924)
neutral_85f562195e487232c21f9350388e482e,20-29,Female,White,neutral,4,4,"[-2.798443555831909, -3.8455841541290283, -4.251159191131592, 2.7312850952148438, 6.930023193359375, -1.231797218322754, -3.050628662109375]",tensor(0.9848)
fear_cf23906f0290520b65aa069a7b63d7d2,20-29,Male,Middle Eastern,fear,2,3,"[0.06710736453533173, -0.5790042281150818, -0.7169342041015625, 2.067495584487915, -0.7109538316726685, -1.5372554063796997, -3.057945728302002]",tensor(0.7336)
disgust_71a124ec638d3fde24e66058e090ae80,03-09,Female,White,disgust,1,3,"[-2.3357012271881104, -2.2422544956207275, -2.557584762573242, 5.169384479522705, -0.015840785577893257, -2.3762731552124023, -1.5975828170776367]",tensor(0.9912)
fear_1c7f8349b0930c83b274a93adbfaa64b,03-09,Female,White,fear,2,3,"[0.7682057619094849, -3.3601279258728027, -0.2063421905040741, 1.1477664709091187, -3.876488208770752, 0.4562140107154846, -0.6050024032592773]",tensor(0.3796)
fear_e5dbd07dd143aeeb6bc72c2438ae8449,30-39,Male,Middle Eastern,fear,2,0,"[3.3865959644317627, 0.4722263813018799, -2.4893813133239746, -2.073110342025757, 0.7500799298286438, -3.155628204345703, -1.4670358896255493]",tensor(0.8755)
neutral_bade0018fa347c9db27eadbe195416de,30-39,Male,White,neutral,4,4,"[-1.0819876194000244, -1.1734025478363037, -1.9218542575836182, -1.914261817932129, 1.7472765445709229, 1.6748383045196533, -0.8855350613594055]",tensor(0.4616)
neutral_a341a12be5aee983d521e3e1ffa6ef60,30-39,Female,White,neutral,4,3,"[-3.1317498683929443, -2.387758255004883, -4.660743236541748, 6.660562992095947, 2.0125210285186768, -3.682565450668335, -2.1224119663238525]",tensor(0.9901)
angry_49f33f014d41f1c61fd110dea20e2e32,03-09,Male,White,angry,0,0,"[7.596965312957764, 1.9614585638046265, -3.947567939758301, -3.9890356063842773, -0.3420623540878296, -0.8894944190979004, -2.8307204246520996]",tensor(0.9958)
happy_38e1d967ff34b7a645c43ca49a6356d7,30-39,Male,White,happy,3,3,"[-1.9078786373138428, -1.9762638807296753, -2.7406463623046875, 6.649210453033447, -1.4955986738204956, -2.534719228744507, -1.8620357513427734]",tensor(0.9990)
sad_2e332877f71ed13ebcca871e9b9128a2,20-29,Female,White,sad,5,5,"[-2.975536823272705, -3.38318133354187, 1.5931591987609863, -4.660159587860107, -0.37717413902282715, 7.8732476234436035, -1.5553547143936157]",tensor(0.9978)
fear_2e7d8d78cb1e8e2e3d22aac3625a7542,20-29,Male,White,fear,2,2,"[-3.431779623031616, -1.3574520349502563, 6.451367378234863, -3.760841131210327, -3.1948158740997314, 0.7282283306121826, 0.2700515389442444]",tensor(0.9941)
disgust_9c0c7c17921b42f2c6a522d1135943d0,20-29,Female,Middle Eastern,disgust,1,4,"[-3.898902416229248, -4.119352340698242, -4.023902416229248, -0.1009492576122284, 5.371681213378906, -3.673068046569824, 3.227843999862671]",tensor(0.8914)
fear_28713d1b9789cae219e61281d2c12c61,03-09,Male,White,fear,2,6,"[-4.722212314605713, -2.8854711055755615, 3.2620396614074707, -1.8447191715240479, -2.5179226398468018, -0.08844880759716034, 3.555187225341797]",tensor(0.5616)
surprise_9c8f3e55770b77fd1c7a8c92f686a601,50-59,Female,White,surprise,6,4,"[-1.6149876117706299, -4.672658920288086, -4.965359210968018, 2.069279193878174, 4.600193977355957, 0.7200816869735718, -4.176455974578857]",tensor(0.9070)
happy_513e572eb3776e610b8181b8eff659b7,30-39,Female,White,happy,3,3,"[-2.349102735519409, -1.866451382637024, -2.537520170211792, 5.850654125213623, -1.933351755142212, -2.6959948539733887, -0.06164747104048729]",tensor(0.9958)
disgust_dc4093dcfdd775296c91510c2791ac45,20-29,Male,East Asian,disgust,1,4,"[-3.1336491107940674, -4.504432678222656, -4.883291244506836, 1.3374353647232056, 5.875807285308838, -1.5705689191818237, -0.05172104015946388]",tensor(0.9861)
surprise_1d936be77769119161f0a6a230e51f04,20-29,Female,White,surprise,6,6,"[-2.544797420501709, -5.542242050170898, -0.001796177588403225, -2.729872465133667, 2.169250249862671, -2.4422781467437744, 5.041757106781006]",tensor(0.9394)
neutral_30b91864d9da8dbd7319aa3b46cae3d8,03-09,Male,Middle Eastern,neutral,4,3,"[-4.0950703620910645, -3.6822667121887207, -2.540743589401245, 3.177931785583496, 2.5978333950042725, -2.4172141551971436, -0.0037581375800073147]",tensor(0.6211)
sad_6c2336dad264c5c76dd171e93d5eeae1,20-29,Female,White,sad,5,5,"[-4.311905384063721, -6.836098670959473, -0.4563356935977936, -4.967396259307861, 2.6026909351348877, 10.342390060424805, -3.333453416824341]",tensor(0.9995)
fear_2b11e9b6f940165aadcec181609342d7,20-29,Female,White,fear,2,2,"[-0.10207481682300568, -1.257662296295166, 6.582107067108154, -3.927391290664673, -4.56669282913208, -3.262808322906494, 3.091799736022949]",tensor(0.9688)
disgust_099a277fd7d8bcc5b52a7e9cd63f5921,03-09,Female,White,disgust,1,6,"[-2.4424498081207275, 1.7918425798416138, -0.9437241554260254, -1.0410481691360474, -4.010662078857422, -0.8535959720611572, 2.1716866493225098]",tensor(0.5467)
angry_9cc8ee50ffb676a19a1e30cda6dfce65,40-49,Male,White,angry,0,4,"[0.8397643566131592, -3.6589651107788086, -4.46311616897583, -1.0421158075332642, 5.6244988441467285, 0.8944559097290039, -2.9890856742858887]",tensor(0.9816)
fear_b87d6fffbfb21b9450cd56872739f20b,20-29,Female,White,fear,2,6,"[-1.4337354898452759, -3.6682002544403076, 4.948297023773193, -2.3217175006866455, -5.163022994995117, -4.2974066734313965, 6.884531497955322]",tensor(0.8736)
neutral_5a1c50a92dfec40f4b8ce389a977e0fa,20-29,Female,White,neutral,4,4,"[-3.3989858627319336, -3.540290117263794, -1.9186879396438599, 0.13822543621063232, 3.8235809803009033, -3.891402244567871, 3.731570243835449]",tensor(0.5149)
surprise_3713bbb5c3b121f94e9ffcefefc3f64b,20-29,Female,White,surprise,6,6,"[-4.309722423553467, -5.6656622886657715, -2.5998220443725586, -0.5988568067550659, 3.8146727085113525, -6.6495280265808105, 7.221285343170166]",tensor(0.9675)
sad_3a87b87af4a794574f89392d4d90e22b,03-09,Female,White,sad,5,5,"[-3.205904006958008, -2.607365369796753, -0.5267398953437805, -0.8905614614486694, -1.6270475387573242, 8.794573783874512, -3.1385624408721924]",tensor(0.9998)
fear_b0a7ba9ac1d07798bdba1c6bb9f62c18,03-09,Female,White,fear,2,2,"[-2.961435079574585, -0.8604528307914734, 5.158216953277588, -4.291079044342041, -2.215090751647949, 3.936687469482422, -4.408518314361572]",tensor(0.7702)
disgust_8ea2d5f85f6087fcb21567502eafd537,00-02,Male,White,disgust,1,3,"[-2.234419822692871, -2.387977123260498, -4.140411853790283, 5.326865196228027, 2.395138740539551, -2.4376702308654785, -2.890094518661499]",tensor(0.9478)
happy_bbb1c17845486b04d8bc6e758f63ff7a,30-39,Male,White,happy,3,3,"[-1.9479247331619263, -2.107661008834839, -2.9173359870910645, 7.691828727722168, -2.8729207515716553, -2.4314913749694824, -1.7126805782318115]",tensor(0.9997)
fear_71b0f884ea2adc8de82b403eefa4d0bd,30-39,Female,White,fear,2,6,"[0.7092512845993042, -1.464205265045166, 3.6897964477539062, -1.3397067785263062, -4.985352993011475, -3.550415515899658, 3.868077516555786]",tensor(0.5290)
happy_65a95f4e19440b2c956aeddda0cbdd56,30-39,Male,White,happy,3,3,"[-1.6116178035736084, -2.0970346927642822, -2.329245090484619, 5.2862935066223145, -1.3676674365997314, -1.6832789182662964, -1.8864305019378662]",tensor(0.9949)
surprise_6a55a53230eaa30864b0bdda7b508154,40-49,Male,White,surprise,6,0,"[4.5666704177856445, -2.244736909866333, -3.1949377059936523, -4.365651607513428, 3.5535571575164795, 0.7415335178375244, -2.4881019592285156]",tensor(0.7208)
angry_3d805a34e64e6eb2fc048287b6f32b53,50-59,Male,White,angry,0,0,"[5.8446173667907715, 1.4615670442581177, -2.446923017501831, -5.049038410186768, -0.012988133355975151, 1.1535321474075317, -3.7809534072875977]",tensor(0.9757)
disgust_0c0df76257d4a469f430009b08741c2a,20-29,Male,White,disgust,1,4,"[-0.49753785133361816, -2.8491525650024414, -4.4859185218811035, -1.4182244539260864, 4.714686393737793, 0.8026080131530762, -1.0203455686569214]",tensor(0.9695)
sad_763f5b23957c6e2bc3f5691982ead3cd,03-09,Male,White,sad,5,3,"[-3.949993133544922, -2.0290868282318115, -3.164799690246582, 6.276280403137207, -1.8019330501556396, -0.4017064869403839, -1.6835346221923828]",tensor(0.9977)
sad_ee476d8caf8b2f2077578c8368442d86,03-09,Female,Middle Eastern,sad,5,5,"[-2.395136833190918, -3.797006607055664, 0.22195473313331604, -4.0693039894104, 1.0828732252120972, 6.1294379234313965, -1.1625072956085205]",tensor(0.9900)
angry_db173dccc4cde5fb7cfdf2c0747fd9a5,30-39,Male,White,angry,0,4,"[2.0865142345428467, -3.2481420040130615, -3.8650689125061035, -3.0510802268981934, 3.282550573348999, 2.928767442703247, -1.7973147630691528]",tensor(0.4964)
fear_446a1798a2787876102599e618ac2f4d,00-02,Male,White,fear,2,2,"[-2.3828845024108887, -2.021253824234009, 5.321710109710693, -4.299749374389648, -2.260129451751709, -0.9513001441955566, 2.084200859069824]",tensor(0.9589)
fear_893b86e34747655a977928412c1b4855,00-02,Male,White,fear,2,2,"[-1.3036937713623047, -1.3439825773239136, 4.161678791046143, -3.2593231201171875, -2.9361021518707275, -2.0720834732055664, 2.819851875305176]",tensor(0.7855)
disgust_ed44f7ff2bd9fcb546fde8a201b3de30,30-39,Male,Latino_Hispanic,disgust,1,5,"[-0.9584330916404724, -1.1110166311264038, -2.5948355197906494, 0.9080930352210999, 0.6305861473083496, 1.8437010049819946, -3.782810926437378]",tensor(0.5501)
surprise_eaefd879f73270578d99d60b2279cbd0,70+,Female,White,surprise,6,5,"[-1.9406094551086426, -3.4991729259490967, -1.2333242893218994, -3.1013236045837402, 2.29207444190979, 3.2870402336120605, -0.48393893241882324]",tensor(0.7083)
fear_f3e24849683e0752a12a63f588052c1c,40-49,Male,Black,fear,2,5,"[0.7183237671852112, -4.2498321533203125, -1.1565406322479248, -4.760750770568848, 1.773396611213684, 3.684025526046753, -0.2282385379076004]",tensor(0.8143)
neutral_19fbfdffd8f398a600c35ce7242460f6,20-29,Male,White,neutral,4,4,"[-2.8248746395111084, -5.544599533081055, -4.374904155731201, 3.7632040977478027, 6.011040687561035, -1.576722502708435, -2.409461498260498]",tensor(0.9037)
fear_c374410a5a2322b71d97214e1bb37fde,60-69,Female,White,fear,2,3,"[-2.902618169784546, -3.8168060779571533, -4.618920803070068, 5.983649253845215, 2.045593738555908, -0.4743877649307251, -3.8868656158447266]",tensor(0.9791)
surprise_dd93201ab3356990291810f5c6b71bbf,00-02,Male,Black,surprise,6,3,"[-3.697620153427124, -2.895454168319702, -2.9438235759735107, 4.907848834991455, -0.5368177890777588, -4.327295780181885, 3.382282257080078]",tensor(0.8177)
neutral_17b70acde71c101377b3b47f7de64adc,70+,Male,Middle Eastern,neutral,4,3,"[-3.773338794708252, -3.809999704360962, -4.8854169845581055, 6.067777633666992, 2.9208972454071045, -0.4568899869918823, -3.977993965148926]",tensor(0.9573)
neutral_11134faffe13975a163cbf45c44ee175,03-09,Male,White,neutral,4,4,"[-4.528751850128174, -5.610684871673584, -1.378638744354248, -2.8916351795196533, 4.25310754776001, 4.017406463623047, 0.5944281220436096]",tensor(0.5493)
fear_0b68f6b534bbe3f039466500513d94d4,30-39,Male,White,fear,2,3,"[-2.2102208137512207, -2.497582197189331, -1.4083638191223145, 4.885138988494873, -3.24985408782959, 1.349721074104309, -2.796876907348633]",tensor(0.9679)
disgust_ea664794cba4cfd584174120191d1d47,30-39,Male,East Asian,disgust,1,4,"[-2.2993521690368652, -2.3790628910064697, -4.502717018127441, -0.5968824625015259, 3.7233502864837646, -1.545283317565918, 1.7789984941482544]",tensor(0.8573)
surprise_785aff23e7aaeff26775f0ae9dccc621,10-19,Female,White,surprise,6,2,"[-0.5710194706916809, -1.669096827507019, 4.769302845001221, -3.612776756286621, -3.871809959411621, -1.8838722705841064, 3.197946548461914]",tensor(0.8225)
sad_bc491efa5094f7bbc834baa0348887cd,50-59,Male,Southeast Asian,sad,5,0,"[3.8695056438446045, 2.793921947479248, -4.433414936065674, -2.7946057319641113, 0.715792179107666, -0.2558844983577728, -3.558943748474121]",tensor(0.7132)
surprise_4de0852f8c292b891950e18331ecf0ba,30-39,Male,White,surprise,6,2,"[-2.472262144088745, -2.559229612350464, 2.9432284832000732, -5.003800868988037, 0.7950215339660645, -0.054859459400177, 1.4315836429595947]",tensor(0.7163)
disgust_cf94c0c031acf8a7e6f30fbd57cff58a,20-29,Female,White,disgust,1,5,"[-1.5306282043457031, -1.6514668464660645, 0.2746189534664154, -3.168213367462158, -0.3001191020011902, 5.825207710266113, -3.5229220390319824]",tensor(0.9926)
disgust_46aa0296972969f682738ec006e9372c,20-29,Male,White,disgust,1,5,"[0.511985182762146, 0.5524609088897705, -3.6912686824798584, -2.02811598777771, 0.1371632218360901, 4.441636562347412, -3.555698871612549]",tensor(0.9471)
happy_d9069625e5ff2018f31a0d6e8630cd01,20-29,Female,Latino_Hispanic,happy,3,3,"[-2.17866587638855, -1.9827321767807007, -2.7930774688720703, 6.628688335418701, -0.9855126738548279, -2.7728583812713623, -1.8272167444229126]",tensor(0.9988)
happy_e76f77d7c4712e3a1168ca642426e2b5,20-29,Female,White,happy,3,3,"[-2.2408199310302734, -1.848997950553894, -2.800203323364258, 6.8105788230896, -2.0750420093536377, -2.412609577178955, -1.586459994316101]",tensor(0.9992)
sad_4005a83e09ef631ba520e8dcfea48cf7,50-59,Female,White,sad,5,5,"[-0.5102521777153015, -3.3450639247894287, -2.0673437118530273, -4.575568675994873, 2.0962436199188232, 7.58823823928833, -3.009652614593506]",tensor(0.9955)
neutral_02c4a4802bd2b0c6d94f3c9887c9c566,40-49,Male,White,neutral,4,0,"[4.245162487030029, 0.19853487610816956, -3.5747427940368652, -6.0399980545043945, 3.1133062839508057, -0.24622532725334167, -3.1850533485412598]",tensor(0.7396)
disgust_d0357a7803ee2f18c46a44c478ad020e,20-29,Female,White,disgust,1,4,"[-1.5891430377960205, 0.7510768175125122, -2.2618069648742676, -1.5252794027328491, 1.9937766790390015, -1.2004690170288086, -0.040152523666620255]",tensor(0.6527)
surprise_c76558f77850e78784eb70a5f2668493,03-09,Male,White,surprise,6,3,"[-3.94085955619812, -4.25907039642334, -3.226121425628662, 5.02394962310791, 0.5178517699241638, -2.107184886932373, 1.1265337467193604]",tensor(0.9684)
fear_6dfbacb5c8fad879ae959b20ef2f2ee7,00-02,Male,White,fear,2,6,"[-4.938565731048584, -3.7967936992645264, 3.257174491882324, -4.620608329772949, 1.2634727954864502, -0.014532268047332764, 3.821563482284546]",tensor(0.5993)
sad_f51b9e11e64785ac512b6220204e9e08,30-39,Female,White,sad,5,4,"[0.31804394721984863, -2.1038336753845215, -4.77842378616333, 0.052197884768247604, 2.470329523086548, 2.4246435165405273, -3.9675815105438232]",tensor(0.4601)
disgust_0e5caef71770a6a1d4dd60b6b80fdaef,20-29,Female,White,disgust,1,4,"[-2.4203994274139404, -4.239797115325928, -3.744062900543213, 0.8491711020469666, 7.39276647567749, -5.21466588973999, -0.27722257375717163]",tensor(0.9980)
angry_121e4742f94e1f0fac593d4ebe978927,20-29,Male,White,angry,0,5,"[1.780279278755188, -1.515964388847351, -3.669485330581665, -3.9980270862579346, 3.2045600414276123, 3.7909996509552, -4.972290515899658]",tensor(0.5895)
angry_193628b128d3de773fd1d0f6c9a7f857,20-29,Female,White,angry,0,4,"[-0.8905788660049438, -1.9041540622711182, -2.2703118324279785, -2.2012901306152344, 4.026273727416992, -1.278733491897583, 0.5110791921615601]",tensor(0.9537)
disgust_d9dd0399b60af46f5ab6865231972749,20-29,Male,White,disgust,1,4,"[0.5521801114082336, -0.2836836576461792, -3.308471918106079, -1.1904475688934326, 3.5902764797210693, -3.06978702545166, 0.2911515235900879]",tensor(0.8958)
fear_f090c82beab6abc8755559e0228c3295,20-29,Female,White,fear,2,6,"[-3.630385160446167, -3.0152361392974854, 3.2929534912109375, -2.926947593688965, -3.3402554988861084, -1.5155426263809204, 5.944392681121826]",tensor(0.9332)
fear_c9438a986a1306e0994e7d54e142b1d9,20-29,Female,White,fear,2,6,"[-3.341583490371704, -2.745664119720459, -0.1904451847076416, 0.8410909175872803, -1.008323073387146, -3.464386224746704, 4.5155487060546875]",tensor(0.9617)
surprise_cb71331e73c7668615a41a3a5909470c,00-02,Male,White,surprise,6,6,"[-1.669532299041748, -3.827749729156494, 0.770341157913208, -2.5254416465759277, -0.041972123086452484, -0.8903967142105103, 2.9303243160247803]",tensor(0.8306)
disgust_d2484177dd4782b09b328a12d709660e,20-29,Female,Latino_Hispanic,disgust,1,0,"[4.324884414672852, -0.7270928025245667, -1.7178876399993896, -5.945764064788818, 1.9208345413208008, 0.4521442949771881, -3.278578281402588]",tensor(0.8925)
angry_b40f02549d91e9dd03aeb7e5d965a623,40-49,Male,Black,angry,0,4,"[-2.785198926925659, -4.162838935852051, -3.796624183654785, -0.47073590755462646, 6.197575569152832, -0.011299461126327515, -3.096569776535034]",tensor(0.9964)
neutral_90ec836cee7df185852e4c4c781f01ce,30-39,Female,White,neutral,4,4,"[-0.980181872844696, -0.24953052401542664, -2.748504638671875, -0.021425049751996994, 0.29459822177886963, -0.07431304454803467, -0.6580180525779724]",tensor(0.2693)
happy_879bd802eef4800c0d0b701ddd0a4cf3,30-39,Female,Indian,happy,3,3,"[-1.2703580856323242, -1.3908634185791016, -4.2971320152282715, 6.146194934844971, 0.9296150207519531, -2.504136562347412, -4.23588752746582]",tensor(0.9933)
fear_4c08cd893b7d1cd62ab2a995ee66b529,20-29,Female,White,fear,2,5,"[-4.0505781173706055, -3.9087605476379395, -1.2500513792037964, -3.545905590057373, 3.051619529724121, 3.631805419921875, 1.5132958889007568]",tensor(0.5919)
angry_6a2e293308b54841065b601e56f0415d,50-59,Female,White,angry,0,4,"[-1.5022562742233276, -4.658635139465332, -3.7270331382751465, 1.4744737148284912, 5.1399078369140625, 0.6060080528259277, -2.641714096069336]",tensor(0.9632)
neutral_8ab7e38adb4969ab012f1fc7a83839f5,20-29,Female,White,neutral,4,4,"[-2.126335859298706, -2.3084771633148193, -2.285728693008423, -0.30173397064208984, 4.34625768661499, -1.3069233894348145, -0.7950756549835205]",tensor(0.9774)
surprise_db91ad5260d4427b93e24ce1f37e98fd,00-02,Male,White,surprise,6,6,"[-5.078116416931152, -4.545931339263916, -0.11535373330116272, -0.7091768980026245, 1.1584789752960205, -3.5597798824310303, 6.515881061553955]",tensor(0.9932)
sad_e24b05ea89cbcce063d58c225b661df5,20-29,Male,Southeast Asian,sad,5,5,"[-0.018760215491056442, -2.483322858810425, -2.3607969284057617, -5.539821147918701, 2.437232255935669, 6.091236591339111, -1.7303454875946045]",tensor(0.9719)
disgust_ab076a2b7fe8f6ed5a1b9265883035f3,20-29,Female,Middle Eastern,disgust,1,0,"[3.2452032566070557, -1.313468337059021, -1.7667579650878906, -3.7874629497528076, 1.6277117729187012, -3.8735008239746094, 0.4741097390651703]",tensor(0.7814)
fear_7ec98f3ac11bfdc7b3e7402987caeb42,00-02,Female,White,fear,2,5,"[-5.237889766693115, -3.3868019580841064, -0.5810533761978149, 1.1416743993759155, -1.674074411392212, 2.6957106590270996, 1.9985814094543457]",tensor(0.5674)
disgust_a896a82a062959a832db84ccd7dd1835,30-39,Female,White,disgust,1,4,"[-2.1238930225372314, -4.105974197387695, -4.5285515785217285, 3.0938897132873535, 5.459304332733154, 0.33542558550834656, -4.6434550285339355]",tensor(0.9087)
angry_64d0c965770b330fdd6767bcdab848d5,40-49,Male,White,angry,0,4,"[-1.9897911548614502, -7.1010894775390625, -4.600290775299072, -3.6749982833862305, 8.802732467651367, 4.390933990478516, -2.380156993865967]",tensor(0.9880)
sad_0366f0ecb3881a1d2d4cd130aabdf204,40-49,Female,White,sad,5,5,"[-1.3047550916671753, 0.5704723000526428, 0.5046876072883606, -3.57180118560791, -1.643030047416687, 4.564127445220947, -2.4095585346221924]",tensor(0.9599)
happy_9089263295ad83a9c1d577d840103636,60-69,Male,White,happy,3,3,"[-2.608147621154785, -1.8125978708267212, -3.0403318405151367, 7.10042667388916, -0.9488277435302734, -2.796046733856201, -2.0819625854492188]",tensor(0.9993)
angry_a17077a11c0d577ee70cf0771c9a1648,30-39,Male,White,angry,0,0,"[2.870398759841919, -2.833371877670288, -0.11594939231872559, -5.978630542755127, 2.7602732181549072, 0.32042449712753296, -1.8441128730773926]",tensor(0.4910)
surprise_8e2aa8ee88a11100c9bf386db1f63325,20-29,Female,White,surprise,6,4,"[-3.063325881958008, -2.895651340484619, -2.6731512546539307, 1.8269004821777344, 3.2924959659576416, 0.0005553662776947021, -0.23400087654590607]",tensor(0.7669)
angry_bc27b86c061378f5b8ceb686c2ce7b07,30-39,Male,White,angry,0,6,"[-3.3270840644836426, -4.994388580322266, -3.197091579437256, 1.1486963033676147, 2.7201895713806152, -5.606287479400635, 6.640760898590088]",tensor(0.9765)
fear_b1e3edac1b06c30707de184ec76b9328,00-02,Male,Latino_Hispanic,fear,2,6,"[-2.9382307529449463, -3.3608696460723877, 0.7398674488067627, 1.734721302986145, -4.3431172370910645, 1.7256449460983276, 2.6390380859375]",tensor(0.5095)
fear_e23f7ad842050ef8dda1e2b1085b43e0,20-29,Male,White,fear,2,1,"[1.0001857280731201, 6.671728134155273, 0.1672191470861435, -3.9748263359069824, -2.882430076599121, -1.5533593893051147, -0.6902292966842651]",tensor(0.9941)
surprise_3fd7ee7b0a735daf73281b78c8d40f2f,00-02,Male,White,surprise,6,6,"[-2.3206117153167725, -4.052087783813477, 0.10556533932685852, -3.587808847427368, 1.5391051769256592, -1.1386934518814087, 4.760321140289307]",tensor(0.9493)
happy_54826cd9fe96c995b3e1d0f0849ad6ee,30-39,Female,White,happy,3,3,"[0.040267616510391235, -0.8018634915351868, -2.0592379570007324, 4.00219202041626, -0.8468533754348755, -2.7045786380767822, -2.816098213195801]",tensor(0.9618)
happy_669df2c289ebd14376101060a728db38,40-49,Female,East Asian,happy,3,3,"[-3.4460270404815674, -2.5130105018615723, -3.5677692890167236, 6.4488749504089355, -1.7104933261871338, -3.481356620788574, 2.0672407150268555]",tensor(0.9871)
angry_71e69bac91a16e16cb322c747a3c99d9,20-29,Male,Latino_Hispanic,angry,0,2,"[-1.8689799308776855, -0.2448507398366928, 2.503838300704956, -5.164474010467529, -0.3506040573120117, 1.9651460647583008, -1.4734525680541992]",tensor(0.5757)
fear_70ae23807c8757d55b5b30fed5f7f40c,30-39,Male,Black,fear,2,6,"[-0.982434093952179, -4.496865272521973, -2.7536814212799072, -4.837777614593506, 3.9160449504852295, -0.6243736743927002, 4.222371578216553]",tensor(0.5712)
sad_f1ef9a0005b6225ccde7de79ffefd728,20-29,Female,Latino_Hispanic,sad,5,5,"[-0.4501413404941559, -4.661309719085693, -4.931508541107178, -1.2519363164901733, 3.8439254760742188, 6.591590881347656, -5.5433349609375]",tensor(0.9386)
fear_9596365c7bddebb9567b75f8a87032e0,20-29,Female,White,fear,2,2,"[-1.830512523651123, -1.2516347169876099, 3.881357431411743, -2.267434597015381, -4.0422282218933105, 3.4084994792938232, -1.4120951890945435]",tensor(0.6098)
sad_69584f7bd84a805a5846c18986d881e0,10-19,Male,White,sad,5,4,"[-3.201774835586548, -5.265897750854492, -4.883871555328369, 4.018620491027832, 6.591005802154541, 0.21123717725276947, -4.1433515548706055]",tensor(0.9275)
sad_685e08eb922b56719ec9c7a35ea61c28,20-29,Female,White,sad,5,5,"[-2.684231996536255, -2.407188892364502, -1.7209662199020386, -3.299309730529785, 3.690878391265869, 4.324203014373779, -3.3668694496154785]",tensor(0.6509)
angry_ff8c6a79276043a6eb30de02e4871629,30-39,Male,White,angry,0,4,"[-2.3891611099243164, -4.208120346069336, -4.672542095184326, 2.3591179847717285, 6.619176387786865, -1.6434139013290405, -2.031308650970459]",tensor(0.9855)
disgust_29d9c7282735ebe2a3a7f9b0f85a6e93,40-49,Female,Middle Eastern,disgust,1,5,"[-1.9370734691619873, -4.312577247619629, -3.3589673042297363, -1.9045263528823853, 4.846925258636475, 5.902705192565918, -5.2986273765563965]",tensor(0.7414)
sad_186eca5f012354effdf5445b45f6422e,20-29,Male,East Asian,sad,5,4,"[-2.031851053237915, -5.338560104370117, -3.4850218296051025, -2.632981061935425, 6.568150043487549, 1.992205262184143, -0.49575310945510864]",tensor(0.9886)
fear_b2efc4017b3c3196144fb321a3ff9fe0,00-02,Male,White,fear,2,6,"[-2.3295416831970215, -2.8464317321777344, 0.4553466737270355, -1.5387938022613525, 1.7430903911590576, -2.0909957885742188, 2.5576868057250977]",tensor(0.6237)
happy_4a0c06c3b2ab40049e0ff27edb31cc96,03-09,Female,White,happy,3,3,"[-1.8761835098266602, -1.5961633920669556, -2.5090999603271484, 5.331567287445068, -3.1278929710388184, 1.0568480491638184, -1.7422634363174438]",tensor(0.9832)
neutral_c33829131bd6acc457e1c8f96231b2d5,20-29,Female,White,neutral,4,6,"[-3.7582876682281494, -3.87611985206604, -0.7681251764297485, -0.7247132062911987, 1.8802766799926758, 0.5948574542999268, 2.6519646644592285]",tensor(0.6024)
happy_e233e4a44de2cab75c468d9e2f93f4e7,50-59,Male,Latino_Hispanic,happy,3,3,"[-3.1881368160247803, -4.154979705810547, -3.186326503753662, 7.4443511962890625, 0.28564175963401794, -1.6201621294021606, -3.2765746116638184]",tensor(0.9990)
fear_84e7402b23771e5407a01ab80e524d52,30-39,Female,White,fear,2,6,"[-2.4242255687713623, -2.6347055435180664, 1.1813185214996338, -1.3547730445861816, -2.489849805831909, -5.3712158203125, 6.6949052810668945]",tensor(0.9954)
sad_8404b53461a8a36b35d4b4877898d237,03-09,Female,White,sad,5,5,"[-1.5958442687988281, -2.0506861209869385, -2.6829094886779785, 1.3275758028030396, -2.7950332164764404, 6.406120777130127, -3.6955296993255615]",tensor(0.9930)
surprise_a9ddc6a0dd60ec9a2c7c561192dcb41c,20-29,Female,Black,surprise,6,3,"[-3.865316152572632, -2.707780599594116, -3.5737762451171875, 3.52113676071167, 1.9233720302581787, 0.7603297233581543, -2.0612802505493164]",tensor(0.7857)
fear_5d5e6f92b7b0463f5a2ecd892f87aadf,20-29,Female,White,fear,2,2,"[-3.0646917819976807, -2.087899684906006, 5.9383864402771, -4.051880359649658, -3.5555813312530518, 1.006679654121399, 1.4546668529510498]",tensor(0.9813)
neutral_dd8c81f87420a224660e55bda99fb2b7,50-59,Male,White,neutral,4,3,"[-2.8206143379211426, -2.452359199523926, -4.264016628265381, 7.948099613189697, 0.2638902962207794, -4.019853115081787, -2.478041648864746]",tensor(0.9994)
disgust_143036ed60709847a11dfc367acbc418,30-39,Female,Latino_Hispanic,disgust,1,5,"[-3.357696771621704, -2.3229525089263916, -2.415400505065918, -1.9732544422149658, 1.958844542503357, 4.495249271392822, -1.1910362243652344]",tensor(0.9203)
angry_701e39fe1eb8fc5ff40e5b2cef46a3a5,50-59,Male,White,angry,0,5,"[3.471769094467163, -5.183845520019531, -3.927821397781372, -5.224116325378418, 4.198526859283447, 5.524835109710693, -3.6397809982299805]",tensor(0.7173)
disgust_f87dd916c73cd163d5a20ed4c0616c6d,30-39,Male,White,disgust,1,0,"[4.544460773468018, -2.5196101665496826, -2.544581413269043, -4.367995738983154, 2.422938585281372, -1.2807416915893555, -0.9447668194770813]",tensor(0.8859)
angry_de5459626a2bde97fa2a3bfa32ae8cd7,20-29,Male,Latino_Hispanic,angry,0,4,"[0.43808746337890625, -0.19912438094615936, -2.6602425575256348, -3.230706214904785, 3.012688159942627, 1.6879900693893433, -2.4711689949035645]",tensor(0.7185)
disgust_04f8a1e0a4d01fae99de54f9b2f433b7,40-49,Male,White,disgust,1,5,"[-1.4271419048309326, 0.9248431324958801, 1.3401495218276978, -4.483615398406982, -1.6673824787139893, 1.3815006017684937, -0.2630466818809509]",tensor(0.3452)
sad_c658d015b1cfa4dd3b2b785e06cb7ab0,20-29,Female,Indian,sad,5,5,"[-0.7611073851585388, -4.70875358581543, -2.598557233810425, -3.3641183376312256, 4.746860980987549, 4.974053382873535, -3.0700864791870117]",tensor(0.5552)
neutral_48a52a0e69ce908db3b9ed5cd1661efa,20-29,Female,White,neutral,4,4,"[-2.65246844291687, -4.169610977172852, -5.144077777862549, -0.6185946464538574, 7.017623424530029, -3.5471396446228027, 1.537109136581421]",tensor(0.9953)
fear_ab4faddd692a005899a38ad9f49c9190,20-29,Female,White,fear,2,5,"[-4.486473560333252, -7.229520797729492, -0.6725496649742126, -4.364073276519775, 3.9830124378204346, 8.278044700622559, -2.8786025047302246]",tensor(0.9864)
sad_8ca550dfa52ac091ff801d01acdf2687,03-09,Male,Black,sad,5,5,"[-1.9703714847564697, -4.048262596130371, -1.205239176750183, -2.5061073303222656, 2.830742597579956, 5.0005364418029785, -2.594369888305664]",tensor(0.8942)
angry_4e031470578d1a91e84e9bbf2b5201b0,50-59,Male,Middle Eastern,angry,0,0,"[4.1753058433532715, 0.6770411133766174, -3.9954986572265625, -0.1060270220041275, 1.4847670793533325, -2.6102659702301025, -4.317908763885498]",tensor(0.8980)
angry_2da41e0b27f0c4477aad8d218e4f1bb9,40-49,Male,White,angry,0,0,"[5.9211554527282715, 4.338442802429199, 2.4957542419433594, -5.8488898277282715, -5.570696830749512, -4.388251781463623, -0.8218377828598022]",tensor(0.8070)
happy_d55e709b24a5b32f51acbc61a4df0576,40-49,Female,White,happy,3,3,"[-1.9596562385559082, -2.300447702407837, -2.866995334625244, 7.049332618713379, -2.262194871902466, -2.267284631729126, -1.5374183654785156]",tensor(0.9994)
disgust_bbd54e37cf3b7e103f6142109510217e,60-69,Male,White,disgust,1,1,"[2.1610641479492188, 3.2372591495513916, -1.1825754642486572, -3.796868324279785, -1.9068989753723145, 2.0830800533294678, -2.534193277359009]",tensor(0.5959)
surprise_e58328732c0c908b563b1c9d68f77f78,20-29,Female,White,surprise,6,4,"[-0.27221474051475525, -2.275991201400757, -3.247401714324951, 0.49293166399002075, 3.959237813949585, -2.457935094833374, -0.3021209239959717]",tensor(0.9397)
angry_731385384a0bba1d8bd210c57296eb8a,50-59,Female,White,angry,0,0,"[5.2622857093811035, -0.43298500776290894, 4.419564723968506, -5.2778496742248535, -5.9595417976379395, 1.0176619291305542, -2.79128360748291]",tensor(0.6903)
fear_a7f1ba5e0c4d1b810847452640e45153,03-09,Male,White,fear,2,3,"[-2.4291021823883057, -1.5694481134414673, -3.316453456878662, 7.136373519897461, -1.2832679748535156, -2.799499034881592, -1.5311708450317383]",tensor(0.9993)
neutral_59493b3de6470c12f5fb0452b5d036dc,20-29,Female,White,neutral,4,4,"[-3.466700315475464, -4.537990570068359, -4.52404260635376, 2.943699836730957, 5.173925876617432, 1.0081883668899536, -3.6126270294189453]",tensor(0.8901)
angry_7842b31a7a46ab6146ac67a8a6c1653c,50-59,Male,White,angry,0,4,"[1.3508334159851074, -4.342014312744141, -3.7201735973358154, -2.3761401176452637, 7.206784248352051, 1.1663769483566284, -5.642948627471924]",tensor(0.9947)
surprise_9c9a596d93f6b17c368ab9690fb857b7,00-02,Male,White,surprise,6,4,"[-3.3502883911132812, -3.6869423389434814, -1.4549872875213623, 1.665075421333313, 2.545508861541748, -2.5423195362091064, 1.1021718978881836]",tensor(0.5953)
angry_d64dbe9303cc6e1750011fe7647f3706,40-49,Male,Latino_Hispanic,angry,0,0,"[2.2276031970977783, 0.6837431788444519, -2.058432102203369, -3.052265167236328, 1.5831844806671143, -1.705704927444458, -0.46389245986938477]",tensor(0.5421)
happy_43de3ed8ee4ba7420db32977bae0f0d0,50-59,Male,Latino_Hispanic,happy,3,3,"[-1.7712781429290771, -1.9749460220336914, -2.9667422771453857, 5.757880210876465, -0.983838677406311, -1.995993733406067, -2.4181525707244873]",tensor(0.9970)
happy_2906f48e57cdf774654ff70e4f3dcc0f,20-29,Female,White,happy,3,3,"[-2.410097360610962, -2.1895411014556885, -2.5453245639801025, 6.06439733505249, -0.9627898335456848, -3.2643492221832275, -0.46594515442848206]",tensor(0.9969)
surprise_5ca3647725ec1527b4e4c43c83aafc18,30-39,Male,White,surprise,6,6,"[0.24157927930355072, -1.4030373096466064, 2.0414648056030273, 0.9333516359329224, -5.569610118865967, -2.756286382675171, 2.4701943397521973]",tensor(0.4999)
neutral_021f2cc422d2c3ca47d864d8cccb621a,60-69,Male,White,neutral,4,0,"[2.1842806339263916, 1.6202260255813599, -2.5428895950317383, -4.5387654304504395, 0.3924137353897095, -1.4665814638137817, 0.210661381483078]",tensor(0.5234)
fear_e9ca723813b3373cbd265049d1859bd2,40-49,Male,Middle Eastern,fear,2,2,"[2.2485361099243164, -2.906926393508911, 6.141162395477295, -3.7667016983032227, -5.4585466384887695, -0.9416146278381348, 0.00928887166082859]",tensor(0.9770)
angry_df6e0835672135a18f37e8dcd1457e3f,30-39,Male,Black,angry,0,4,"[-0.39241233468055725, -3.4691274166107178, -4.181676387786865, 2.484498977661133, 3.606684923171997, -1.950972080230713, -2.712522506713867]",tensor(0.7403)
angry_3af1f46aa033b21afd152932fbcb3a5c,20-29,Male,White,angry,0,4,"[-1.2582751512527466, -4.275875091552734, -2.5315098762512207, -1.9122461080551147, 5.554701805114746, -0.13964968919754028, -0.09306486696004868]",tensor(0.9912)
fear_5d9f2b158724ca23d9889b4838cf1f52,40-49,Male,White,fear,2,2,"[-3.014805793762207, -2.6297357082366943, 4.818924427032471, -5.351028919219971, -1.081993818283081, 2.631889581680298, 0.7820813059806824]",tensor(0.8821)
surprise_7a83419708001fd0f865cd91504ce3f1,60-69,Female,Latino_Hispanic,surprise,6,3,"[-4.831322193145752, -2.2511146068573, -2.6793689727783203, 3.5681397914886475, 2.8584868907928467, -3.50899338722229, 0.012928331270813942]",tensor(0.6552)
angry_2dbc05bb020b48993e30503eca8a3a87,10-19,Female,White,angry,0,3,"[-2.51300311088562, -1.960729956626892, -3.625454902648926, 3.7219340801239014, 0.38088905811309814, 0.720441460609436, -1.744696021080017]",tensor(0.9130)
sad_7cebc852709b4d0f334550c0050493ac,00-02,Female,White,sad,5,5,"[-1.4793038368225098, -3.7313716411590576, -0.9128268957138062, -3.074450969696045, 1.9707059860229492, 3.0334157943725586, 0.5342943668365479]",tensor(0.6843)
surprise_36990d083d62d98ec01d12dd011359b6,30-39,Female,East Asian,surprise,6,3,"[-4.739152431488037, -3.2284231185913086, -2.31496262550354, 6.726776599884033, -3.3348023891448975, -4.461825847625732, 3.5206716060638428]",tensor(0.9608)
happy_e76963e2472ce308e19b4eaa7c1bb3af,20-29,Female,White,happy,3,3,"[-2.2030258178710938, -2.118091344833374, -2.9674253463745117, 7.056843280792236, -1.8405096530914307, -2.1195790767669678, -1.780125379562378]",tensor(0.9994)
sad_85647b899a1f6758dc16064b89d93a85,30-39,Male,Indian,sad,5,5,"[-1.7328875064849854, -3.7275493144989014, 0.7991629838943481, -7.662182331085205, -0.2258603572845459, 9.7916898727417, -1.7645878791809082]",tensor(0.9998)
surprise_1e9ff7b0381e9fe6febff7ef1fb7e0e9,00-02,Male,White,surprise,6,3,"[1.300368070602417, -0.13222430646419525, -4.2344279289245605, 4.016280651092529, -2.7787997722625732, -4.100936412811279, -0.23140773177146912]",tensor(0.9108)
neutral_6c53d8312cee78c570f2572f00465571,20-29,Female,White,neutral,4,3,"[-3.334855318069458, -2.6337130069732666, -3.6529979705810547, 4.971116542816162, 3.083700656890869, -1.7294152975082397, -2.4315009117126465]",tensor(0.8664)
disgust_97c44eabc34d1251c7ca2e1f27f5715e,20-29,Female,White,disgust,1,5,"[-0.5993338227272034, -0.366486132144928, -2.2873382568359375, -2.258869171142578, 0.9181541204452515, 3.9654440879821777, -2.2510926723480225]",tensor(0.9286)
neutral_d1b8597a15cab58cea1739a4ab1352c5,20-29,Female,White,neutral,4,4,"[-1.5480598211288452, -5.61549186706543, -4.696003437042236, 0.22623904049396515, 8.505680084228516, 1.7122217416763306, -4.89057731628418]",tensor(0.9986)
surprise_b76b381c0736ac0c7aecebd91bf471f8,20-29,Male,White,surprise,6,1,"[2.2420432567596436, 6.5430684089660645, -0.1624838411808014, -4.6186137199401855, -3.227295398712158, -2.44399356842041, -0.2475447654724121]",tensor(0.9842)
fear_afd84aec88b0315dc24b65121b73da73,20-29,Male,White,fear,2,2,"[-0.31836867332458496, -2.7354161739349365, 7.913114070892334, -5.3975629806518555, -5.980730056762695, -0.13664081692695618, 2.8090574741363525]",tensor(0.9934)
neutral_5b996bcd83824e1bc534adff67739866,10-19,Male,Middle Eastern,neutral,4,4,"[1.0857622623443604, -5.424314498901367, -6.58633279800415, -0.8504383563995361, 9.317358016967773, -1.4768754243850708, -3.9596076011657715]",tensor(0.9997)
neutral_b0537a7c8b41f04fefffd281a783bbc0,30-39,Female,White,neutral,4,4,"[1.9721407890319824, -2.0867273807525635, -4.612964153289795, -2.285414457321167, 4.994916915893555, -0.7768750190734863, -2.23353910446167]",tensor(0.9487)
disgust_ef56baab6ed54015b1129a99061f1a78,20-29,Female,Black,disgust,1,4,"[-1.2715919017791748, -3.052642583847046, -2.5719175338745117, -1.5359574556350708, 2.859208822250366, -1.4079687595367432, 1.4596645832061768]",tensor(0.7715)
neutral_cf146a8bef1c31643220d2ca464aafd4,20-29,Male,White,neutral,4,4,"[-0.7240157723426819, -5.1984381675720215, -4.37102746963501, -0.9243286848068237, 6.863333225250244, 1.4351893663406372, -2.034743309020996]",tensor(0.9946)
fear_067485504f64c801cd763c5943750b36,30-39,Female,White,fear,2,5,"[-4.571928024291992, -4.350414276123047, -0.15121275186538696, -0.4370579123497009, 1.1864266395568848, 3.7908053398132324, -0.9265777468681335]",tensor(0.8949)
fear_0adc56d7776c05e928ec8f6bada23c61,20-29,Male,Black,fear,2,6,"[-4.530832767486572, -2.947014331817627, -1.5539652109146118, -2.013657569885254, 1.0246390104293823, -0.981126070022583, 5.424537181854248]",tensor(0.9845)
sad_3257573e190804949f882e2e35414e02,60-69,Male,White,sad,5,4,"[-0.4331691563129425, -7.504671096801758, -5.716101169586182, -3.266913890838623, 12.008302688598633, 0.508407711982727, -5.482804775238037]",tensor(1.0000)
happy_1f87f1a5b901857b3300f6f43ae0d0c1,20-29,Male,White,happy,3,3,"[-2.4913992881774902, -2.3057119846343994, -2.5398056507110596, 6.9019880294799805, -2.4382824897766113, -2.6540164947509766, -0.9697336554527283]",tensor(0.9992)
angry_6343df05a676f1083c0660a4bc6f4350,30-39,Male,White,angry,0,4,"[4.134293079376221, -3.402193784713745, -5.5783233642578125, -1.7919243574142456, 4.712678909301758, -0.06400294601917267, -4.3304524421691895]",tensor(0.6365)
fear_780163d0763dcdbfc3b566947c809a92,50-59,Male,White,fear,2,2,"[0.051190439611673355, 0.058002371340990067, 4.557278156280518, -1.8555089235305786, -4.68613862991333, -1.0259231328964233, 0.07983054965734482]",tensor(0.9624)
disgust_a05b88869254c8587172f8832874cede,10-19,Male,White,disgust,1,0,"[5.249228000640869, -0.9771848320960999, -3.612037420272827, -4.915924549102783, 3.52018404006958, 0.5634219646453857, -4.317773818969727]",tensor(0.8411)
disgust_301d00b287a65e1b40120ffe0fa1c5b2,30-39,Male,White,disgust,1,0,"[7.4354681968688965, 7.123844146728516, -0.8245435953140259, -5.820271968841553, -5.109920024871826, -0.6770085096359253, -6.403177738189697]",tensor(0.5771)
disgust_9f339776e7a189a0104962d0806bd5b6,50-59,Male,White,disgust,1,5,"[-2.675006151199341, -1.5921236276626587, -2.3591384887695312, 1.198567509651184, 0.14903539419174194, 3.8603506088256836, -3.9739599227905273]",tensor(0.9071)
happy_2751523d4363004d35e2abffa0da0d85,03-09,Male,East Asian,happy,3,3,"[-2.449086904525757, -1.3071287870407104, -2.5270981788635254, 6.151351451873779, -1.989369511604309, -2.3015780448913574, -0.7606077790260315]",tensor(0.9976)
sad_05775e30e349b3abded50203d383386f,20-29,Male,White,sad,5,5,"[-3.7770535945892334, -4.754327774047852, 0.6569985151290894, -5.708435535430908, 1.996882438659668, 8.296099662780762, -1.1581186056137085]",tensor(0.9976)
fear_d6a89d196b860a0fa61a10de3fa23947,20-29,Male,White,fear,2,2,"[0.05657230690121651, -1.0197125673294067, 5.421374320983887, -5.146364688873291, -4.530318737030029, -2.2107110023498535, 4.049694538116455]",tensor(0.7933)
angry_2984c98992f48ca76f531ce9734d53fd,50-59,Male,White,angry,0,3,"[-0.15974102914333344, -1.3704296350479126, -3.758145332336426, 2.8191792964935303, 1.3956782817840576, -1.9907218217849731, -2.58496356010437]",tensor(0.7571)
happy_a3229bd2f09d14dd9b16e4c656413e61,40-49,Male,Middle Eastern,happy,3,3,"[-2.89933180809021, -2.0486528873443604, -3.1586928367614746, 7.525383472442627, -1.4126604795455933, -2.9757590293884277, -1.4666523933410645]",tensor(0.9996)
disgust_069069a394ba10866904400adcd594c8,20-29,Female,White,disgust,1,6,"[-1.5865013599395752, -3.4787204265594482, -0.4126756489276886, -3.755333185195923, 1.1400071382522583, 1.0941654443740845, 2.9255504608154297]",tensor(0.7261)
disgust_4aad355454f22315ec77e977901a6811,30-39,Female,White,disgust,1,1,"[2.134519338607788, 6.834991455078125, 0.3834376037120819, -3.7989249229431152, -3.756227493286133, -0.9337450265884399, -3.8034958839416504]",tensor(0.9890)
happy_87e0c0d1da722c81a4c192ee3597b51a,20-29,Female,White,happy,3,5,"[-2.520104169845581, -4.381355285644531, -1.16597580909729, 0.7009241580963135, 1.839895486831665, 3.0209596157073975, -1.9754116535186768]",tensor(0.6985)
surprise_40c4cde93b22fb1e3fbea3759984ffdf,10-19,Male,White,surprise,6,4,"[-3.708573579788208, -4.55674934387207, -3.085669994354248, 2.2294816970825195, 4.563357830047607, -0.5771079063415527, -0.6726488471031189]",tensor(0.9018)
happy_5a6fb7cf35f14a3fed430a9d8045a6da,30-39,Female,White,happy,3,3,"[-2.2716219425201416, -1.5541647672653198, -2.3430793285369873, 5.474917411804199, -0.9544707536697388, -2.450165033340454, -1.1773172616958618]",tensor(0.9950)
sad_bbae229dffa4fe62bf759788f9f7a56c,20-29,Female,White,sad,5,5,"[-2.741475820541382, -4.987293720245361, -2.897284507751465, -1.5581344366073608, 3.7016236782073975, 5.511724472045898, -1.3870885372161865]",tensor(0.8576)
surprise_53f45fe8e7f89b7137f38fbf95fdebae,00-02,Female,White,surprise,6,4,"[-1.319563865661621, -1.8566550016403198, -0.37036019563674927, -3.200686454772949, 2.116133451461792, 1.2265169620513916, -0.095102958381176]",tensor(0.6026)
neutral_d55764e8d42bfb6e620c24cf6994e6bb,30-39,Female,White,neutral,4,5,"[-2.388880491256714, -4.1616621017456055, 0.5541564226150513, -5.860246181488037, 1.8575375080108643, 4.827652454376221, 0.36917832493782043]",tensor(0.9279)
angry_6173dcd443a7768a8fb3c168c0be0b4b,30-39,Male,White,angry,0,0,"[4.699976444244385, 1.5257058143615723, -2.9458746910095215, -3.517167091369629, -0.37249380350112915, 0.7203742265701294, -2.9354119300842285]",tensor(0.9363)
happy_5ae780e7edb94d6ad56dc57628603ea2,30-39,Male,White,happy,3,3,"[-4.68145227432251, -3.4890222549438477, -4.798999786376953, 8.2785005569458, 2.4189746379852295, -3.594466209411621, -2.4362361431121826]",tensor(0.9971)
neutral_7355748c996906ecabd2cc9b84cb1383,40-49,Male,White,neutral,4,4,"[3.0717966556549072, -2.2728259563446045, -4.878440856933594, -1.4960108995437622, 5.358877658843994, -2.4332683086395264, -3.200491189956665]",tensor(0.9060)
surprise_0910cfd828316e72647e047e4c9f26c4,20-29,Female,Southeast Asian,surprise,6,2,"[-1.3847318887710571, -0.4724005162715912, 4.046117305755615, -2.8176217079162598, -2.396172523498535, -2.999462366104126, 2.442470073699951]",tensor(0.8197)
disgust_257f06bda8230159611654864f86f643,30-39,Female,White,disgust,1,3,"[-0.6476582884788513, 0.5810778737068176, -0.6707326173782349, 3.032834529876709, -3.590824842453003, -0.6630396842956543, -2.5562446117401123]",tensor(0.8577)
sad_256372b554def910e174385f22f79058,03-09,Female,White,sad,5,5,"[-2.748826265335083, -1.9062716960906982, 1.4022846221923828, -3.1243691444396973, -1.8394227027893066, 8.247241973876953, -3.814182758331299]",tensor(0.9988)
angry_f4c57a0f1e3217461af2eac24f772f52,30-39,Female,White,angry,0,4,"[-0.23839087784290314, -5.169971466064453, -6.245356559753418, -1.2483575344085693, 6.512942790985107, 1.7014240026474, -2.084529399871826]",tensor(0.9902)
happy_123a66967b5cbe71df327f28a3f220a3,20-29,Female,Latino_Hispanic,happy,3,3,"[-3.2913496494293213, -3.03224515914917, -3.377699851989746, 3.105963706970215, 1.9726521968841553, 0.9697463512420654, -2.2456517219543457]",tensor(0.6896)
angry_0009fdd9fb725ad3409ebc7e4aa04ab1,03-09,Female,East Asian,angry,0,0,"[6.531017780303955, 0.6104435324668884, -3.1741409301757812, -5.208741188049316, -0.4525836706161499, 2.137389659881592, -4.839213848114014]",tensor(0.9842)
neutral_efc3458ea9284dc0d208308f1703d103,20-29,Female,White,neutral,4,3,"[-3.427908182144165, -2.5485808849334717, -3.5932323932647705, 3.769526720046997, 3.122418165206909, -3.2017903327941895, -1.5124788284301758]",tensor(0.6524)
fear_8072578d09bc9422261cf8d78ef27783,20-29,Male,White,fear,2,4,"[-0.7283858060836792, -5.1130595207214355, -3.675518274307251, -1.5553230047225952, 7.440647125244141, 1.4548697471618652, -2.4314866065979004]",tensor(0.9970)
surprise_0d20fd33ba130770de964b587b42c49b,20-29,Female,White,surprise,6,6,"[-4.238313674926758, -4.718235969543457, -1.2241895198822021, -3.2679831981658936, 2.916137933731079, 0.5717785358428955, 4.343103885650635]",tensor(0.7888)
fear_c064c8ea56255ac32acd9ac50ed04e86,20-29,Male,White,fear,2,2,"[-2.551976442337036, -2.2235465049743652, 2.0782999992370605, -2.1044204235076904, -0.1349729299545288, 0.6495183706283569, 1.510622262954712]",tensor(0.5117)
fear_9358378db7f5e83e348ea83c3f9a37e4,00-02,Male,Latino_Hispanic,fear,2,2,"[-1.1963926553726196, 0.2763535976409912, 4.434388160705566, -3.830967426300049, -4.304230213165283, 1.841077208518982, -0.21958351135253906]",tensor(0.9058)
sad_f400f458bf8c63fc7c85945d9741ebf2,30-39,Male,White,sad,5,0,"[3.664355516433716, 0.20675699412822723, 0.7619500160217285, -2.31632137298584, -4.1974101066589355, -1.7471081018447876, -0.7056370973587036]",tensor(0.9038)
disgust_34fd9231f880826cf6d7f64924ff874e,30-39,Male,White,disgust,1,0,"[3.7334554195404053, 3.4590156078338623, -3.9835171699523926, -4.031681060791016, -0.38933420181274414, 1.4657708406448364, -3.552438735961914]",tensor(0.5315)
angry_26b07c212f4b1def6f009d7c9ad9792b,20-29,Female,Latino_Hispanic,angry,0,4,"[-0.8714978694915771, -0.9925848841667175, -3.144503593444824, 1.6202059984207153, 2.4014933109283447, -5.8789215087890625, 1.4708123207092285]",tensor(0.5187)
sad_45509157599ff163dfc4ac2d67acb486,03-09,Male,Black,sad,5,5,"[-0.6547737717628479, -5.019066333770752, 1.5308926105499268, -6.721592426300049, 1.7266284227371216, 4.466714382171631, 0.14722177386283875]",tensor(0.8795)
sad_57b0bffe95067ac0fd799d4720acdef7,20-29,Female,White,sad,5,5,"[-4.307013988494873, -2.44303297996521, -1.1077479124069214, 2.809627056121826, -2.8248276710510254, 3.020620822906494, 0.317145973443985]",tensor(0.5261)
fear_bbeaa07ad6670ab197d72f26a8461827,20-29,Male,White,fear,2,4,"[-2.8148882389068604, -5.99310302734375, -0.9337903261184692, -4.784489154815674, 4.142570972442627, 4.019392490386963, 1.108649492263794]",tensor(0.5156)
angry_04657a8993d21fe2514bd0c2a5f8d58f,30-39,Male,White,angry,0,0,"[5.496668338775635, 0.8974660634994507, -3.8049063682556152, -4.208608150482178, 0.5361554026603699, 0.4949166476726532, -3.1150336265563965]",tensor(0.9764)
neutral_1b272b8872085bdcd6f1aff50db54b64,20-29,Female,White,neutral,4,4,"[-5.478709697723389, -5.549171447753906, -4.803744792938232, 3.240297317504883, 6.307055950164795, -4.256518840789795, 2.5512986183166504]",tensor(0.9346)
neutral_961e84722ebf4efa4e33fcecabf5a265,20-29,Female,Indian,neutral,4,4,"[-4.887884616851807, -6.650052070617676, -5.369617938995361, -0.7071636915206909, 10.188176155090332, -1.7164148092269897, -0.14042896032333374]",tensor(0.9999)
angry_aaf6c8ad14ee9ab834e0f80f8b5d97f4,40-49,Male,Black,angry,0,4,"[3.2131221294403076, -4.335930824279785, -4.54160213470459, -1.7135385274887085, 4.26779842376709, 2.8464767932891846, -5.691703796386719]",tensor(0.6279)
neutral_289751fb5cb41f8afeaaafb99e5d9b46,20-29,Female,White,neutral,4,4,"[-2.5062739849090576, -4.595576286315918, -3.934999704360962, -1.4295059442520142, 7.315515041351318, 1.9214626550674438, -2.9905688762664795]",tensor(0.9952)
angry_982c892d39ce45d70373d2dcaa05345a,30-39,Male,Middle Eastern,angry,0,4,"[3.6676828861236572, -4.305155277252197, -4.589850902557373, 0.4914933443069458, 3.7927279472351074, -0.18573327362537384, -5.076405048370361]",tensor(0.5158)
sad_bcf95fbb97a56b365fa26c58b84484e4,40-49,Male,Latino_Hispanic,sad,5,0,"[3.558696985244751, -0.2002945989370346, -4.868107318878174, -1.8384817838668823, 2.2267134189605713, 0.7071199417114258, -4.062366962432861]",tensor(0.7406)
sad_393efa959b2c5ca8c8ad668ad75e64d0,20-29,Female,White,sad,5,3,"[-3.5443575382232666, -2.4543755054473877, 0.2904890775680542, 3.126569986343384, -4.111988544464111, 2.5665152072906494, -0.0643126592040062]",tensor(0.5964)
fear_4cf7b2eaa72431d675db0c460a52eb31,10-19,Male,White,fear,2,5,"[-0.7764245271682739, -1.2205945253372192, 0.5485658645629883, -3.904594898223877, -0.8777081966400146, 6.063056468963623, -2.4535887241363525]",tensor(0.9930)
neutral_0a534951c6bb02b4a97cd7b82dbfe6dc,20-29,Female,White,neutral,4,4,"[-1.6557250022888184, -3.5340323448181152, -1.6012709140777588, -1.4323400259017944, 3.9998161792755127, 2.6360836029052734, -2.066319227218628]",tensor(0.7873)
disgust_d5ec881cceef08a1a085f14b20108fb3,00-02,Female,White,disgust,1,1,"[-1.5637731552124023, 1.1589454412460327, 0.5841692686080933, -3.740731716156006, -0.797723650932312, 0.4052381217479706, -1.5879030227661133]",tensor(0.4325)
happy_236b14a1d972af3956046104cbac24ce,20-29,Female,White,happy,3,3,"[-2.2166714668273926, -1.481392502784729, -2.636594533920288, 5.604158878326416, -2.125887632369995, -1.0911728143692017, -1.341574788093567]",tensor(0.9959)
angry_8f3b72ecd33e3b4285282ca18b499717,20-29,Female,White,angry,0,5,"[-1.4289560317993164, -4.351815223693848, -1.621711254119873, -4.348778247833252, 3.6704509258270264, 5.228108882904053, -2.162445545196533]",tensor(0.8239)
surprise_494af5834bbfcce37c56e5710ae6de73,40-49,Female,White,surprise,6,6,"[-3.64764666557312, -4.1062726974487305, -4.619727611541748, -0.2309083342552185, 2.2422032356262207, -1.2095228433609009, 4.898533344268799]",tensor(0.9270)
fear_933a6d84494fbc3e57501c49da8fd1df,30-39,Female,White,fear,2,2,"[0.6195061802864075, -1.9924260377883911, 4.889595985412598, -3.0607643127441406, -4.294287204742432, -3.9872708320617676, 4.50986909866333]",tensor(0.5884)
sad_c7bc81f7db66df15fa7fc458a1cc91fe,20-29,Female,Middle Eastern,sad,5,4,"[-2.2197489738464355, -4.9014892578125, -4.009629726409912, 0.33004868030548096, 7.51812744140625, -0.453999787569046, -2.5242457389831543]",tensor(0.9988)
surprise_ad3d1e138f79533c8878a4539c23487d,30-39,Male,East Asian,surprise,6,4,"[-0.8625583052635193, -4.969475746154785, -2.252676248550415, -2.767840623855591, 3.4606168270111084, 2.293999195098877, 0.6839386820793152]",tensor(0.7182)
neutral_fec2602276d40e2e0afc39d5f411b962,00-02,Male,White,neutral,4,6,"[-3.401991128921509, -7.0577006340026855, -0.1624303162097931, -2.603278636932373, 3.4080705642700195, -0.7442790269851685, 4.455886363983154]",tensor(0.7313)
sad_1241b6fb86e3a2645c2086a74dd12c0c,10-19,Female,White,sad,5,5,"[-2.9653117656707764, -6.786869525909424, -3.2767910957336426, -4.854170799255371, 4.194923400878906, 9.438057899475098, -0.7730330228805542]",tensor(0.9947)
fear_70d71c822ff2e91ce2989454f9d38b47,30-39,Male,Indian,fear,2,3,"[-3.2386844158172607, -3.370349168777466, -3.6352438926696777, 4.381580829620361, 2.0117595195770264, -3.905064582824707, 0.6348334550857544]",tensor(0.8940)
fear_20d823081bd37949715fea3107e47356,20-29,Male,White,fear,2,1,"[1.078357219696045, 6.048604965209961, 0.5154040455818176, -3.9084882736206055, -2.823850631713867, -1.0214729309082031, -0.7935184836387634]",tensor(0.9872)
fear_5bd76c6b96ee5b1145bf32e683a7d61b,20-29,Female,White,fear,2,4,"[-3.402980327606201, -1.9995146989822388, -3.2502496242523193, -1.8060352802276611, 5.07869815826416, -5.996769428253174, 2.783951759338379]",tensor(0.9065)
neutral_e956e5781514c624ce1c5a890603a827,20-29,Male,White,neutral,4,4,"[-0.5715137124061584, -6.774231910705566, -5.955212116241455, -3.177978038787842, 10.425310134887695, 3.5946550369262695, -5.414947032928467]",tensor(0.9989)
happy_d82421c49817b4539d97020a7dc0fbcc,70+,Female,Latino_Hispanic,happy,3,3,"[-1.8338239192962646, -1.3113425970077515, -3.307929039001465, 6.792456150054932, -2.351010322570801, -2.0179569721221924, -2.141322135925293]",tensor(0.9991)
neutral_72f501065bdb14d2386090f7d242be09,20-29,Female,Middle Eastern,neutral,4,4,"[-3.4712445735931396, -2.4784953594207764, -3.612492084503174, -1.446823000907898, 4.53542947769165, -0.19182215631008148, -0.2909834384918213]",tensor(0.9795)
surprise_eb03f2ad019ecbe06f301afc4c70459c,40-49,Female,White,surprise,6,6,"[-2.945584535598755, -1.5295172929763794, -1.7050265073776245, 0.5150331258773804, 1.37160325050354, -1.8613629341125488, 1.6333152055740356]",tensor(0.4515)
disgust_994001ef075ab5ecf68a7bf93303f24f,00-02,Female,White,disgust,1,0,"[6.280835151672363, 5.822736740112305, -3.419069290161133, -4.744983196258545, -2.5910418033599854, 0.64051353931427, -3.828767776489258]",tensor(0.6111)
happy_26c9194429d95a45978dbea58d13b1bf,40-49,Male,Indian,happy,3,3,"[-1.5418241024017334, -1.6565595865249634, -2.2476840019226074, 5.680667400360107, -1.9411495923995972, -2.286926031112671, -1.7088854312896729]",tensor(0.9968)
sad_9c7f83e175f3e1a4a9e1c84c945c8403,30-39,Female,White,sad,5,5,"[0.5086323618888855, -4.557598114013672, -3.9749813079833984, -3.388123035430908, 4.819056034088135, 5.6227898597717285, -2.851257801055908]",tensor(0.6877)
neutral_9625480737ddff0a8a10bae6e5a9cf61,30-39,Male,White,neutral,4,6,"[-3.983443021774292, -4.9958953857421875, 0.7686443328857422, -4.743305683135986, 2.1928818225860596, 1.106365442276001, 3.6315314769744873]",tensor(0.7271)
happy_e01fe670cd99f85529e92710bb0abe0e,40-49,Female,White,happy,3,3,"[-2.1978607177734375, -2.3433797359466553, -3.236768960952759, 6.056269645690918, 0.44295987486839294, -1.678156852722168, -3.0890612602233887]",tensor(0.9953)
surprise_b15bd95e2046bcb3e1841a05a7f4f943,50-59,Male,White,surprise,6,4,"[-5.092000484466553, -5.447988510131836, -3.7428414821624756, 0.5368915796279907, 6.052608013153076, -5.473321437835693, 3.9023489952087402]",tensor(0.8924)
surprise_c8ab7f1bb17a431d2826453ba9844eb5,30-39,Male,White,surprise,6,6,"[-5.788888454437256, -5.379197120666504, -2.247478723526001, 3.117065906524658, 1.2147133350372314, -4.4868950843811035, 5.257410526275635]",tensor(0.8804)
fear_b875af575c46a8a7fde0f3c02c0fa0e8,20-29,Female,White,fear,2,2,"[-1.7733783721923828, -2.129995822906494, 5.717463493347168, -5.7564215660095215, -3.0253233909606934, 2.077165365219116, 0.2273007184267044]",tensor(0.9695)
disgust_ac944d474522b5e34b82c8e6a07b72b7,00-02,Male,White,disgust,1,4,"[0.6352910995483398, -5.0705366134643555, -4.39063024520874, -1.9061205387115479, 6.916173934936523, -0.7856796979904175, -2.3384199142456055]",tensor(0.9974)
sad_66bff45c8e21d3f76063cc5845440ee9,30-39,Female,White,sad,5,5,"[-0.6784295439720154, -2.05757737159729, -2.92907977104187, -3.342944622039795, 2.400358200073242, 5.930506229400635, -3.234604597091675]",tensor(0.9696)
surprise_2e96d7657c4d1e138423b2af7f4d596e,20-29,Female,White,surprise,6,5,"[-2.46406626701355, -3.683108329772949, -0.017828334122896194, -3.5307414531707764, 2.245486259460449, 5.193478107452393, -1.6629002094268799]",tensor(0.9436)
surprise_59eeeb02987eca767ce25df85e3c7329,20-29,Female,White,surprise,6,6,"[-1.3502538204193115, -2.3587257862091064, 0.010604889132082462, 2.7212302684783936, -4.363399028778076, -5.11185884475708, 4.1694655418396]",tensor(0.7959)
sad_7350c616addcc21cfd109b96815647f8,60-69,Male,Middle Eastern,sad,5,5,"[0.3338589072227478, -2.3796355724334717, -1.2659975290298462, -4.60857629776001, 0.7330360412597656, 3.3969082832336426, -0.5372470021247864]",tensor(0.8704)
sad_e8f293472e567584c86e33e97f255328,00-02,Male,White,sad,5,5,"[-2.2572033405303955, -5.730383396148682, -2.041041851043701, -4.138298988342285, 5.262526988983154, 6.011534214019775, -2.174581527709961]",tensor(0.6785)
neutral_7664edead67a2db009acb78441f8d175,50-59,Male,White,neutral,4,4,"[4.413576602935791, -3.4755218029022217, -4.404626846313477, -0.9887993335723877, 4.896922588348389, -1.5352829694747925, -4.911832332611084]",tensor(0.6167)
neutral_d63aef84f38a3dbff20c49e5661345fc,60-69,Male,White,neutral,4,4,"[-2.9226572513580322, -5.296365261077881, -2.0173251628875732, -4.768589496612549, 7.362318992614746, -2.721775531768799, 2.7504160404205322]",tensor(0.9900)
disgust_3c90dcf367a8d57ad50b04f3068028d8,40-49,Male,White,disgust,1,3,"[-2.5424420833587646, -2.67089581489563, -4.448607921600342, 5.945700168609619, 1.7426071166992188, -4.290074825286865, -0.750739336013794]",tensor(0.9836)
sad_d15f773146c848575669782a1a633c48,30-39,Female,White,sad,5,5,"[-3.2516958713531494, -3.1771252155303955, -0.5532532334327698, -1.699588418006897, -1.6065361499786377, 7.353823661804199, -1.5958786010742188]",tensor(0.9992)
angry_7ca4c79e476fc33fd836649183c79241,30-39,Male,Black,angry,0,4,"[0.7651528120040894, -3.6397035121917725, -3.338247537612915, -1.1008050441741943, 4.652734279632568, 0.2103515863418579, -1.836657166481018]",tensor(0.9638)
surprise_1c065aa5dea39fe14233666c7e22c1da,20-29,Female,East Asian,surprise,6,5,"[-3.2620773315429688, -2.891361951828003, 1.638433575630188, -3.6934540271759033, -0.0922079086303711, 4.301310062408447, 0.8738027215003967]",tensor(0.8959)
neutral_9b935d3eb4eaa9a2e8dd69cdaf1732fb,20-29,Female,White,neutral,4,4,"[-4.215830326080322, -4.365484237670898, -3.346108913421631, 1.8463560342788696, 5.517039775848389, -0.9418022632598877, -1.1179393529891968]",tensor(0.9722)
sad_9fb1cfa37b8fc01b7f829720ea2cb362,20-29,Female,Latino_Hispanic,sad,5,3,"[-3.19148325920105, -2.6563022136688232, -3.354491710662842, 7.048429012298584, -1.081316351890564, -1.4409501552581787, -1.865752935409546]",tensor(0.9992)
disgust_364aecadd4e3188a0d52f1c3dbc129a8,40-49,Male,White,disgust,1,1,"[0.2471444457769394, 5.799409866333008, -0.1537782847881317, -5.102256774902344, -1.8376109600067139, 1.9304722547531128, -2.8378989696502686]",tensor(0.9727)
sad_587234b6b18a54c1def4ad42798fda9f,20-29,Male,Middle Eastern,sad,5,5,"[-2.8682610988616943, -3.9408328533172607, -2.433553695678711, -0.1048712283372879, 1.0059385299682617, 7.854310512542725, -4.105255126953125]",tensor(0.9985)
sad_defda560950ff8e069d768c3aa1e8b05,40-49,Male,White,sad,5,5,"[2.201354742050171, -3.416257619857788, -3.668194532394409, -4.3792853355407715, 4.2213592529296875, 5.424017429351807, -4.337176322937012]",tensor(0.7459)
surprise_8d78764da086c234c44e04a2343fbf37,30-39,Female,White,surprise,6,3,"[-1.564374566078186, -1.584218144416809, -3.550416946411133, 6.669477939605713, -0.3261492848396301, -3.396949529647827, -2.6021203994750977]",tensor(0.9984)
neutral_e8ed1ee441c874ce1ee1daa335e983ed,40-49,Female,White,neutral,4,3,"[-2.8657455444335938, -2.912142515182495, -0.9457108974456787, 1.6424331665039062, 0.0184991043061018, -2.96559476852417, 1.567007064819336]",tensor(0.4482)
happy_4061a13919789bc0f0647dcc55ea3129,00-02,Male,White,happy,3,3,"[-3.4669888019561768, -3.5653584003448486, -2.3569488525390625, 4.501771450042725, 0.9634253978729248, -3.039738416671753, 1.795929193496704]",tensor(0.9107)
happy_87f4b7abf6f3b7020de294902ed78e35,20-29,Male,Latino_Hispanic,happy,3,3,"[-3.2817256450653076, -3.0514214038848877, -3.2281627655029297, 7.036011219024658, 0.1341196596622467, -2.9129343032836914, -1.4305294752120972]",tensor(0.9986)
happy_4e0e011187caae78911e9b2f576eaeb7,03-09,Female,White,happy,3,3,"[-2.524627447128296, -2.2105443477630615, -2.5823893547058105, 6.514495849609375, -2.371732473373413, -2.5863866806030273, -0.2231220006942749]",tensor(0.9982)
fear_e2a2cdc667e4115dd6e5da98c721ef6e,20-29,Female,White,fear,2,2,"[-3.33514404296875, -4.8774261474609375, 4.270244121551514, -7.827317714691162, -0.10163792967796326, 2.097019910812378, 3.615194320678711]",tensor(0.6074)
neutral_46536e52e14f1cfc0e32cedbe2ea5164,20-29,Male,White,neutral,4,4,"[1.4187344312667847, -1.7001965045928955, -5.523375988006592, 1.6425725221633911, 4.507168769836426, -1.5513014793395996, -4.636245250701904]",tensor(0.9033)
surprise_0942194c94b289d36c44bcbb3eca777b,20-29,Male,White,surprise,6,3,"[-4.526460647583008, -4.552294731140137, -6.017381191253662, 5.989727020263672, 3.826477289199829, -5.696239948272705, 1.8674111366271973]",tensor(0.8840)
happy_e8988b35de9da1741002bf701dcd96c7,10-19,Female,East Asian,happy,3,3,"[-3.6180717945098877, -2.9144723415374756, -2.8139898777008057, 7.366964817047119, -2.4435863494873047, -3.233429431915283, 1.0145196914672852]",tensor(0.9981)
surprise_a746491b6fc71d84ef2019dbe178457f,30-39,Male,Middle Eastern,surprise,6,5,"[-4.167508602142334, -4.268918037414551, -3.196070432662964, 1.2164160013198853, 4.078069686889648, 4.36471700668335, -4.603597640991211]",tensor(0.5572)
disgust_4cc595eb98df76d515d1d770d79a48a4,20-29,Male,White,disgust,1,4,"[-1.8311893939971924, -2.833024740219116, -3.9300005435943604, -3.5795860290527344, 4.801126956939697, 4.748985290527344, -2.336859703063965]",tensor(0.5122)
neutral_e05911879600b94765ad1968ee5f618b,20-29,Female,White,neutral,4,4,"[0.4823957085609436, -3.5381221771240234, -4.064414024353027, -2.535923480987549, 6.337500095367432, 1.2949308156967163, -3.079850673675537]",tensor(0.9905)
disgust_369065105ba40c3ef3cfba81f503692d,20-29,Male,Middle Eastern,disgust,1,0,"[4.803856372833252, 2.534947633743286, -1.8779144287109375, -4.595777988433838, -0.7885144352912903, 0.12674769759178162, -2.592266321182251]",tensor(0.8941)
sad_d3d35c32e14f301d3e3f0be4f13164bc,03-09,Female,White,sad,5,5,"[-0.8514345288276672, -1.728411316871643, -0.14010627567768097, -5.3386969566345215, -1.1226272583007812, 7.647888660430908, -1.885481357574463]",tensor(0.9991)
neutral_1de778dadd6c75b38f89061d4d318bf8,20-29,Male,White,neutral,4,4,"[-0.014742312021553516, -2.5068767070770264, -5.366303443908691, 3.303561210632324, 4.822154998779297, -2.46311354637146, -4.484463691711426]",tensor(0.8141)
fear_9a4f59aafda0a4575eebe0bae9c5a807,30-39,Female,White,fear,2,2,"[0.8929857015609741, -1.3862887620925903, 4.995089054107666, -2.9363036155700684, -4.141452312469482, -2.9604623317718506, 2.8532516956329346]",tensor(0.8799)
surprise_44aaaad7f82861c3d2b39f61ab63806a,00-02,Male,White,surprise,6,6,"[-1.6653940677642822, -3.108288288116455, 1.0713516473770142, -1.1865788698196411, 0.5955682992935181, -2.0070619583129883, 2.0508322715759277]",tensor(0.5898)
neutral_3f55c4dc7f5da725bd29f23c4d2bbb8a,20-29,Female,White,neutral,4,4,"[-2.21311354637146, -3.9052135944366455, -4.358547687530518, 2.448012351989746, 5.80515193939209, -1.8312875032424927, -3.1522958278656006]",tensor(0.9654)
sad_87798858efea4a9e0c8f91f9847985f1,40-49,Female,White,sad,5,5,"[-1.8174943923950195, -1.3706597089767456, -1.982250452041626, -4.885120868682861, 1.4185285568237305, 7.077032566070557, -2.488471508026123]",tensor(0.9960)
fear_b9b906ebcaf8c94a4d33c369949f2f36,40-49,Male,Latino_Hispanic,fear,2,2,"[-3.250795841217041, -2.2023732662200928, 5.3369269371032715, -3.762288808822632, -1.4998011589050293, -0.9640086889266968, 2.8685145378112793]",tensor(0.9187)
angry_d7aec62f37ba9596cd8a2cc936286b3c,60-69,Female,White,angry,0,5,"[0.5407537817955017, -4.848289489746094, -3.2057273387908936, -3.416985273361206, 3.537607431411743, 4.812415599822998, -2.4381332397460938]",tensor(0.7723)
fear_16f5a2442ae579d19c6c6583a577cc8b,00-02,Male,White,fear,2,2,"[-2.5330774784088135, -2.5686538219451904, 5.595371723175049, -4.198978900909424, -2.2968902587890625, -1.1902707815170288, 2.34391450881958]",tensor(0.9607)
surprise_bc61bd9cf34e2ae37273ee13d2715302,20-29,Male,Middle Eastern,surprise,6,6,"[-6.190256595611572, -6.083261489868164, -1.1852161884307861, 1.326767086982727, 0.705228328704834, -4.4845757484436035, 8.684576988220215]",tensor(0.9990)
angry_37600d9ff3d90d10c88085c1ee3973ad,03-09,Female,White,angry,0,0,"[9.211883544921875, 5.511002540588379, -2.43637752532959, -4.112778663635254, -4.991865634918213, -2.801380157470703, -5.251523971557617]",tensor(0.9759)
fear_eee9cc38fbec7224f6c33334232d9863,00-02,Male,White,fear,2,6,"[-3.192793607711792, -4.189513683319092, 3.615952730178833, -4.49505090713501, -1.9336708784103394, -0.4876287281513214, 4.997830390930176]",tensor(0.7957)
sad_80606edaa402b8e7b452671e074158bb,03-09,Female,White,sad,5,5,"[-1.4330098628997803, -0.7182522416114807, -1.7704628705978394, -3.4404239654541016, -1.5751545429229736, 10.16187858581543, -4.579357147216797]",tensor(1.0000)
happy_e932594f8d406fee90f73e80161c81cd,40-49,Male,White,happy,3,3,"[-2.4397215843200684, -2.232564687728882, -3.935236930847168, 6.681765079498291, 1.013926386833191, -2.8390085697174072, -2.6383540630340576]",tensor(0.9961)
neutral_c7f4f8b51d349c95e2193a7fb1720462,20-29,Female,White,neutral,4,4,"[-2.287757635116577, -4.403417587280273, -3.559312343597412, 0.0925552025437355, 5.780766010284424, 1.4952565431594849, -2.4393396377563477]",tensor(0.9825)
surprise_8fefd6411d05e168ab762c8fb98a818d,20-29,Female,Indian,surprise,6,2,"[-2.403367042541504, 0.564102292060852, 1.9330344200134277, -0.4051426947116852, -2.9126408100128174, -1.5803321599960327, 1.0709741115570068]",tensor(0.5483)
neutral_47e6bf6f25cd22bcd68f405a738e95f5,20-29,Female,Latino_Hispanic,neutral,4,4,"[-1.3477543592453003, -3.3740224838256836, -3.6860361099243164, 0.21372908353805542, 5.879368305206299, -0.9248977899551392, -2.5308547019958496]",tensor(0.9943)
disgust_de3a63a3843c83b3dca4bbaaf46e62c0,00-02,Female,White,disgust,1,5,"[-0.9362862706184387, -2.764885187149048, -0.45948630571365356, -1.1513793468475342, -3.187340259552002, 6.708348751068115, -1.4376859664916992]",tensor(0.9980)
surprise_59d6ccc356a804f9ddb4356933b4a58b,50-59,Male,White,surprise,6,3,"[-1.8669854402542114, -2.29714035987854, -2.033001184463501, 6.420825004577637, -2.3040578365325928, -2.274848699569702, -0.886472225189209]",tensor(0.9984)
sad_2ff62e5c15f979ed58359f5ce5322452,20-29,Female,Latino_Hispanic,sad,5,5,"[-3.6862447261810303, -5.2201690673828125, -1.1299042701721191, -3.3739514350891113, 2.7231104373931885, 7.26332950592041, -1.800573706626892]",tensor(0.9891)
disgust_90ee3581947b01d6c047d3f788e2cf4b,30-39,Female,White,disgust,1,5,"[-0.8759235143661499, -3.8059871196746826, -4.950613021850586, -1.4185031652450562, 4.572754383087158, 5.088313579559326, -4.24297571182251]",tensor(0.6244)
surprise_3e1ae785a7a632f1d2fb0b94d4f04d13,20-29,Female,Black,surprise,6,6,"[-3.535811185836792, -3.2442259788513184, -0.07768233120441437, -0.42761480808258057, 0.8247328996658325, -3.03668212890625, 3.5157742500305176]",tensor(0.8943)
neutral_56345d87a80f297859002b6d796c11ec,20-29,Male,East Asian,neutral,4,4,"[-2.9839155673980713, -6.312588691711426, -6.155628204345703, -1.5516294240951538, 11.873058319091797, -1.8183892965316772, -2.4155592918395996]",tensor(1.0000)
neutral_6fa724da47fa00a24a9c287b839f47b5,03-09,Female,White,neutral,4,4,"[-3.765214681625366, -4.481727600097656, -2.006427526473999, -2.407465934753418, 4.895759582519531, 4.772583484649658, -1.9759734869003296]",tensor(0.5299)
fear_696dcfa6e43f659935f7213bd2d6fb88,20-29,Female,Latino_Hispanic,fear,2,4,"[-1.86283540725708, -4.133018493652344, -3.4542198181152344, 0.9505841732025146, 4.727324962615967, 0.9657683372497559, -3.1148879528045654]",tensor(0.9539)
disgust_ee4fb8360870b039e06df410ca7b4236,20-29,Female,White,disgust,1,5,"[-0.9116623997688293, 2.840872287750244, -0.7543774247169495, -2.863936185836792, -2.971054792404175, 5.679169654846191, -2.873612403869629]",tensor(0.9416)
fear_9c982373422f40831bdc3925b2d9a331,20-29,Male,White,fear,2,2,"[2.8603432178497314, -1.1694148778915405, 4.903614044189453, -3.79927921295166, -4.404568195343018, -1.9071773290634155, -1.1228160858154297]",tensor(0.8805)
angry_26605b0aff85ddbb4439c7a6bb8030d6,30-39,Male,White,angry,0,4,"[-0.3653274476528168, -2.7321503162384033, -4.420964241027832, 2.214184284210205, 2.442901849746704, 2.0353550910949707, -5.92796516418457]",tensor(0.3956)
neutral_f8269dc2017f61809372160dfaea3cc2,30-39,Male,Black,neutral,4,4,"[-0.7501835227012634, -5.248622417449951, -5.320215702056885, 2.43033504486084, 6.591193199157715, -0.009998247027397156, -5.913754940032959]",tensor(0.9827)
disgust_255f31809a52890eee87288084823621,00-02,Male,Middle Eastern,disgust,1,4,"[-1.7008858919143677, -4.018038749694824, -2.135957717895508, -3.675259828567505, 4.544003009796143, -2.5969746112823486, 3.49833607673645]",tensor(0.7375)
angry_5ae249199453d2b5a3ef9b77cccbd8f8,40-49,Female,Latino_Hispanic,angry,0,4,"[0.8064939975738525, -3.21449613571167, -5.872415065765381, 3.898921012878418, 4.345285892486572, -2.9464540481567383, -4.668590068817139]",tensor(0.5987)
neutral_5e74011367413a7bb832520000c30d3b,20-29,Female,Latino_Hispanic,neutral,4,4,"[-1.7937839031219482, -4.028200149536133, -4.783921718597412, 3.16308331489563, 7.016538619995117, -1.7534254789352417, -4.352447986602783]",tensor(0.9789)
happy_89344fb2b450150484cafbf16248a42b,20-29,Female,White,happy,3,3,"[-2.4516820907592773, -1.2831417322158813, -2.5062966346740723, 5.87151575088501, -1.993841528892517, -2.0350613594055176, -1.07391357421875]",tensor(0.9970)
disgust_eb234bc552e7bcb1921af4a9967b10d2,30-39,Male,White,disgust,1,3,"[-1.4153850078582764, -1.6662267446517944, -4.460678577423096, 6.373797416687012, 1.2076760530471802, -4.565503120422363, -2.1427550315856934]",tensor(0.9934)
neutral_6f7adde2afbefd81d172ffa70344e051,40-49,Male,White,neutral,4,4,"[1.7392191886901855, -2.996051788330078, -3.772400140762329, -4.800297260284424, 4.426657199859619, 4.022858619689941, -3.4739620685577393]",tensor(0.5756)
angry_3a8f459ba2da1f351a36d4ee2f364bfc,10-19,Male,Middle Eastern,angry,0,4,"[1.7576446533203125, -3.4625627994537354, -4.911383628845215, -3.2561416625976562, 4.969483852386475, 1.7601302862167358, -2.2705190181732178]",tensor(0.9243)
sad_e52317c5b70a7b627a9e54d211d22099,30-39,Male,Black,sad,5,5,"[-0.16287954151630402, -0.008313666097819805, 0.8066685199737549, -5.155882358551025, -0.7939174771308899, 2.1626529693603516, -3.2569527626037598]",tensor(0.6551)
angry_82492de67cd4464fc8772fe3440a3f59,50-59,Male,White,angry,0,4,"[1.098405122756958, -0.4101684093475342, -2.864610195159912, -1.0921201705932617, 1.6237077713012695, -1.7082196474075317, -1.5381276607513428]",tensor(0.5326)
surprise_40ca838e081362d6b05ebdb83f421f23,20-29,Male,Southeast Asian,surprise,6,6,"[-4.023331642150879, -4.654738903045654, 2.5394763946533203, -5.052125453948975, -0.5906192064285278, -0.5094327926635742, 7.275289058685303]",tensor(0.9905)
angry_a1294da1159372db2ec22de6159951b1,30-39,Male,White,angry,0,4,"[-0.9361089468002319, -4.090267181396484, -2.51564359664917, -2.399129867553711, 6.179823875427246, -1.7009540796279907, -2.1995415687561035]",tensor(0.9982)
angry_afb8ff08569077fbabe78aa21843eefd,30-39,Female,White,angry,0,0,"[6.207785129547119, 4.470461845397949, -2.94649076461792, -4.240689277648926, -2.335458993911743, -0.7450646162033081, -3.4632136821746826]",tensor(0.8494)
disgust_c63f478c56ea28a357aeb5fa70ce42e9,30-39,Female,White,disgust,1,1,"[2.1531448364257812, 7.271652698516846, -2.0293431282043457, -3.495800733566284, -3.8298604488372803, 1.3514539003372192, -3.1186392307281494]",tensor(0.9912)
neutral_f5d2f0656ff252fe4ab5aa025928ca58,20-29,Female,White,neutral,4,4,"[-1.426506757736206, -3.475287675857544, 1.2678065299987793, -3.993511438369751, 4.15438985824585, 0.050826601684093475, -0.4368256628513336]",tensor(0.9200)
disgust_f9bcdf226753acdc1b0aae016ac97864,10-19,Female,White,disgust,1,1,"[0.6365960836410522, 2.2493748664855957, 0.5520501732826233, -1.694917917251587, -4.587939739227295, 1.3821017742156982, -3.1539230346679688]",tensor(0.5472)
surprise_e9fd04d3b02dc2b8f80fad157eb6ace3,10-19,Female,East Asian,surprise,6,3,"[-4.206338405609131, -3.309617280960083, -2.190479278564453, 6.5120673179626465, -2.806215524673462, 0.1575634628534317, -0.047940630465745926]",tensor(0.9965)
happy_a8cae61e07e2e4fd864653cd402fb298,03-09,Female,Black,happy,3,3,"[-2.2703163623809814, -2.3810112476348877, -3.2096149921417236, 5.835709095001221, 0.010467028245329857, -2.7719228267669678, -1.5405548810958862]",tensor(0.9956)
happy_1ad7cc08e405b95acfc029f87d047ef4,00-02,Male,White,happy,3,4,"[-2.6359574794769287, -2.13444447517395, -2.0328330993652344, -0.1300031840801239, 3.0879476070404053, -0.24916580319404602, -0.0198113601654768]",tensor(0.8811)
disgust_c9dd6ad9496f889eb9c80fd0391fcc8d,40-49,Male,Middle Eastern,disgust,1,0,"[0.8788765072822571, 0.40231242775917053, -1.0827456712722778, 0.08168555796146393, -3.723546028137207, 0.8084356784820557, -1.1673078536987305]",tensor(0.3046)
angry_5e54c528387b1b2eb3670ae7ec2a5712,40-49,Male,Middle Eastern,angry,0,4,"[2.4053475856781006, -4.33903169631958, -4.201744556427002, -3.9491868019104004, 7.186041355133057, -0.648847222328186, -2.136615753173828]",tensor(0.9912)
angry_ed13d2d531c3ff1bb95a02f2cf5b9dae,30-39,Male,Latino_Hispanic,angry,0,3,"[0.04230888560414314, 1.1829363107681274, -0.5820862054824829, 1.6806056499481201, -3.4024250507354736, -2.5602524280548096, -1.3116917610168457]",tensor(0.5058)
disgust_473c5cbb50aeb2a6012fdc8b98a055bc,60-69,Male,White,disgust,1,1,"[1.7123346328735352, 3.1504476070404053, -1.5880095958709717, -2.241729259490967, 0.12709257006645203, -3.5730695724487305, 0.5239099264144897]",tensor(0.7284)
sad_b58898ea07529266511b890646739bd7,00-02,Male,White,sad,5,5,"[-3.2646172046661377, -2.5986640453338623, -0.4970274567604065, 0.29386627674102783, -3.4753613471984863, 6.853373050689697, -1.9088456630706787]",tensor(0.9976)
surprise_6c2ef3f861a2ea6d51b9c52ac43e5f2b,20-29,Female,White,surprise,6,6,"[-3.780644416809082, -1.4492965936660767, -2.2167418003082275, -0.32708659768104553, 0.3401992917060852, -2.472853422164917, 3.43989896774292]",tensor(0.9237)
sad_77c364a742e8d1a13598336ba4ad85eb,20-29,Female,White,sad,5,5,"[-2.197216033935547, -3.7967264652252197, -2.081392288208008, -2.732377529144287, 1.9977165460586548, 8.067652702331543, -3.2157907485961914]",tensor(0.9976)
neutral_1c8c1eb2ec1781a1834f50e0d5985fd2,50-59,Male,Latino_Hispanic,neutral,4,4,"[-1.3898574113845825, -1.258515477180481, -3.099825859069824, -2.3316054344177246, 2.9995861053466797, -1.026771903038025, 1.0084161758422852]",tensor(0.8417)
fear_fcbb53361864cc9d8e3a3f8776b998e4,20-29,Female,East Asian,fear,2,4,"[-4.4196600914001465, -4.442002296447754, -3.437899351119995, -0.7048192024230957, 4.781224250793457, -2.1500163078308105, 3.5749244689941406]",tensor(0.7663)
angry_c102d5e91eacf55fe1aeb95a8498cf30,50-59,Male,Black,angry,0,5,"[0.5304316282272339, -0.5256679654121399, -2.518486499786377, -2.858687162399292, 1.6012442111968994, 2.5602972507476807, -2.3796257972717285]",tensor(0.6337)
disgust_e7ce55dd4077c3568c70d20ced6d0af5,30-39,Male,Indian,disgust,1,4,"[2.164555549621582, -0.729741096496582, -4.235593318939209, -4.60355806350708, 3.9705827236175537, 1.9786537885665894, -4.395680904388428]",tensor(0.7631)
surprise_33416f2a0e8a5aae43e31a6d0ddf1b50,50-59,Male,East Asian,surprise,6,4,"[-1.5781729221343994, -3.5828607082366943, -4.914990425109863, 2.3779945373535156, 7.731648921966553, -3.0469212532043457, -3.9798755645751953]",tensor(0.9952)
happy_8172a0dc152927aa0ca3f116bf26d58c,03-09,Female,Southeast Asian,happy,3,3,"[-5.04261589050293, -3.845374822616577, -4.082058429718018, 6.7601094245910645, 1.4081337451934814, -2.0726094245910645, -1.8889567852020264]",tensor(0.9949)
neutral_3da03e0245a5ac71d968ffe0ccec3b9b,10-19,Male,White,neutral,4,5,"[2.3866918087005615, -3.7330210208892822, -3.0827481746673584, -5.47632360458374, 3.023789644241333, 4.018337726593018, -1.1362909078598022]",tensor(0.6359)
disgust_570ec09ff7bc4dd78416143ee3c8e637,30-39,Female,White,disgust,1,4,"[-1.9917473793029785, -3.296321153640747, -2.6693687438964844, -3.823007583618164, 4.142175197601318, -1.2344509363174438, 2.5271708965301514]",tensor(0.8280)
fear_a1f4e11909b8837448038318586624d0,30-39,Female,Black,fear,2,5,"[-0.2507692277431488, 0.2951167821884155, -1.4477757215499878, -2.550816774368286, 0.21221601963043213, 0.9376436471939087, -0.48420870304107666]",tensor(0.3733)
disgust_a213928b702b9384bcac6c4c39bc2a49,20-29,Female,White,disgust,1,1,"[3.352433443069458, 6.373447418212891, -4.039268970489502, -1.2333348989486694, -2.847038507461548, -1.3683851957321167, -4.455245494842529]",tensor(0.9525)
fear_05ca5502a02655d96319506ebc43d766,20-29,Female,White,fear,2,4,"[-1.78790283203125, -3.791755437850952, -1.7555631399154663, -3.0599172115325928, 4.345858573913574, 2.694521427154541, -2.5992722511291504]",tensor(0.8347)
sad_f76c568ece0fbaada5c1a1fbe82d45cd,20-29,Female,White,sad,5,5,"[-1.3211264610290527, -4.420835494995117, -3.945955514907837, -1.6280230283737183, 2.6394283771514893, 7.583820343017578, -3.3211913108825684]",tensor(0.9927)
happy_48cb5f622e1978064a8724c113e2b7f9,30-39,Male,White,happy,3,3,"[-2.200500249862671, -1.9867587089538574, -2.88820743560791, 6.802011966705322, -1.8452414274215698, -2.518291473388672, -1.2744710445404053]",tensor(0.9991)
happy_7d1e6135bc5a441d34d94f86830481ad,20-29,Female,White,happy,3,3,"[-0.12778806686401367, -0.6337406635284424, -4.018683910369873, 4.060747146606445, 0.1936885118484497, -1.8258634805679321, -3.392324924468994]",tensor(0.9534)
happy_2d3194d5d4291b220abbc74e496079ca,40-49,Female,White,happy,3,4,"[-1.3341102600097656, -3.7482211589813232, -4.167163372039795, 0.20506486296653748, 4.652064800262451, 2.137714147567749, -3.944634437561035]",tensor(0.9127)
disgust_8e5fae7e6e55a333c672c314c3ce16ec,50-59,Male,Black,disgust,1,5,"[2.2500264644622803, 0.32165396213531494, -2.3578925132751465, -3.541879892349243, 0.5521142482757568, 2.359744071960449, -2.311372995376587]",tensor(0.4522)
fear_0f191057cae6a9e73cd12872903eb7d9,30-39,Male,Indian,fear,2,2,"[-1.9909377098083496, -1.3220659494400024, 3.706627368927002, -3.9570400714874268, 0.877089262008667, -1.238946795463562, -1.6135250329971313]",tensor(0.9247)
angry_ff55a82ed3a830e3499853fbd334d0ce,03-09,Male,White,angry,0,5,"[0.923098087310791, -0.5355624556541443, -2.0855894088745117, -0.2851340174674988, -2.4516642093658447, 3.259169101715088, -3.113687515258789]",tensor(0.8637)
neutral_361574da60cee243c4a7210545d7e67f,60-69,Male,White,neutral,4,4,"[0.5485930442810059, -4.057532787322998, -3.262190818786621, 0.0289631225168705, 3.1268374919891357, -4.6951422691345215, 1.574744701385498]",tensor(0.7487)
angry_c54cad9652d07105938421068c170219,40-49,Male,Latino_Hispanic,angry,0,0,"[5.655112266540527, -0.8270238637924194, -2.4410505294799805, -3.1698074340820312, 1.0264205932617188, -0.020313456654548645, -3.195913314819336]",tensor(0.9849)
sad_b8fd3c50ca28f79a892fcf7422227c9c,10-19,Female,Middle Eastern,sad,5,5,"[-0.5126363039016724, -4.122974395751953, -0.7753171920776367, -4.759344577789307, 2.181572914123535, 5.137088775634766, -1.5586931705474854]",tensor(0.9437)
neutral_4baadbb0be4d065cc6053acf5b639154,20-29,Female,Latino_Hispanic,neutral,4,4,"[-2.5714504718780518, -3.4473748207092285, -3.317145347595215, 2.370511293411255, 4.156087398529053, 0.4560985267162323, -3.2509045600891113]",tensor(0.8366)
neutral_60961f290fb8fee2f5f53f741ffbc7f4,30-39,Female,Black,neutral,4,3,"[-3.888197898864746, -3.3278555870056152, -3.370607852935791, 5.50537633895874, 0.7463515996932983, -0.2698623836040497, -1.7447611093521118]",tensor(0.9874)
happy_5b39b5d18d4293f043d233fb1e71fb69,30-39,Male,White,happy,3,3,"[-3.0314981937408447, -2.7712900638580322, -3.3678462505340576, 7.574925899505615, -0.7028959393501282, -2.4876980781555176, -2.225341796875]",tensor(0.9996)
fear_36d5febad79578fc5d177ad1e5b51b11,30-39,Female,White,fear,2,4,"[-3.1651744842529297, -1.794671654701233, -2.2440173625946045, 1.1352618932724, 3.5129871368408203, -3.4245357513427734, 0.37645846605300903]",tensor(0.8722)
happy_4a207705d80d94b766bfc0716755025c,03-09,Female,White,happy,3,3,"[-2.2779290676116943, -2.1405303478240967, -2.985848903656006, 6.177018642425537, -1.401409387588501, -1.8686400651931763, -1.7225756645202637]",tensor(0.9982)
sad_580750ce64e17e2cb062fa7e5c5addac,20-29,Male,White,sad,5,5,"[-0.7222276926040649, 3.786777973175049, 0.7449675798416138, -5.476771354675293, -2.552941083908081, 5.548069953918457, -4.628039836883545]",tensor(0.8458)
sad_fe2c3a35c7f36dcc23bd2fd59ff7d986,30-39,Male,White,sad,5,4,"[-3.7734272480010986, -3.8526670932769775, -0.9596031904220581, -0.7322178483009338, 3.2128803730010986, 3.1809473037719727, -1.7268147468566895]",tensor(0.4970)
happy_fbe7bf9167ab74de1871ba576007a588,20-29,Female,White,happy,3,3,"[-2.983093500137329, -2.4718286991119385, -3.2724204063415527, 8.601475715637207, -3.20032000541687, -2.962763786315918, -0.9807759523391724]",tensor(0.9999)
angry_8a7b2b36d0609f0c7beb473d832f29d6,20-29,Male,White,angry,0,2,"[-1.315841555595398, -2.3071630001068115, 0.993036150932312, -2.761493682861328, 0.23467892408370972, -1.5328435897827148, -0.09697655588388443]",tensor(0.4892)
sad_ea3095f93a76a4deed8f0af02b42aa1b,20-29,Female,Latino_Hispanic,sad,5,5,"[-1.9939240217208862, -3.3348987102508545, -1.3618162870407104, -2.255873918533325, 1.570171594619751, 4.71588659286499, -2.0448079109191895]",tensor(0.9533)
surprise_2d350f66a6671f6dbfd9de0ebcc55cbe,20-29,Male,White,surprise,6,2,"[-2.4132206439971924, -3.025709629058838, 5.856537818908691, -5.556690692901611, -2.2965946197509766, -1.766560435295105, 3.831592082977295]",tensor(0.8825)
disgust_95c104982b905a0624760e53601e6c9a,20-29,Female,White,disgust,1,2,"[-0.9434505105018616, -0.5251904726028442, 2.0339648723602295, -3.4160594940185547, -1.0206379890441895, 0.20957638323307037, -0.49307090044021606]",tensor(0.7038)
disgust_21050daa12087d5f9fddcbfb27e18607,10-19,Male,White,disgust,1,5,"[-1.695263147354126, 0.46436387300491333, -4.4190850257873535, -1.741958498954773, 2.1760356426239014, 4.745333194732666, -4.615522861480713]",tensor(0.9143)
surprise_5cfab6f98fe977821e2b622e5f25f6af,20-29,Female,Latino_Hispanic,surprise,6,2,"[-1.0790507793426514, -3.7400317192077637, 3.572401523590088, 0.8237086534500122, -4.92592191696167, -0.12104253470897675, 2.3959031105041504]",tensor(0.7104)
surprise_5ae20e60212bf1d0329881ff88c05e70,50-59,Male,White,surprise,6,4,"[-0.4266083240509033, -4.919959545135498, -2.454580068588257, -2.484556198120117, 4.138692378997803, -2.373579978942871, 2.0840344429016113]",tensor(0.8750)
surprise_836db656bc0487a243b124bca5f8f43f,20-29,Female,East Asian,surprise,6,3,"[-2.929762601852417, -2.3772926330566406, -3.4847755432128906, 6.580791473388672, -1.6569969654083252, -3.1398725509643555, 0.23159310221672058]",tensor(0.9977)
surprise_63e48421708630ea6136d54ea03cc4af,30-39,Male,White,surprise,6,4,"[2.2539217472076416, -4.557380676269531, -4.404215335845947, -4.066033840179443, 7.245491027832031, -1.2222424745559692, -1.6015141010284424]",tensor(0.9929)
neutral_db364545b213bf1f78b88156604a4533,30-39,Male,Middle Eastern,neutral,4,4,"[-0.5657280683517456, -4.260402679443359, -4.166566371917725, 0.22842445969581604, 5.428541660308838, 1.2546371221542358, -2.9244487285614014]",tensor(0.9768)
neutral_573f4e5d2ee85a031ecf39b04fd5571e,20-29,Female,East Asian,neutral,4,3,"[-2.6887786388397217, -3.260485887527466, -4.124069690704346, 5.45249605178833, 2.277003526687622, -3.909782886505127, 0.310330331325531]",tensor(0.9540)
surprise_60bde1160b50e134116ef12492ee0225,00-02,Male,White,surprise,6,6,"[-4.297630786895752, -4.252505302429199, 0.4414865970611572, -3.5771634578704834, 2.6772687435150146, -2.129859447479248, 4.826019287109375]",tensor(0.8846)
angry_8446088b51a49812ea4e998fc4fff1f9,50-59,Male,Middle Eastern,angry,0,6,"[-2.165698528289795, -3.919285535812378, -2.1629838943481445, -2.938838481903076, 4.0774359703063965, -3.928077220916748, 5.355434417724609]",tensor(0.7812)
neutral_4a88fc5ca81f85749ef9f9c55a39e676,20-29,Female,White,neutral,4,5,"[-3.8849732875823975, -6.254300117492676, -4.565288066864014, -0.8356051445007324, 5.037163257598877, 5.05432653427124, -2.09285306930542]",tensor(0.5033)
surprise_d21450602f6a12fe139d9451166ad788,30-39,Male,Indian,surprise,6,6,"[-0.40044254064559937, -2.136788845062256, -1.3268945217132568, -0.6172307729721069, 0.7286679148674011, -5.0435919761657715, 3.381232976913452]",tensor(0.8890)
disgust_f68144a55c8c58ae2c86ea973190fdd1,10-19,Male,Middle Eastern,disgust,1,1,"[-1.6223320960998535, 1.250869631767273, -1.4729877710342407, -3.977757453918457, 0.8175984621047974, 1.1796122789382935, -0.4713025987148285]",tensor(0.3465)
happy_49b1114f04ef8782af0fecfef766f400,30-39,Male,Latino_Hispanic,happy,3,3,"[-2.0771281719207764, -2.4564621448516846, -3.6393027305603027, 6.196408748626709, 0.8011004328727722, -2.1199259757995605, -3.1049304008483887]",tensor(0.9947)
angry_d00208c231c171e17825f3fb45348a83,50-59,Male,White,angry,0,4,"[3.228525400161743, -2.399430990219116, -4.696033954620361, -3.782473087310791, 5.072861194610596, 0.31117406487464905, -2.644552707672119]",tensor(0.8562)
disgust_65443e5e4e220fc50bdecaef402a6d3f,00-02,Male,White,disgust,1,5,"[3.405738592147827, 2.974236011505127, -0.06980612874031067, -6.124198913574219, -3.250997304916382, 4.176302433013916, -3.7525768280029297]",tensor(0.5622)
neutral_e37a2c9f2850b0259c48d91fea92e0fe,00-02,Female,Latino_Hispanic,neutral,4,4,"[-3.155215263366699, -5.370429039001465, -1.748902440071106, -1.7032833099365234, 3.785515546798706, -0.03684955835342407, 2.25968599319458]",tensor(0.8010)
neutral_17d3ec4f23c003510fa2c0c49736089e,20-29,Male,White,neutral,4,4,"[-3.2499947547912598, -6.5070695877075195, -5.7051801681518555, -1.155985713005066, 10.386412620544434, -2.598844051361084, 0.9977767467498779]",tensor(0.9999)
fear_df57a5d172c52f7c8188bf988f9f4b25,20-29,Female,White,fear,2,5,"[-3.2897274494171143, -4.722369194030762, 1.5477030277252197, -3.9395053386688232, 1.337057113647461, 2.3774123191833496, 1.9740746021270752]",tensor(0.4059)
sad_3708bc2ab4cbc28094ea6ea6780b4c09,50-59,Male,Middle Eastern,sad,5,4,"[1.2830400466918945, -4.642594814300537, -0.7253695726394653, -6.6670823097229, 3.8858232498168945, 2.5172510147094727, -1.872652530670166]",tensor(0.7452)
neutral_ce0d99fe536f4b6b1a80d8340fbb5f63,10-19,Female,White,neutral,4,4,"[-2.639552354812622, -6.296811103820801, -4.690311908721924, -1.404217004776001, 7.975544452667236, 2.6226003170013428, -3.0953590869903564]",tensor(0.9952)
fear_77699b1463d4d7ea8936b4de185ad8ea,20-29,Female,East Asian,fear,2,4,"[-1.4945600032806396, -3.252466917037964, -0.037720225751399994, -4.896705627441406, 3.9557852745056152, 2.162888765335083, -0.9224485158920288]",tensor(0.8349)
happy_ed87e4e074bc8ad50af0e7f266aa284f,30-39,Male,White,happy,3,3,"[-1.6364272832870483, -2.0147292613983154, -1.2491803169250488, 4.481573581695557, -2.673250436782837, -1.170214295387268, -1.33540940284729]",tensor(0.9860)
happy_ce0fc68a8120f1c2fec4ad5e506d60b7,03-09,Female,White,happy,3,3,"[-3.5252673625946045, -2.7196462154388428, -2.34602689743042, 7.233717441558838, -2.7384731769561768, -3.7472901344299316, 1.3015977144241333]",tensor(0.9972)
disgust_a4fe35ca05473fb52c1ed6e74d2760b2,20-29,Female,White,disgust,1,4,"[3.069101095199585, -1.4308778047561646, -3.989095449447632, -1.6020797491073608, 3.5221312046051025, 0.5413931608200073, -4.0724616050720215]",tensor(0.5881)
disgust_825f59d790638eb5582278a550fd4265,40-49,Male,Black,disgust,1,5,"[1.2089362144470215, 0.0368814654648304, -0.1786476969718933, -1.7520877122879028, -3.176873207092285, 2.9987387657165527, -2.5632457733154297]",tensor(0.7843)
sad_2cdf1c557be3141d7e4c2e2240a19f44,30-39,Female,White,sad,5,5,"[-3.2227113246917725, -1.0185186862945557, 3.028218984603882, -5.441047191619873, -1.2797058820724487, 5.485306739807129, -1.8456990718841553]",tensor(0.9181)
neutral_fbdf68d72468f2bdfa72ef33e17abb31,40-49,Female,White,neutral,4,4,"[-2.8305413722991943, -2.7410173416137695, -3.760512113571167, -0.044683512300252914, 5.936093330383301, 0.1281961053609848, -2.8116884231567383]",tensor(0.9940)
happy_20f705e3596c2ad8d4cf88b0030d0d4e,30-39,Female,Black,happy,3,3,"[-2.3439395427703857, -2.3182573318481445, -2.6941957473754883, 6.967436790466309, -2.0997650623321533, -3.0599024295806885, -0.8661308884620667]",tensor(0.9992)
angry_ac34a67a826d1029c941627aae0614b5,20-29,Male,White,angry,0,0,"[5.3995466232299805, 2.34617018699646, -2.094942092895508, -5.585781097412109, -0.9148827791213989, 0.17052803933620453, -2.3183176517486572]",tensor(0.9475)
disgust_44aa64eddd8a13f88ea9e59e3a1f48ee,20-29,Male,Middle Eastern,disgust,1,1,"[0.37429407238960266, 4.850158214569092, -0.22683589160442352, -3.7947943210601807, -1.1226732730865479, -2.4098215103149414, 0.2725791931152344]",tensor(0.9696)
happy_2e6f0f75543377e1571f969e7be56213,20-29,Female,White,happy,3,3,"[-1.9791960716247559, -3.0519089698791504, -4.54436731338501, 5.8387885093688965, 3.2684600353240967, -3.365598678588867, -3.068439483642578]",tensor(0.9282)
sad_6c996fe6dd6b5f310a7c9f93d1d3208e,50-59,Male,White,sad,5,0,"[4.507384777069092, 4.320004463195801, -2.4387803077697754, -3.2980425357818604, -1.031442642211914, -2.8586695194244385, -2.81020450592041]",tensor(0.5447)
neutral_b151f970239d749e925ce64fbef5e8fa,20-29,Female,White,neutral,4,3,"[-3.4679222106933594, -2.3690032958984375, -2.9921069145202637, 6.55502462387085, -1.4876415729522705, -3.5066280364990234, 0.6399115920066833]",tensor(0.9967)
surprise_67bd6f54638b237a5e54b2a07bd58919,20-29,Male,White,surprise,6,6,"[-0.7444184422492981, -1.3697258234024048, 1.8015811443328857, -0.8865221738815308, -5.711638927459717, -4.403492450714111, 4.911205768585205]",tensor(0.9495)
disgust_0d4cd9eb86cb202489889e79cf9aacf8,20-29,Female,Middle Eastern,disgust,1,4,"[0.7228627800941467, -0.17218945920467377, -3.7088024616241455, -3.351694345474243, 2.336303472518921, 2.238415241241455, -2.64424204826355]",tensor(0.4546)
happy_6bad7e45ab319abfc5547a47a8109af4,20-29,Female,White,happy,3,3,"[-2.4399588108062744, -2.614762544631958, -3.4264369010925293, 8.416542053222656, -2.994344472885132, -2.969539165496826, -1.2358726263046265]",tensor(0.9999)
disgust_4dd5b84603f4a0f61e7c394182b184f5,30-39,Male,White,disgust,1,5,"[0.32539430260658264, 1.6814378499984741, -2.8279013633728027, -0.830219030380249, -2.4906890392303467, 4.479629993438721, -4.462789058685303]",tensor(0.9231)
sad_a13423754061a42f15984de6f175e768,30-39,Female,White,sad,5,5,"[-2.6416642665863037, -1.222915768623352, -0.9641453623771667, 1.0426340103149414, -3.039865255355835, 3.1044092178344727, -2.3125596046447754]",tensor(0.8567)
fear_71602ec7cc99b157db6841a288536420,30-39,Female,Black,fear,2,2,"[-2.593576431274414, -3.357348680496216, 2.6250290870666504, 1.8814538717269897, -5.25559663772583, 1.228270411491394, 1.4806721210479736]",tensor(0.4879)
sad_b592533fc21ba8a8ca3226dbdd442971,40-49,Male,White,sad,5,5,"[-2.1019034385681152, -0.8090812563896179, -0.5904762744903564, -1.1544787883758545, -3.861739158630371, 7.698439598083496, -3.4764177799224854]",tensor(0.9993)
disgust_9c6e0cd58b1b7da4e1fd13e7f897b953,20-29,Male,White,disgust,1,4,"[3.3127059936523438, -3.4427905082702637, -4.2340850830078125, -2.0210695266723633, 4.602686405181885, -1.244604229927063, -2.0637032985687256]",tensor(0.7805)
disgust_3e926650570e289f23b1d2c26360b9bc,30-39,Male,White,disgust,1,0,"[3.595599889755249, -0.5682476162910461, -3.7462563514709473, -2.8493125438690186, 3.0934107303619385, -0.24906739592552185, -4.437031269073486]",tensor(0.6080)
disgust_74647d7154f0e18438c7b02cc52d291a,20-29,Female,Latino_Hispanic,disgust,1,6,"[-4.767149448394775, -4.641579627990723, -0.722812294960022, 0.2590300142765045, 0.8834728598594666, -1.9747694730758667, 4.378595352172852]",tensor(0.9482)
neutral_20abde86fe4c79d1f50518c286900286,30-39,Male,White,neutral,4,4,"[-1.8490849733352661, -5.75506591796875, -4.596603870391846, -1.2192903757095337, 8.619682312011719, 0.27432480454444885, -1.6825742721557617]",tensor(0.9996)
angry_87837807d878861cec7931b7287dde2c,60-69,Male,Black,angry,0,5,"[-0.955365777015686, -0.7548224329948425, -2.1743686199188232, -2.5059032440185547, 0.165599063038826, 2.9946835041046143, -0.0780358538031578]",tensor(0.8636)
angry_8044e557fc4ef1b282c489c6289a0284,50-59,Male,Latino_Hispanic,angry,0,5,"[2.09501051902771, -2.115506887435913, -1.437345266342163, -5.063636302947998, 2.5488979816436768, 2.561772346496582, -3.389420747756958]",tensor(0.3781)
angry_f85c2634c019877bb8176a6df936db78,50-59,Male,White,angry,0,0,"[3.2651264667510986, -0.8763595819473267, -3.7358505725860596, -1.8062416315078735, 2.8966047763824463, 0.3682045638561249, -3.5729775428771973]",tensor(0.5646)
surprise_3f9bb73466da53f4604516857ac7d9bf,40-49,Male,White,surprise,6,4,"[0.5234764218330383, -3.4731333255767822, -1.550674557685852, -4.162167072296143, 2.920828342437744, 2.1366539001464844, -0.5883333086967468]",tensor(0.6284)
sad_bdca4db0f7054cb55bfb3c553acf8cb3,20-29,Female,White,sad,5,5,"[1.1477519273757935, -1.280765175819397, -1.6879855394363403, -5.78324031829834, 3.2916715145111084, 3.3629848957061768, -4.413085460662842]",tensor(0.4862)
surprise_c5007d3b81b02c14024bc5b6787161ba,30-39,Male,White,surprise,6,2,"[2.2908124923706055, -1.1807218790054321, 3.7873587608337402, -2.002833127975464, -5.4621901512146, -2.4247424602508545, 1.8257477283477783]",tensor(0.7264)
sad_2301fd1152baf3dd754be2709cb5bef2,40-49,Male,White,sad,5,5,"[2.1434497833251953, -4.9494524002075195, -3.2890076637268066, -3.027223825454712, 3.2039148807525635, 4.448227405548096, -5.147863864898682]",tensor(0.7199)
surprise_932c3306d5418c627948be23b2a750b3,40-49,Male,White,surprise,6,4,"[-1.0295672416687012, -4.534077167510986, -0.7350277900695801, -7.418812274932861, 5.846019268035889, -1.6261249780654907, 1.5829720497131348]",tensor(0.9832)
fear_6abe2e9637c04d9c237dad6a90c983d4,03-09,Female,White,fear,2,4,"[-3.4819328784942627, -4.637391090393066, -4.018503665924072, 0.461370587348938, 6.625148296356201, -4.114123821258545, 2.0302929878234863]",tensor(0.9878)
sad_4d501de9779985f6c7459b89d8130cfc,30-39,Female,Latino_Hispanic,sad,5,5,"[-3.290113687515259, -4.845119476318359, 0.04578414559364319, -3.2209036350250244, 1.6826249361038208, 4.142858982086182, -0.1250157207250595]",tensor(0.8949)
happy_9eaee48417f1cc3fe9e218595d7f854d,40-49,Male,White,happy,3,4,"[0.6371747255325317, -4.563161849975586, -5.440022945404053, 2.3722217082977295, 5.175792694091797, -0.4348595440387726, -4.02479887008667]",tensor(0.9301)
neutral_228e13feefdc50ea77520b0994eaa004,30-39,Male,White,neutral,4,4,"[-0.6683084964752197, -3.646514654159546, -2.4799063205718994, -3.697153091430664, 4.446791172027588, 2.5644688606262207, -1.2831398248672485]",tensor(0.8598)
angry_f461765232dd773e2c4f1c8acaa2f91f,20-29,Female,White,angry,0,4,"[-0.15588699281215668, -2.499420404434204, -5.851932048797607, 2.428774356842041, 5.1490583419799805, -0.3260495066642761, -6.330556392669678]",tensor(0.9298)
disgust_9d3832d6773705e0461d31f9575ee3c2,30-39,Female,Latino_Hispanic,disgust,1,5,"[-1.8303542137145996, -0.5260810256004333, 1.634843349456787, -3.853696346282959, -1.792778730392456, 4.277281284332275, -1.355116605758667]",tensor(0.9193)
neutral_983aceb9e5e8c44e34bfb2201e1c14ef,20-29,Female,East Asian,neutral,4,4,"[-6.2027106285095215, -6.782622337341309, -5.29502010345459, 2.4962618350982666, 8.34759521484375, -2.202665328979492, 0.7383843660354614]",tensor(0.9966)
surprise_2c5b977016460de01b70c1408280996d,20-29,Male,White,surprise,6,5,"[-2.6565353870391846, -2.9125008583068848, -1.6976584196090698, -1.8845337629318237, 2.1639139652252197, 4.141923904418945, -2.6756792068481445]",tensor(0.8720)
fear_b9d939b7af47471f18fa77dd262df30f,60-69,Male,White,fear,2,2,"[0.24455483257770538, -2.003178358078003, 2.413256883621216, -5.347553730010986, 0.8551936149597168, -2.3439342975616455, 1.1163700819015503]",tensor(0.6175)
sad_2e02f39c4902b6635624dfa2427bea6c,20-29,Male,East Asian,sad,5,4,"[1.3700395822525024, -3.2662274837493896, -3.951070785522461, -2.6478023529052734, 5.529728412628174, -1.0465987920761108, -1.5852558612823486]",tensor(0.9820)
disgust_2ca7a4bb81f27bfb136e467fe90b9c04,30-39,Male,Middle Eastern,disgust,1,1,"[1.309454321861267, 3.9321835041046143, -1.2197134494781494, -4.367489814758301, -1.6954703330993652, 2.673218011856079, -3.0783658027648926]",tensor(0.7315)
angry_9f78b0fb6be0073eb49473062bd26200,50-59,Male,White,angry,0,0,"[3.138122081756592, -1.356453537940979, -0.36630240082740784, -6.804605960845947, -0.12554332613945007, -0.1413382738828659, 0.8411444425582886]",tensor(0.8212)
surprise_2a01917b72ee1d148c17a97ad7a35d3f,30-39,Male,White,surprise,6,6,"[-4.831182479858398, -3.736985206604004, -1.5013933181762695, 3.2460880279541016, -1.9081017971038818, -2.5821828842163086, 4.681003093719482]",tensor(0.8048)
happy_b8a867a4cde4795bf829aeb7cd9381de,20-29,Female,White,happy,3,3,"[-1.3362586498260498, -2.1432886123657227, -2.2840704917907715, 5.390072345733643, -1.3479814529418945, -2.262777805328369, -0.8645268082618713]",tensor(0.9943)
neutral_549091e1cbf859244a896b13f3ac120d,00-02,Male,White,neutral,4,6,"[-3.3658156394958496, -3.2748053073883057, 0.22653236985206604, 0.7448874711990356, -2.7840616703033447, -3.3427493572235107, 6.284146785736084]",tensor(0.9935)
sad_00990601e4b677a75f3aacded15c9d5e,20-29,Female,White,sad,5,5,"[-3.450026512145996, -4.491930961608887, 0.29467034339904785, -3.0770421028137207, 1.1198893785476685, 3.605466365814209, 0.9934882521629333]",tensor(0.8364)
angry_893c32e151e85f889e38306629b077e1,00-02,Male,White,angry,0,0,"[7.024539470672607, -0.9270163774490356, -4.145382881164551, -0.8685534000396729, 0.057247549295425415, -2.715165376663208, -2.450599431991577]",tensor(0.9982)
surprise_9f29729e4116b372b13bd424ec25480a,30-39,Male,White,surprise,6,3,"[-3.0511019229888916, -2.9298417568206787, -2.586263418197632, 7.179642677307129, -1.1059740781784058, -4.0437846183776855, -1.5527243614196777]",tensor(0.9994)
disgust_8827369e76fdf84fb17f306933006395,30-39,Male,Middle Eastern,disgust,1,4,"[-2.585520029067993, -6.851375579833984, -0.14331111311912537, -3.5117602348327637, 4.322332859039307, 3.304858446121216, -1.2005714178085327]",tensor(0.7255)
fear_344c92060ad2a8247a2150a1691f4bba,20-29,Male,East Asian,fear,2,1,"[-1.0882902145385742, 2.461029052734375, 0.35369572043418884, -3.6138739585876465, -2.4440934658050537, 2.2747879028320312, -2.786839008331299]",tensor(0.5012)
happy_7e887d193ec5204b2688c423c2ee0412,40-49,Male,White,happy,3,3,"[-2.6079862117767334, -3.1650965213775635, -3.216024398803711, 7.537274360656738, -0.3683898150920868, -2.6618893146514893, -2.0271472930908203]",tensor(0.9994)
neutral_9d324b952ba224d1d325523115774efa,30-39,Female,Black,neutral,4,4,"[-2.648085832595825, -3.201604127883911, -2.601259708404541, 1.6233383417129517, 3.241661787033081, -2.5949723720550537, 0.838974118232727]",tensor(0.7699)
sad_66818e7be3c8e9248f5fe78fde680b4f,03-09,Male,Latino_Hispanic,sad,5,5,"[-3.1324377059936523, -2.902207612991333, -2.0558197498321533, -3.7107791900634766, 0.3206067979335785, 11.642407417297363, -5.173705101013184]",tensor(1.0000)
fear_d96094213e5c6f8f3de8885d542aa4bb,20-29,Female,White,fear,2,2,"[0.9883665442466736, -1.3937506675720215, 7.774089336395264, -7.12637996673584, -5.027185916900635, -1.8323581218719482, 2.0624802112579346]",tensor(0.9954)
angry_bc199d6220fd448a9b5ecaa8cad099f9,50-59,Male,Indian,angry,0,0,"[3.022580146789551, 2.586902618408203, -1.6621334552764893, -3.4899449348449707, -1.4919148683547974, 1.4598866701126099, -3.156954526901245]",tensor(0.5319)
happy_4d969608e4db79e56f8b44aeb42ab7ea,20-29,Female,White,happy,3,3,"[-2.1392853260040283, -2.1323001384735107, -1.9193108081817627, 6.167575836181641, -3.4529869556427, -3.4856979846954346, 0.8329538702964783]",tensor(0.9943)
sad_2022c5c97eb70802f58bc37d853855bd,30-39,Female,White,sad,5,5,"[-3.0665619373321533, -1.0878865718841553, -2.172943353652954, 0.36601513624191284, 0.8219093084335327, 3.680281639099121, -4.242042541503906]",tensor(0.9036)
disgust_48586abc8606f6777bddd1d96be8549c,30-39,Male,Middle Eastern,disgust,1,5,"[-0.4989359974861145, 0.29844897985458374, -1.287814736366272, -0.7287617325782776, -2.994798421859741, 5.2356486320495605, -3.737187385559082]",tensor(0.9854)
angry_67fdb70d787e92e947b4f7a94a6f0f85,30-39,Male,White,angry,0,4,"[1.396220088005066, -1.2606031894683838, -4.192970275878906, 1.5357823371887207, 2.857419013977051, -3.6127357482910156, -2.6677727699279785]",tensor(0.6573)
neutral_bf9a081d4059a20db6478b7201ccf7ea,20-29,Female,East Asian,neutral,4,4,"[-0.33833834528923035, -4.5205793380737305, -2.1901001930236816, -3.887789249420166, 5.0029988288879395, 3.675583600997925, -2.1418912410736084]",tensor(0.7863)
surprise_e5ebc6302e8c63c6c3a4d207a1714527,20-29,Female,White,surprise,6,0,"[3.490109443664551, -2.2660367488861084, 0.09522470831871033, -7.2408127784729, 1.3587925434112549, -0.4804927408695221, 0.7732558250427246]",tensor(0.8062)
neutral_f96698fd9819d6ac20211399626dec27,03-09,Female,White,neutral,4,4,"[-1.6067932844161987, -5.84928035736084, -3.689873695373535, -1.7148844003677368, 9.30185317993164, -1.346316933631897, -3.977504253387451]",tensor(0.9999)
fear_48efcc45d3d87fb57cf73cdc9ed9e505,30-39,Male,Middle Eastern,fear,2,2,"[0.013609516434371471, 0.9498489499092102, 2.6295711994171143, -5.683725833892822, -1.3749945163726807, -2.4931492805480957, 2.292477607727051]",tensor(0.5006)
fear_e9e58520eebb6448974374edc2db7228,60-69,Female,White,fear,2,3,"[-2.9302070140838623, -2.099226236343384, -2.7317698001861572, 7.16065788269043, -2.412554979324341, -2.340445041656494, -0.6867354512214661]",tensor(0.9993)
angry_d02001a4fe9c613247c5faea6690232b,03-09,Female,White,angry,0,3,"[-2.2295093536376953, -3.6324222087860107, -2.982431411743164, 2.7211499214172363, -0.5884962677955627, 0.1463577151298523, -0.06989998370409012]",tensor(0.8430)
surprise_b2c48ac367305e6739fce32460ec2123,20-29,Female,White,surprise,6,4,"[-1.5959583520889282, -2.54964280128479, -2.0643997192382812, -3.0771288871765137, 5.497809886932373, -3.6814370155334473, 2.1835460662841797]",tensor(0.9631)
disgust_ba629ff734404e87cc41ee113c2d60d8,30-39,Male,White,disgust,1,4,"[-2.4610047340393066, -3.5643815994262695, -4.593551158905029, 2.9897236824035645, 5.183361530303955, -4.997715473175049, 1.2985159158706665]",tensor(0.8828)
sad_4cf3a4af9bdc7ebacb2fa28bc30f2443,30-39,Male,White,sad,5,4,"[1.632665753364563, -3.9517478942871094, -3.896761417388916, -2.3388938903808594, 6.163433074951172, 0.8548827171325684, -3.224043130874634]",tensor(0.9842)
happy_be4c86fc672abca1c7c44adef3d9e8bd,20-29,Female,White,happy,3,3,"[-3.2476580142974854, -2.8727223873138428, -3.5501327514648438, 6.583604335784912, 0.3224656581878662, -4.041223526000977, -0.37852728366851807]",tensor(0.9970)
fear_663b6241d4bf9a47e4b57e7e41802001,00-02,Female,White,fear,2,6,"[-3.0891313552856445, -3.941748857498169, 3.7984464168548584, -3.9774179458618164, -1.0398298501968384, -2.4389610290527344, 4.6846442222595215]",tensor(0.7057)
fear_508613929224a10516f82d6f4f35d653,30-39,Female,White,fear,2,5,"[-3.0049285888671875, -2.1748878955841064, 1.5844554901123047, -1.2231110334396362, -1.8069937229156494, 6.278915882110596, -1.6812009811401367]",tensor(0.9895)
angry_56f4a97a188cab8110720d4f4b4c05dd,40-49,Male,White,angry,0,4,"[-0.2624717950820923, -4.643219947814941, -4.443942070007324, 0.16419793665409088, 6.058800220489502, 1.698291301727295, -5.6086039543151855]",tensor(0.9829)
angry_7d04ea02c40ea79a4bb3d7b58f79cf8d,50-59,Male,Black,angry,0,0,"[4.396931171417236, -2.9740798473358154, -3.722428560256958, 0.3403439521789551, 3.432914972305298, -2.184981346130371, -4.7944159507751465]",tensor(0.7137)
sad_9a65c90fb843c41daad325be1f042687,30-39,Male,White,sad,5,4,"[-2.237532615661621, -4.20560359954834, -5.555010795593262, 0.1658257693052292, 6.763631343841553, 3.485982656478882, -5.087493419647217]",tensor(0.9622)
surprise_8fdb6dd138fded2892cfe37f3bdf6a0f,00-02,Male,Latino_Hispanic,surprise,6,4,"[-2.2058005332946777, -4.67881965637207, -2.227159261703491, -2.481301784515381, 7.297884464263916, -2.210604190826416, 1.22831392288208]",tensor(0.9974)
happy_f53f0a653c38c89bd0c33e377a799059,03-09,Male,White,happy,3,3,"[-1.4450552463531494, -0.9804322123527527, -1.7622039318084717, 3.46398663520813, -1.3948801755905151, -2.6995840072631836, 0.4635368585586548]",tensor(0.9224)
sad_b19f6563dbe2028ded39c4de6530bbc9,40-49,Male,White,sad,5,5,"[-0.38228416442871094, -3.6075809001922607, -2.9719882011413574, -2.1549346446990967, 3.617988348007202, 5.199312686920166, -5.799906253814697]",tensor(0.8261)
disgust_aa15ca74c5ea4dec16d89a045c7b3149,50-59,Male,White,disgust,1,3,"[-1.9723597764968872, -2.251195192337036, -2.543801784515381, 2.8804593086242676, -0.07108696550130844, 1.9576691389083862, -3.262375831604004]",tensor(0.6803)
disgust_ea09e009aebce36d581bddf947e4e20d,60-69,Male,White,disgust,1,5,"[2.8743813037872314, 0.8487666845321655, -1.2390128374099731, -3.846522808074951, -1.6109927892684937, 3.954524278640747, -4.963447093963623]",tensor(0.7172)
surprise_769340b517bb9fc3aec734b120e96745,50-59,Male,White,surprise,6,4,"[-0.656171977519989, -2.5578691959381104, -2.4173951148986816, -0.1128530502319336, 2.5644376277923584, -1.303514838218689, 0.5641304850578308]",tensor(0.7827)
happy_24c9d1d65bae7362f503991a0a0e067b,50-59,Female,White,happy,3,3,"[-0.8732364773750305, -1.561975359916687, -1.0092434883117676, 4.1266655921936035, -4.844945430755615, -2.3291873931884766, 0.6762624382972717]",tensor(0.9529)
fear_0f9014174ba681c372316f33daf697a1,30-39,Female,Indian,fear,2,2,"[-3.9901089668273926, -3.9402148723602295, 5.564997673034668, -3.3221640586853027, -3.7893736362457275, 3.394601583480835, 0.9814284443855286]",tensor(0.8891)
sad_9848681693fbc6aa3586647a66a591b5,30-39,Female,White,sad,5,4,"[-3.1545422077178955, -7.7227983474731445, -2.910268783569336, -4.658035755157471, 7.838188171386719, 3.3856101036071777, -1.2193297147750854]",tensor(0.9883)
surprise_738598666f952d51b9403682d207e095,20-29,Male,White,surprise,6,6,"[1.9055747985839844, -3.026204824447632, 0.700253963470459, -6.594608783721924, 0.9309628009796143, -1.782275915145874, 2.48897647857666]",tensor(0.5118)
disgust_66285556636b85696e876abef4002019,30-39,Female,Middle Eastern,disgust,1,5,"[-0.7113849520683289, -2.0894079208374023, -3.7052109241485596, -3.6051220893859863, 3.4383223056793213, 4.274905681610107, -3.3027732372283936]",tensor(0.6930)
angry_3c7e50080f41f16ca73dc738135aea88,30-39,Male,White,angry,0,5,"[2.065016746520996, 1.2135323286056519, -1.3099699020385742, -5.387568950653076, 0.22176960110664368, 2.5395898818969727, -1.8466477394104004]",tensor(0.4950)
happy_e822605cbc8a0cc265f18dc311192f2d,20-29,Male,Latino_Hispanic,happy,3,4,"[-2.588616132736206, -4.725064754486084, -4.584625720977783, 2.108625650405884, 5.29124116897583, 0.39224156737327576, -2.5602867603302]",tensor(0.9526)
happy_110ab1c46b344b85ab2bfc9a7cf46b9d,20-29,Female,White,happy,3,3,"[-2.6333491802215576, -2.4094765186309814, -2.502309799194336, 6.816381931304932, -2.307114839553833, -3.1694788932800293, -0.08687508851289749]",tensor(0.9986)
surprise_e7582e36c30f359dbe74bdd1207985a8,20-29,Male,White,surprise,6,6,"[-0.8586011528968811, -3.3502395153045654, 4.123219013214111, -3.2679526805877686, -4.977633953094482, -5.564199447631836, 8.396775245666504]",tensor(0.9861)
neutral_c2e985242356a26f91a768207499ba84,20-29,Male,White,neutral,4,4,"[-2.6214423179626465, -4.638158798217773, -3.901425838470459, 1.4842592477798462, 7.308376789093018, -0.10531943291425705, -2.1199817657470703]",tensor(0.9963)
neutral_b678895ace1c2612b31916c19f0c95b3,20-29,Female,Black,neutral,4,4,"[-1.9363207817077637, -3.033271074295044, -3.129271984100342, -0.9344581365585327, 5.603277683258057, 0.9587357044219971, -4.555478572845459]",tensor(0.9882)
surprise_cb7214b5e032711513cab38e7915f278,40-49,Male,White,surprise,6,4,"[0.3018234372138977, -4.520654678344727, -4.072341442108154, -0.7614591121673584, 7.1481499671936035, -0.3126387894153595, -3.5765180587768555]",tensor(0.9980)
happy_e95d0750f2fb8164489c060201bdc028,30-39,Female,White,happy,3,3,"[-1.8393023014068604, -2.1221556663513184, -2.4188232421875, 6.064417362213135, -1.2602794170379639, -2.429767370223999, -1.6952563524246216]",tensor(0.9979)
fear_4e5fa93b0d169a148f361bfbc8ad427e,60-69,Male,East Asian,fear,2,2,"[-0.8298085331916809, -0.7914940118789673, 4.683583736419678, -2.9706170558929443, -4.072773456573486, -2.4733047485351562, 3.4781548976898193]",tensor(0.7638)
disgust_f110bb82af8be3cde411d6b3f3ebc000,40-49,Male,White,disgust,1,4,"[-2.3383259773254395, -2.090149164199829, 0.4007137417793274, -3.398505687713623, 2.4927499294281006, 0.19644202291965485, 0.18185769021511078]",tensor(0.7439)
sad_26bf10d48944429c270347d1819346f3,20-29,Female,White,sad,5,5,"[-1.2200617790222168, -3.962122917175293, -1.5838426351547241, -2.8592171669006348, 3.419376850128174, 3.9575767517089844, -1.5133925676345825]",tensor(0.6254)
disgust_488b1f8117eee2f6481a5f6bbc80087e,40-49,Male,Middle Eastern,disgust,1,0,"[3.8536107540130615, 2.8327348232269287, -1.601581335067749, -5.18419075012207, -1.6835964918136597, -0.28109636902809143, -1.2712488174438477]",tensor(0.7191)
happy_773dcc292a3deebc642b7a1afe483cc7,20-29,Female,White,happy,3,3,"[-2.8241031169891357, -3.0794718265533447, -3.5447897911071777, 8.111024856567383, -1.5830519199371338, -3.0580544471740723, -1.3534986972808838]",tensor(0.9998)
angry_6af8b3d3564eee0a19c36c6111667707,10-19,Male,White,angry,0,4,"[-2.1342618465423584, -4.580052375793457, -4.294932842254639, 2.055664300918579, 5.595852375030518, 0.37622132897377014, -3.165360450744629]",tensor(0.9661)
happy_8a659aa64d690b5e08b1ef0df68efb04,20-29,Female,East Asian,happy,3,4,"[-5.1867170333862305, -6.047414779663086, -5.865311622619629, 3.7820842266082764, 8.439257621765137, -3.668189525604248, -0.9269527196884155]",tensor(0.9905)
surprise_8c32d980400e97b2ab85b979393aa1d4,00-02,Female,White,surprise,6,4,"[-2.1199445724487305, -4.322484970092773, -2.909900188446045, -1.6672909259796143, 5.063978672027588, -1.9993098974227905, 2.4480557441711426]",tensor(0.9291)
happy_c201337ff6048882023b3c6540481f58,03-09,Male,White,happy,3,3,"[-1.9042892456054688, -1.419679045677185, -2.406079053878784, 5.818726062774658, -2.3587214946746826, -1.2874823808670044, -1.5137923955917358]",tensor(0.9968)
disgust_737735e6545d22232e0c77e8ba5ada0b,00-02,Male,Middle Eastern,disgust,1,3,"[0.8358156681060791, 0.3162272274494171, -3.8209807872772217, 1.33821439743042, -0.2914104759693146, 1.3340688943862915, -4.250770092010498]",tensor(0.3158)
angry_5233bf7c450f04e7e9b52ce6afb16827,40-49,Male,White,angry,0,4,"[-1.298951506614685, -5.851175785064697, -3.4613921642303467, -3.74507737159729, 8.09449577331543, 0.5447040796279907, -1.3995112180709839]",tensor(0.9993)
neutral_ee0ca5e3574315d8227ec8ea6d1a82bb,20-29,Female,White,neutral,4,5,"[-1.847078800201416, -2.5616252422332764, -3.718390941619873, -0.468061238527298, 2.7138192653656006, 3.42081356048584, -3.2188029289245605]",tensor(0.6564)
surprise_d15de7c29919e26cce8392bdaa441072,60-69,Male,White,surprise,6,5,"[-0.9227740168571472, -3.4592349529266357, 3.0455002784729004, -7.7464919090271, -0.8738566637039185, 4.988630771636963, 0.8605824112892151]",tensor(0.8583)
angry_7da90c2574cd655d9cb1724973f4a181,20-29,Male,Latino_Hispanic,angry,0,0,"[2.7921130657196045, 0.5840895771980286, 0.8146726489067078, 0.19013215601444244, -5.306464672088623, -2.247951030731201, -1.4614036083221436]",tensor(0.7443)
angry_be38393ba64652614fe2654d291caa4e,03-09,Male,Middle Eastern,angry,0,4,"[-3.516063928604126, -6.788992881774902, -4.002727031707764, -0.7978891730308533, 9.470646858215332, 1.9590809345245361, -4.99879264831543]",tensor(0.9994)
surprise_0f217dab7dfb719644d47458dc76aa1d,60-69,Female,White,surprise,6,4,"[-5.3551154136657715, -4.81563663482666, -4.209519386291504, 1.7807217836380005, 5.501353740692139, -0.8222489356994629, 0.5348823070526123]",tensor(0.9680)
happy_b6a9d2279475c6ceecc7f4a1f28627f1,20-29,Female,White,happy,3,3,"[-2.1340506076812744, -1.7536858320236206, -2.5582056045532227, 5.845306396484375, -3.1939780712127686, -2.5033164024353027, 0.2530057430267334]",tensor(0.9949)
happy_fe73543661616a449f24da3b92112358,40-49,Female,White,happy,3,3,"[-1.8777592182159424, -2.070150136947632, -3.4272871017456055, 4.647738456726074, 1.8836500644683838, -1.9900518655776978, -3.5134637355804443]",tensor(0.9367)
neutral_2876595e0e8928416d70c4fa7881ed9a,20-29,Female,White,neutral,4,4,"[-4.182048797607422, -4.579324245452881, -0.11346559226512909, -3.468385696411133, 3.5900309085845947, 1.08912193775177, 1.0859373807907104]",tensor(0.8404)
happy_3f0f36cb45fe39ff67a67f55a0fcdc6e,30-39,Male,White,happy,3,3,"[-2.3689000606536865, -1.6973463296890259, -2.4811882972717285, 6.065091133117676, -1.9604427814483643, -2.954672336578369, 0.11487624794244766]",tensor(0.9961)
happy_4bac8f563dc51b330ed5f33f86fe2c27,20-29,Female,Black,happy,3,3,"[-2.4295740127563477, -2.167135000228882, -2.0671229362487793, 5.5910964012146, -2.8055951595306396, -2.5909674167633057, 0.7580149173736572]",tensor(0.9904)
neutral_ef7b66aae620e26479762b47c02db9af,10-19,Female,White,neutral,4,4,"[-3.1979072093963623, -5.201300144195557, -4.892762660980225, 2.162497043609619, 7.781980991363525, -1.0454106330871582, -2.3532609939575195]",tensor(0.9962)
neutral_2aac118aa47c8d7d2225cf612031dc6d,20-29,Female,White,neutral,4,4,"[-3.6834194660186768, -5.972103595733643, -2.90045428276062, -2.9168760776519775, 8.371118545532227, -1.1439026594161987, 1.6234533786773682]",tensor(0.9987)
surprise_223fb8ee93395b7a73f9e21adad177d7,30-39,Male,White,surprise,6,6,"[-4.183912754058838, -6.1175384521484375, -2.8292062282562256, -1.5189311504364014, 3.482452154159546, -5.895836353302002, 9.574478149414062]",tensor(0.9977)
disgust_a9e4f751bf2b70c1691bead31790f56f,20-29,Female,White,disgust,1,4,"[-0.031633686274290085, -0.5758222937583923, -2.5240936279296875, -2.075932264328003, 3.4592325687408447, -1.3837116956710815, -1.4169306755065918]",tensor(0.9345)
sad_09712fe1f9cf8e82bc312086742135a9,20-29,Female,White,sad,5,4,"[-3.226198434829712, -5.99242639541626, -6.062960624694824, 1.908774495124817, 9.948184967041016, -0.8868614435195923, -4.43424654006958]",tensor(0.9997)
neutral_e8cfd34494367a039b1f849dae60d8e6,10-19,Male,Latino_Hispanic,neutral,4,4,"[-1.4355852603912354, -3.8824450969696045, -3.5525565147399902, -0.22542507946491241, 5.031959056854248, -0.7346631288528442, 0.2437363713979721]",tensor(0.9818)
happy_4572341c93e426c5eabc746450a72908,30-39,Male,East Asian,happy,3,3,"[-2.0873730182647705, -1.91208815574646, -2.751845359802246, 7.222376346588135, -2.425929307937622, -2.30771803855896, -1.635815978050232]",tensor(0.9995)
surprise_1fc4e7a2e539bdb4d55e3af37dbc05af,10-19,Male,Middle Eastern,surprise,6,3,"[-3.880136728286743, -2.5812227725982666, -2.9888834953308105, 7.202780723571777, -2.27164626121521, -3.643310785293579, 1.407755970954895]",tensor(0.9968)
neutral_4bedaee7ae4588e7a50124be31c878c4,60-69,Male,White,neutral,4,4,"[-1.80619478225708, -3.7819631099700928, -1.6210596561431885, -1.667746901512146, 4.593225479125977, -0.6390136480331421, -0.7293999791145325]",tensor(0.9842)
fear_819cc0217fdcdced9e473112ebaec8e5,30-39,Male,White,fear,2,2,"[-2.458820104598999, -4.106705188751221, 9.871842384338379, -8.064370155334473, -3.459763288497925, 1.6196056604385376, 0.5868732929229736]",tensor(0.9996)
fear_5e0e17bc1a4018806245c359db00bc68,30-39,Female,White,fear,2,2,"[-0.16372674703598022, -3.961582899093628, 7.707058429718018, -3.7820324897766113, -5.352609157562256, -2.3336801528930664, 2.8049492835998535]",tensor(0.9922)
fear_8f369bbb39bacd62a42e1bbb83482b91,10-19,Male,White,fear,2,5,"[-3.819859266281128, -3.017744302749634, 1.4613674879074097, -4.5925421714782715, 0.9231765866279602, 5.031010627746582, -0.3113291561603546]",tensor(0.9525)
happy_03889b8dea3b915fbdb3bf8fb56a72ef,30-39,Male,White,happy,3,6,"[-3.6410982608795166, -2.612013101577759, -1.2968754768371582, 1.1616896390914917, 1.7804949283599854, -3.088733673095703, 2.152900218963623]",tensor(0.4742)
fear_112e802214afa79b731f3eb4668d4b39,30-39,Male,Middle Eastern,fear,2,0,"[2.7434442043304443, -1.7474416494369507, -1.5961359739303589, -3.0520458221435547, 1.6225465536117554, -1.0653473138809204, -1.7170391082763672]",tensor(0.7210)
happy_5f05380361a1e2313ce2922707d6f96b,60-69,Female,White,happy,3,3,"[-2.8538074493408203, -2.1239161491394043, -3.3361690044403076, 7.861892223358154, -2.1376662254333496, -2.817232370376587, -2.0006394386291504]",tensor(0.9998)
disgust_1662ba9e79e94e7647d64fa3cf33f686,20-29,Male,White,disgust,1,4,"[2.3003299236297607, -2.7887938022613525, -2.534991502761841, -4.60674524307251, 3.6043527126312256, 2.754220485687256, -2.2196059226989746]",tensor(0.5862)
happy_2cb8176dc84e158bd29df02e3b253bc1,20-29,Female,White,happy,3,3,"[-1.550827145576477, -1.4494322538375854, -2.5118603706359863, 6.071617603302002, -2.1304075717926025, -2.353926181793213, -1.426800012588501]",tensor(0.9977)
neutral_8c03ac518b0f59ab7caa7a3c924e5493,20-29,Female,White,neutral,4,4,"[-0.7763159871101379, -3.110006093978882, -5.0162434577941895, 0.7622299790382385, 5.651126384735107, -1.286102056503296, -1.6134871244430542]",tensor(0.9891)
surprise_4258c48cac3da205a31a95100d18e56e,03-09,Female,White,surprise,6,5,"[-2.5533950328826904, -4.084871768951416, -1.1113704442977905, -3.163482189178467, 2.2141273021698, 6.277620792388916, -1.9763661623001099]",tensor(0.9820)
angry_33de5282bb2e7199601edec740588fc4,20-29,Female,White,angry,0,4,"[-2.358227252960205, -4.040237903594971, -4.0924248695373535, -0.20569825172424316, 7.09214448928833, -2.6175177097320557, -1.1653105020523071]",tensor(0.9989)
fear_7ac0f1dfe5b83599205a76ddcfbbd026,03-09,Male,Black,fear,2,6,"[-2.7496001720428467, -2.7878026962280273, 1.58949875831604, 2.6294636726379395, -4.856415271759033, -5.788959980010986, 6.402072429656982]",tensor(0.9696)
surprise_f26f90c0fbf9e73e6357d3e74da6787b,00-02,Male,White,surprise,6,6,"[-1.7228807210922241, -5.862776279449463, 1.9170831441879272, -3.7895500659942627, -3.358591318130493, -5.326111316680908, 10.367268562316895]",tensor(0.9998)
happy_70c020f9d4866f646b71ce015507ed53,20-29,Female,White,happy,3,6,"[-1.5299432277679443, -1.2735631465911865, 0.8938164710998535, 2.186288833618164, -3.6818625926971436, -2.980618715286255, 2.369673252105713]",tensor(0.4729)
sad_ab214b5397d2cdf7d4ad922081c874fc,20-29,Female,Black,sad,5,6,"[-4.126816749572754, -3.2123992443084717, 1.0535871982574463, -3.7806708812713623, 0.956186830997467, -0.48779454827308655, 2.6229629516601562]",tensor(0.6909)
fear_9f65cddd61952fad6d3ce664621a3a92,00-02,Female,White,fear,2,2,"[-1.6752835512161255, -0.3178684115409851, 3.886021375656128, -4.886129379272461, -1.7969862222671509, -1.7153123617172241, 2.204240083694458]",tensor(0.8250)
neutral_a48a289187ebf127635322d8712bed5c,40-49,Male,White,neutral,4,4,"[-0.3102625012397766, -2.0399229526519775, -2.7217905521392822, -0.4061936140060425, 3.155853033065796, 0.701252818107605, -2.869649887084961]",tensor(0.8648)
fear_ab915cd17fba7e2da69f93fc59d1eab5,20-29,Female,Black,fear,2,4,"[-1.6264216899871826, -3.1354596614837646, 0.24333465099334717, -4.563176155090332, 5.106270790100098, -2.854404926300049, 1.21079683303833]",tensor(0.9709)
sad_5cecb06cb7357ad7769aa1e5d9e81c9e,20-29,Male,White,sad,5,4,"[-1.3833523988723755, -4.561566352844238, -4.4549736976623535, 2.016942262649536, 5.80157995223999, 1.6649670600891113, -4.579350471496582]",tensor(0.9620)
disgust_2e432d51200a10d55d2c785e62e78a4b,30-39,Male,Latino_Hispanic,disgust,1,0,"[4.127196311950684, 2.708922863006592, -2.1045236587524414, -4.694865703582764, -1.4845274686813354, 2.028205394744873, -3.0243468284606934]",tensor(0.7293)
disgust_13f2295e3189573842285a95148851f7,40-49,Female,White,disgust,1,3,"[-1.980971097946167, -1.724995493888855, -3.1769421100616455, 5.114125728607178, 0.7921187877655029, -2.500290870666504, -1.5097873210906982]",tensor(0.9830)
disgust_f1cb7dd34a03dbce636f508d02038367,03-09,Female,White,disgust,1,0,"[9.386987686157227, 3.7978835105895996, -4.186967849731445, -4.615528583526611, -2.2928273677825928, -2.691775321960449, -3.451162338256836]",tensor(0.9963)
disgust_17646c76847b8a766522cd3c94d27f95,30-39,Female,Latino_Hispanic,disgust,1,1,"[2.2440598011016846, 3.8445212841033936, -1.1175363063812256, -3.309544086456299, -1.7388341426849365, -1.2371177673339844, -3.842653512954712]",tensor(0.8197)
happy_9ab317f7b76eb01b7737a9248d54b224,50-59,Male,White,happy,3,3,"[-2.500173568725586, -1.6595691442489624, -3.1214075088500977, 7.25019645690918, -2.2249042987823486, -2.2112679481506348, -1.9521980285644531]",tensor(0.9995)
surprise_4494f5c8434fc0b51db4d832a8d0c216,60-69,Male,White,surprise,6,6,"[-3.218337297439575, -4.670008659362793, -2.419116497039795, -2.7495837211608887, 3.3132288455963135, -1.1743956804275513, 5.35652494430542]",tensor(0.8834)
fear_8d600041aab7b2b2955fa14e16cc43e7,40-49,Male,Middle Eastern,fear,2,0,"[5.078470706939697, 0.3207346796989441, 1.536649465560913, -7.008336544036865, -2.7466046810150146, -1.7516297101974487, -0.2175719439983368]",tensor(0.9578)
surprise_f7b5da0b725652eb99c0082d9d48067e,40-49,Male,East Asian,surprise,6,5,"[-1.8336665630340576, -2.4604885578155518, 1.6242941617965698, -6.304161548614502, 0.5760297179222107, 2.420499086380005, 0.7775397300720215]",tensor(0.5481)
angry_9e885c6f190470c5239aad7a3993d230,03-09,Female,White,angry,0,4,"[-1.1844944953918457, -3.979836940765381, -3.8551268577575684, -0.9503223896026611, 4.637228965759277, 2.185457706451416, -1.6298837661743164]",tensor(0.9131)
neutral_1b992f2d820d3260dcab724352f4d388,30-39,Male,White,neutral,4,4,"[-1.4170879125595093, -2.2903692722320557, -2.631220817565918, -3.0781121253967285, 2.6811611652374268, -0.3609338104724884, 1.8155488967895508]",tensor(0.6666)
surprise_defbc9671f18ade5df31ac8f6fc2a648,20-29,Female,White,surprise,6,0,"[4.37128210067749, 0.9134217500686646, -2.618819236755371, -2.0179646015167236, -0.36311209201812744, -3.8526535034179688, -0.8534864187240601]",tensor(0.9537)
neutral_03b731dc5c4241f34540153900f90372,20-29,Female,White,neutral,4,4,"[-4.015170574188232, -4.706600666046143, -3.8013157844543457, -0.7842183113098145, 8.344331741333008, -1.6494814157485962, -1.052919626235962]",tensor(0.9998)
sad_a9ffa9139993822542b34e48df6747b2,40-49,Male,Latino_Hispanic,sad,5,5,"[0.23812542855739594, -3.1880857944488525, -3.4477086067199707, -4.7441935539245605, 4.131372928619385, 6.106527805328369, -4.0611186027526855]",tensor(0.8758)
disgust_dbbec4ed1e2c1c6622c029dfd5ffb72b,30-39,Male,Middle Eastern,disgust,1,5,"[-1.2036356925964355, 0.23161153495311737, -4.71575403213501, -1.9620543718338013, 1.637148380279541, 3.8902463912963867, -4.228862285614014]",tensor(0.8769)
fear_fee5c0364a7004ad13b39f9b60011b1a,20-29,Female,White,fear,2,5,"[-2.429100751876831, -2.578037977218628, 2.4463741779327393, -3.122097969055176, -2.447542428970337, 5.379018306732178, -0.5398097634315491]",tensor(0.9458)
angry_046ea4301c1913abc3dadb88d108d863,00-02,Female,White,angry,0,4,"[-3.318906545639038, -3.421952724456787, 0.5524395704269409, -3.2680552005767822, 4.189155101776123, -0.3426022231578827, 0.363655149936676]",tensor(0.9429)
fear_c466c22c129bb9768aa788c76d350e98,30-39,Male,White,fear,2,3,"[-2.987471580505371, -2.83933424949646, -1.7739266157150269, 3.9940857887268066, -1.889068603515625, 0.32405200600624084, -0.0745418593287468]",tensor(0.9519)
happy_263e470dea57ef64f88ef018a264f780,20-29,Female,White,happy,3,3,"[-3.1211678981781006, -3.2177798748016357, -3.7267632484436035, 7.872164249420166, -0.3827265799045563, -3.025938034057617, -1.589709997177124]",tensor(0.9996)
angry_c03594b6fbe37f9ee1a87b28e89cd482,50-59,Male,Middle Eastern,angry,0,4,"[1.8097445964813232, -2.006700277328491, -2.529770851135254, -4.92073392868042, 2.4227139949798584, 1.6154907941818237, -0.22777891159057617]",tensor(0.4812)
happy_c8da6f37be660141c187ff18d7356fd5,40-49,Male,White,happy,3,3,"[-1.4261343479156494, -1.8599514961242676, -2.3508801460266113, 5.367222785949707, -1.0121731758117676, -1.8692402839660645, -2.0266613960266113]",tensor(0.9947)
fear_6615ddcf902882db3b2a5b15e879da10,00-02,Male,White,fear,2,6,"[-5.562342166900635, -6.349310398101807, 0.7927777171134949, -4.717426776885986, 3.38982892036438, 1.2250049114227295, 3.9722230434417725]",tensor(0.6008)
fear_895ff5fe554431d72713735d73b4afe7,00-02,Male,Middle Eastern,fear,2,2,"[-0.8801956176757812, -1.4447965621948242, 4.733261585235596, -2.925757646560669, -3.7218286991119385, -2.600519895553589, 3.3127028942108154]",tensor(0.8009)
neutral_cce61a2d195f45b59760768f2c9d0838,03-09,Male,Middle Eastern,neutral,4,4,"[-0.6570274829864502, -5.154667854309082, -2.584127902984619, -3.028611183166504, 6.0635600090026855, -2.0173182487487793, 1.4544718265533447]",tensor(0.9884)
surprise_d51fd1e94e6993353fc368c72b5d20cd,20-29,Female,White,surprise,6,4,"[-3.296569585800171, -2.993150234222412, -1.8885787725448608, 0.10175912082195282, 3.188354015350342, -1.6511709690093994, 1.5185370445251465]",tensor(0.7989)
happy_86c2691d2331db46cfe87328c4c54503,20-29,Female,White,happy,3,3,"[-1.5417351722717285, -1.8728684186935425, -2.405613899230957, 6.136589527130127, -1.688875675201416, -2.009737014770508, -1.8470162153244019]",tensor(0.9980)
angry_860a4efc7e0341c3f06a31eb7229010b,30-39,Male,Latino_Hispanic,angry,0,4,"[-0.7917274832725525, -3.3115172386169434, -2.307509422302246, -2.854613780975342, 3.5933921337127686, -1.324367642402649, 0.8537297248840332]",tensor(0.9177)
fear_0029f7e647a268978a76fd085d6e58cf,03-09,Male,White,fear,2,5,"[-3.575726270675659, -3.817599058151245, 0.791274905204773, -3.209890842437744, 1.8854131698608398, 4.7706618309021, -1.7321949005126953]",tensor(0.9287)
disgust_fe1203ced69f83e3779b4254452486a6,20-29,Male,White,disgust,1,6,"[-3.7666091918945312, -0.9735783338546753, 1.2683340311050415, -2.4271421432495117, -1.3727576732635498, -0.0017384812235832214, 3.475329875946045]",tensor(0.8592)
neutral_11d5dee1766c4d6e26e2a1a49508732b,10-19,Male,Southeast Asian,neutral,4,4,"[0.557262122631073, -3.4034292697906494, -3.1860830783843994, -1.1992889642715454, 5.513577938079834, -0.8837155103683472, -2.5321130752563477]",tensor(0.9896)
sad_75c392453b7ebfc7e796767550813ae3,30-39,Male,White,sad,5,5,"[-1.565354347229004, -2.8929712772369385, -0.12660914659500122, -1.5866985321044922, -2.8484816551208496, 7.171077251434326, -3.279923439025879]",tensor(0.9989)
disgust_05df4eb8f236b363e89903e3f85ec2e4,30-39,Male,Southeast Asian,disgust,1,4,"[-0.8514444828033447, -3.743335008621216, -3.662442207336426, -1.928836464881897, 5.7247490882873535, 0.1357789933681488, 0.1535172164440155]",tensor(0.9905)
sad_fcd0f90bdca0e9bad77e775b3bccb4b7,20-29,Female,White,sad,5,4,"[-2.3534762859344482, -2.953075885772705, -0.975586473941803, -2.9380674362182617, 3.6895740032196045, -1.0551382303237915, 1.6074386835098267]",tensor(0.8712)
fear_611ea92edf3589efcf11df0be90c1c86,30-39,Female,White,fear,2,2,"[-1.253691554069519, -4.395517826080322, 7.215477466583252, -8.823319435119629, -1.3223907947540283, 3.843510627746582, -1.520328402519226]",tensor(0.9663)
angry_591f5b50ee884004c3bd27dfc43bd2c2,60-69,Male,White,angry,0,4,"[-3.717068672180176, -5.342160224914551, -2.4279637336730957, -0.8955612182617188, 7.224410533905029, -2.745884895324707, -0.16448825597763062]",tensor(0.9990)
angry_ac3bb02ba3def7620d75f6d3d416f713,10-19,Male,White,angry,0,4,"[-0.009568911977112293, -3.9145028591156006, -3.310760259628296, -3.6637022495269775, 5.1845221519470215, 2.7197318077087402, -2.2769436836242676]",tensor(0.9161)
surprise_7915fed859ba469b7de6ad0190eb2985,00-02,Male,White,surprise,6,3,"[-3.985354423522949, -2.904785394668579, -2.1980395317077637, 5.399823188781738, -1.9653751850128174, -3.2340071201324463, 2.9046072959899902]",tensor(0.9224)
happy_670bbf6c1f0f989f1322ddb285e2eddc,40-49,Female,White,happy,3,3,"[-1.785892128944397, -1.673573613166809, -3.0030388832092285, 6.2124176025390625, -1.774182677268982, -2.2831902503967285, -1.7181816101074219]",tensor(0.9983)
fear_bc7d740236ee774a264db4f356d1725b,20-29,Female,White,fear,2,2,"[-3.4552948474884033, -3.022737741470337, 5.906322956085205, -7.190024375915527, -0.7980431914329529, 3.795252561569214, -0.5256174206733704]",tensor(0.8896)
fear_ff64b31c9d27000c50a58744957d4de2,30-39,Male,White,fear,2,4,"[-2.9352385997772217, -4.3417277336120605, -4.297360420227051, -1.0382417440414429, 7.8140549659729, -1.5845378637313843, -1.182158350944519]",tensor(0.9996)
angry_1c36063a085cc391316c2c3a0f81e668,20-29,Male,White,angry,0,4,"[-0.363281786441803, -4.015099048614502, -3.329805850982666, -1.2669018507003784, 5.990985870361328, 1.6228028535842896, -2.9522368907928467]",tensor(0.9848)
disgust_0358f573be979e0821b015402e9bc3af,50-59,Male,White,disgust,1,3,"[-2.733502149581909, -2.812331199645996, -2.709946632385254, 3.2499351501464844, 2.200880289077759, -4.039597511291504, 0.2471974641084671]",tensor(0.7102)
surprise_f2bb994c86271296a74cd64a5abf9160,20-29,Female,White,surprise,6,6,"[-1.494356632232666, -1.4315049648284912, 0.013177857734262943, 0.9349416494369507, -3.666668176651001, -5.4189839363098145, 5.672146797180176]",tensor(0.9862)
neutral_878ad1fde8b972ee84a0b1f386e0d356,20-29,Female,White,neutral,4,4,"[-1.6415539979934692, -4.228665351867676, -2.055112600326538, -2.774913787841797, 4.216487407684326, 0.46391552686691284, 1.8032220602035522]",tensor(0.8938)
neutral_e2bce870b1e08b1e2abc41b4c6b60f79,20-29,Male,White,neutral,4,4,"[-0.10060720145702362, -3.232842206954956, -4.7587199211120605, 2.944828987121582, 5.099948883056641, -3.557624340057373, -3.7225561141967773]",tensor(0.8913)
disgust_565dbbac343d59a986bf13ad3375bffd,50-59,Male,Latino_Hispanic,disgust,1,4,"[2.0295608043670654, -1.5530425310134888, -2.444182872772217, -1.5289156436920166, 2.4898157119750977, -3.151608943939209, -1.85137140750885]",tensor(0.5916)
surprise_aea1ce3fc290d7d817fadf1d33bb5da4,60-69,Male,White,surprise,6,4,"[-3.951805591583252, -4.630249977111816, -2.847126007080078, -1.2316442728042603, 4.296677112579346, -0.5198413133621216, 3.1923370361328125]",tensor(0.7437)
disgust_21f4123d108311d8081356e7a4992327,03-09,Female,White,disgust,1,0,"[9.123504638671875, 2.727975368499756, -3.9641706943511963, -3.0887985229492188, -1.651767611503601, -2.114276170730591, -3.667654514312744]",tensor(0.9983)
happy_9d4df8c983419c5faa012463b522b5f6,30-39,Male,White,happy,3,3,"[-2.351719617843628, -2.447530508041382, -3.084066390991211, 7.157956600189209, -1.2094638347625732, -2.2857861518859863, -1.6705009937286377]",tensor(0.9994)
neutral_8202f493095ea57f304fcf1ec3bbce38,30-39,Male,White,neutral,4,4,"[-3.8701252937316895, -5.686323165893555, -5.557389736175537, 1.9569005966186523, 9.146187782287598, -0.18492957949638367, -3.8055858612060547]",tensor(0.9992)
neutral_280652900a9588baf5fd2d65e7c5fc73,20-29,Male,Indian,neutral,4,3,"[-3.625946283340454, -3.2520363330841064, -4.6413750648498535, 6.703953266143799, 2.7402470111846924, -2.1555089950561523, -3.7764573097229004]",tensor(0.9811)
neutral_c4f6ce37279dc2c3d4357b3137eb3347,20-29,Male,East Asian,neutral,4,4,"[0.8033060431480408, -3.213773012161255, -4.227491855621338, -2.098280906677246, 6.507251262664795, -1.3030647039413452, -2.0927298069000244]",tensor(0.9958)
neutral_94172ede5bf8f60b7e746d3d00958072,20-29,Female,White,neutral,4,4,"[-0.7051553726196289, -4.32677698135376, -5.320614814758301, 1.4258726835250854, 7.3037824630737305, -1.6741604804992676, -2.8065948486328125]",tensor(0.9967)
neutral_0128cf61afa16bc142807a4a356c0c55,60-69,Male,Black,neutral,4,4,"[-0.33267492055892944, -3.6303927898406982, -5.051797866821289, 2.3338799476623535, 4.1771931648254395, -0.8024532794952393, -4.170470714569092]",tensor(0.8497)
disgust_36e9fae1ad204af240f8dfada25fb3c5,10-19,Male,White,disgust,1,3,"[1.1149215698242188, -0.2378181368112564, -4.138193130493164, 2.914224147796631, 0.14438697695732117, -1.8763459920883179, -4.117629051208496]",tensor(0.7807)
sad_9a35335cda46f5efc0e16a46449321cf,00-02,Male,White,sad,5,5,"[-0.12160693109035492, 2.5407822132110596, -1.1588819026947021, -4.754295825958252, -2.7001242637634277, 7.374070167541504, -4.1708292961120605]",tensor(0.9913)
neutral_09db9681c5c8cd2cb5ec725e63e950a4,30-39,Female,White,neutral,4,4,"[-1.4341424703598022, -2.874403238296509, -4.170935153961182, 2.7678871154785156, 4.956308841705322, -1.9905482530593872, -3.865959644317627]",tensor(0.8966)
fear_12e162b44b6be5e326f362514ccf55ea,20-29,Female,White,fear,2,2,"[-2.9382688999176025, -3.4586217403411865, 1.7209503650665283, 1.372019648551941, -4.310994625091553, 0.046907730400562286, 1.6078771352767944]",tensor(0.3567)
fear_1c9415e63a61d80a5ddde35be23793b5,00-02,Male,Middle Eastern,fear,2,6,"[-1.919081687927246, -3.1551313400268555, 3.398346185684204, -1.9005595445632935, -2.633589506149292, -3.928434133529663, 4.309216499328613]",tensor(0.7102)
disgust_862646fa0fd7da4f28132cc1af24367d,20-29,Female,White,disgust,1,0,"[6.718101501464844, 0.44392430782318115, -1.8165595531463623, -4.785966396331787, -1.2015471458435059, -0.2583610415458679, -2.6158690452575684]",tensor(0.9965)
disgust_c158486e32d6aebc74451dc4e74c1743,40-49,Male,White,disgust,1,5,"[1.8181793689727783, 0.8136682510375977, 1.4527533054351807, -5.733894348144531, -2.963975667953491, 2.9644429683685303, -1.627927303314209]",tensor(0.5996)
sad_93bfc8893516a16b670a03491b364a9c,03-09,Female,White,sad,5,4,"[0.33085083961486816, -2.627838611602783, -2.8649322986602783, 0.1610807478427887, 3.519036054611206, -2.0413312911987305, -0.880175769329071]",tensor(0.9124)
disgust_c978fcb799e7fcfd402635e7feaa22c3,20-29,Female,White,disgust,1,1,"[-0.45457229018211365, 1.6064258813858032, -0.3398628234863281, -4.131782054901123, 0.1526370346546173, 1.2947217226028442, -2.444615364074707]",tensor(0.4431)
surprise_03e080854a38079b279566779d44330b,60-69,Male,White,surprise,6,4,"[-0.8627439141273499, -2.025526762008667, -4.392149448394775, 1.1674790382385254, 3.552858352661133, -0.7386379241943359, -2.959181785583496]",tensor(0.8901)
neutral_79836968f89b38c1cca75ea5d5761bf7,00-02,Female,White,neutral,4,6,"[-5.255978107452393, -5.15900993347168, -0.7789756059646606, -1.2154901027679443, 3.09948468208313, -2.548455238342285, 5.596208572387695]",tensor(0.9212)
happy_e3ee7d8148d1d2779e63b1a7a8c01485,00-02,Female,White,happy,3,3,"[-2.167182445526123, -3.9793221950531006, -4.09763765335083, 6.187607288360596, 0.42879724502563477, -0.42473024129867554, -3.796322822570801]",tensor(0.9952)
disgust_7ed0608f8301c0c14eafd567b41321f6,40-49,Male,Latino_Hispanic,disgust,1,6,"[-3.7261455059051514, -0.8765051960945129, -1.9934508800506592, 1.2837625741958618, -0.0634923204779625, -1.8310797214508057, 1.7362494468688965]",tensor(0.5178)
happy_fa1ff2b4e841a4b859918e9e05e40bdd,30-39,Male,White,happy,3,3,"[-0.5092990398406982, -4.057262420654297, -4.135021686553955, 5.485952854156494, 2.691765069961548, -3.571260452270508, -3.264251708984375]",tensor(0.9398)
surprise_9617618ee141ce496559218f00ea0545,20-29,Female,White,surprise,6,5,"[-2.2038516998291016, -2.643409013748169, -3.7018227577209473, 0.9628651142120361, 1.8328198194503784, 4.457455158233643, -5.167056560516357]",tensor(0.9047)
disgust_1e49a5a622b2f6a7c1dcab1977d12fc6,20-29,Female,White,disgust,1,5,"[-4.116642951965332, -3.661410093307495, -0.44290193915367126, 2.161471128463745, -1.8983389139175415, 4.333315372467041, -0.05819966271519661]",tensor(0.8793)
angry_c4e91f5d342a2954c1a9bf42d876d92a,30-39,Male,Middle Eastern,angry,0,4,"[3.2089343070983887, -1.8489917516708374, -3.594576835632324, -2.8180503845214844, 5.376800060272217, -2.207033157348633, -3.3197522163391113]",tensor(0.8959)
neutral_abd31b78342f8c3fda7245e85fc61b6d,60-69,Female,White,neutral,4,3,"[-2.7572176456451416, -3.633272886276245, -2.201775550842285, 2.776801586151123, -0.09672081470489502, -0.26127660274505615, -0.41260597109794617]",tensor(0.8635)
fear_d4a573326a3b162daf6716b9ccb13af2,20-29,Male,White,fear,2,4,"[-0.5152317881584167, -6.6456217765808105, -2.125225067138672, -3.9366226196289062, 4.903792381286621, 1.1744472980499268, 0.9632501602172852]",tensor(0.9534)
neutral_3a1134769ecc26f198ca5b0fe1ce6f5c,40-49,Male,White,neutral,4,4,"[1.139564037322998, -0.3093806505203247, -3.181673526763916, -0.4341113567352295, 2.6296916007995605, -0.22877047955989838, -3.748537063598633]",tensor(0.7210)
angry_e408ba105ebd1df21443780e01598c7d,30-39,Male,White,angry,0,0,"[11.03744125366211, 2.8070948123931885, 0.3191073536872864, -6.346917629241943, -4.860377788543701, -6.021507740020752, -1.6381714344024658]",tensor(0.9997)
fear_d4b9a441587fa23f5d707b2daba863a2,40-49,Male,White,fear,2,5,"[-3.021941661834717, -5.5694684982299805, 4.146701812744141, -8.451942443847656, -0.9653751850128174, 8.89001750946045, 0.5956722497940063]",tensor(0.9911)
surprise_fbc32eaf6ce4dee3f874fb82e6bcca92,20-29,Female,White,surprise,6,2,"[-3.6800992488861084, -3.552751302719116, 3.7826948165893555, -5.626583099365234, 0.08699585497379303, 1.8553828001022339, 1.941333532333374]",tensor(0.7517)
angry_1cd3d5ac92a432e92d69c3285727adff,30-39,Male,East Asian,angry,0,4,"[1.3024836778640747, -2.3286795616149902, -3.564785957336426, -3.0250234603881836, 5.262081146240234, 0.0010414831340312958, -3.289566993713379]",tensor(0.9753)
sad_db6caf1563202dc43293737f9fa8ef14,03-09,Female,White,sad,5,6,"[-4.233452320098877, -4.87932014465332, -0.17209845781326294, -2.8491687774658203, 1.6166927814483643, 1.30465567111969, 3.4725441932678223]",tensor(0.7696)
surprise_feda947e3c5499f06166d47884063f96,20-29,Female,East Asian,surprise,6,6,"[-2.0717132091522217, -1.8475793600082397, -2.7697277069091797, 0.3662908673286438, 1.8215065002441406, -3.888695240020752, 2.874671459197998]",tensor(0.6892)
angry_aa3149a8c854f6f1a5277f0d443324a9,30-39,Male,White,angry,0,0,"[5.164800643920898, 0.497597873210907, -2.4590952396392822, -5.112246990203857, -0.46063709259033203, 3.080068349838257, -4.30388069152832]",tensor(0.8788)
fear_97f41edfa049a055212a0744c0ece64d,20-29,Female,White,fear,2,2,"[1.4928932189941406, 0.9497953653335571, 4.760193347930908, -4.269627094268799, -5.523653030395508, 2.5349230766296387, -3.4467930793762207]",tensor(0.8556)
disgust_56c8fcaf4165e2a4267bff57ad9fe9fd,40-49,Male,White,disgust,1,4,"[1.4184455871582031, -0.7250804901123047, -2.096778631210327, -2.975958824157715, 2.8235654830932617, 1.9911290407180786, -3.790956497192383]",tensor(0.5811)
surprise_2d8d6e5c05138950a3bf29f0084bcd70,20-29,Female,East Asian,surprise,6,6,"[-4.847684383392334, -4.445322036743164, -3.26387619972229, 2.671687364578247, 2.4613912105560303, -3.7303805351257324, 4.517133712768555]",tensor(0.7771)
happy_537f16f51ef80a11961163552f2d59a2,20-29,Male,Black,happy,3,3,"[-3.3593075275421143, -2.240464925765991, -2.663236379623413, 6.799154758453369, -1.8182311058044434, -3.374418258666992, 1.5054798126220703]",tensor(0.9946)
disgust_390ae8f87320dcffcb3810554ee19896,50-59,Male,White,disgust,1,3,"[-1.113744854927063, -1.9825998544692993, -3.693312168121338, 3.028961658477783, 2.4883835315704346, -1.667037844657898, -2.728585720062256]",tensor(0.6179)
surprise_bd9ee1a223a6a2d6255ac566346dca71,20-29,Female,East Asian,surprise,6,4,"[-3.4203569889068604, -5.725067615509033, -5.342406749725342, 1.8450560569763184, 7.557732105255127, -2.9195141792297363, 0.6153603196144104]",tensor(0.9957)
fear_312aff7f12cce58d3ece31af38d41e21,20-29,Male,White,fear,2,2,"[3.852722644805908, -1.5143659114837646, 5.027836322784424, -4.595749378204346, -5.420470237731934, 0.5484495162963867, -2.252725601196289]",tensor(0.7562)
fear_3f0b1f02e175489eebcbf4e03b1ece5f,40-49,Male,White,fear,2,6,"[-4.100616931915283, -2.4613144397735596, 0.23389054834842682, -2.2589104175567627, 0.6057014465332031, -2.583393096923828, 5.951355934143066]",tensor(0.9913)
sad_bf505b346b1e1b91c2836157967d5e35,03-09,Male,Middle Eastern,sad,5,5,"[-0.4471725821495056, -6.318568229675293, -2.7160561084747314, -4.543097972869873, 3.829218864440918, 7.5864129066467285, -1.8162809610366821]",tensor(0.9768)
disgust_0be914d638b2a9f575eb50499d466b15,40-49,Male,White,disgust,1,5,"[-1.0277104377746582, -2.0883233547210693, -3.4473605155944824, -0.763064444065094, 1.9350080490112305, 4.913661479949951, -4.525233268737793]",tensor(0.9451)
happy_1ede80562152cbef99c8f5398dbab6ae,50-59,Male,White,happy,3,3,"[-1.9358876943588257, -2.1273956298828125, -2.9422144889831543, 8.252352714538574, -3.0346767902374268, -2.794980525970459, -2.0675129890441895]",tensor(0.9999)
happy_98d0ae9af6ddf959eb8c36f2428609cb,20-29,Female,White,happy,3,3,"[-2.4335179328918457, -2.32535457611084, -3.0890297889709473, 6.845284938812256, -1.7950999736785889, -2.8139872550964355, -1.0956348180770874]",tensor(0.9992)
happy_a4c6a90b843982066c7fd58baa75bdf6,20-29,Male,Middle Eastern,happy,3,3,"[-1.759462833404541, -1.4720288515090942, -2.7438294887542725, 6.561441898345947, -2.7347614765167236, -1.3552130460739136, -1.7544522285461426]",tensor(0.9986)
angry_3e742c7812dfd3fe50e8ce0eba30ed92,30-39,Male,White,angry,0,5,"[-0.07573284208774567, -3.5767877101898193, 0.9102823734283447, -5.571476936340332, 1.1507594585418701, 3.0664985179901123, -1.6042392253875732]",tensor(0.7593)
happy_3cbe07cb6b246a73e15d33d65e29c4bc,03-09,Female,White,happy,3,3,"[-2.6010119915008545, -2.7262959480285645, -4.325173854827881, 8.99089527130127, -1.0757863521575928, -2.623600721359253, -3.0037436485290527]",tensor(0.9999)
sad_12a284ad24eda93eb1517219f3c98592,10-19,Male,Latino_Hispanic,sad,5,4,"[-1.5161519050598145, -3.4153034687042236, -4.077376842498779, -0.8951339721679688, 4.7946696281433105, 3.7605886459350586, -4.664322853088379]",tensor(0.7346)
surprise_a439958bb30f40ac158dffd1c88ef44c,20-29,Male,White,surprise,6,4,"[-5.406962871551514, -7.027776718139648, -4.806189060211182, -0.15157237648963928, 8.270920753479004, -0.24682611227035522, 0.31693515181541443]",tensor(0.9992)
sad_a14d7d8d07ee81fb6be60dc83fc0e02e,00-02,Male,White,sad,5,5,"[-2.284865379333496, -0.6668651103973389, 0.4314979016780853, -2.876246452331543, -3.306555986404419, 9.094390869140625, -3.411593437194824]",tensor(0.9997)
disgust_e8c85fa850cb01dffb1417bd12eeabcf,20-29,Female,Black,disgust,1,4,"[0.6986724138259888, -2.339951276779175, -2.2905192375183105, -5.5554351806640625, 3.018450975418091, 2.703890323638916, 0.14542639255523682]",tensor(0.5278)
happy_a406e593c363ae80c2b251665ab0ce69,40-49,Female,White,happy,3,3,"[-2.1446149349212646, -2.453904151916504, -3.862088203430176, 4.444100856781006, 0.6629493832588196, -1.2783764600753784, -1.966423511505127]",tensor(0.9705)
surprise_ce51cfd21abcd0fc06c83c6091a9998c,20-29,Female,White,surprise,6,4,"[-3.1118528842926025, -4.139355659484863, -1.9397716522216797, -4.700011730194092, 8.117612838745117, -2.3814241886138916, 1.1022330522537231]",tensor(0.9990)
happy_b5358d9f6eb5bb282f0fb323cc1afd07,20-29,Female,White,happy,3,4,"[0.9496192336082458, -0.38949471712112427, -3.8880136013031006, 0.8492318391799927, 1.8624980449676514, -1.6399935483932495, -1.9559694528579712]",tensor(0.5195)
sad_46b52d6f6ffcf2f883065d2777054f90,30-39,Female,White,sad,5,3,"[-2.1920032501220703, -3.834096908569336, -5.952572822570801, 5.597291946411133, 4.691481590270996, -2.333498954772949, -4.1707892417907715]",tensor(0.7117)
happy_64ce4842d25bed7fb283814ace063ebb,50-59,Female,White,happy,3,3,"[-2.372699022293091, -2.307034969329834, -3.449370861053467, 8.550334930419922, -3.208946704864502, -2.304511547088623, -1.7883532047271729]",tensor(0.9999)
disgust_1765148c0e1fd01c54bf2fc877924b00,20-29,Female,Middle Eastern,disgust,1,4,"[-1.6504344940185547, -3.9835093021392822, -4.367654323577881, 2.444122791290283, 5.624635219573975, 0.1516520380973816, -5.192768573760986]",tensor(0.9555)
angry_512fc40ecf5073df33f60bb6d616c359,30-39,Male,White,angry,0,3,"[-1.568078637123108, -1.2363122701644897, -2.0624141693115234, 5.116359233856201, -1.8486332893371582, -2.5362887382507324, -0.4961187243461609]",tensor(0.9913)
fear_1b8a2a0c40bf0c6acf077be78e4441c0,40-49,Male,Middle Eastern,fear,2,2,"[-2.1677751541137695, -0.4199768006801605, 2.5247368812561035, -5.2595086097717285, -0.4304542541503906, 0.19459623098373413, 1.1826164722442627]",tensor(0.6790)
surprise_0d99e7b3523fabc7c3d52edca55568f8,50-59,Male,White,surprise,6,6,"[-2.9850637912750244, -0.7790472507476807, -0.6668291687965393, -1.864676594734192, 1.3350728750228882, -0.15195375680923462, 1.7844258546829224]",tensor(0.5051)
happy_00d11b483b4b3a3e48d2a8c194d3085e,00-02,Female,White,happy,3,3,"[-1.3106344938278198, -1.9656065702438354, -3.6000235080718994, 7.4526591300964355, -2.495574712753296, -2.8277785778045654, -1.7201173305511475]",tensor(0.9996)
angry_17f95926275d95f6b81bdd2ee39921dd,40-49,Female,White,angry,0,4,"[0.05949871614575386, -3.0068325996398926, -1.506009578704834, -4.325893878936768, 2.5316150188446045, 1.2913591861724854, 1.1350165605545044]",tensor(0.6084)
sad_e2c33f3342d5fcc43f8cff63be5c677f,30-39,Male,Latino_Hispanic,sad,5,4,"[1.4810972213745117, -5.17266845703125, -6.491096019744873, -1.8991650342941284, 7.792600631713867, -0.774707555770874, -2.448721408843994]",tensor(0.9979)
disgust_c0af5ac6b9bb589f2c2adba5afe5181d,30-39,Male,White,disgust,1,3,"[-1.6461619138717651, -0.43552616238594055, -4.174943447113037, 4.04359245300293, 1.0433100461959839, -1.8254406452178955, -2.578653573989868]",tensor(0.9355)
sad_cfc02d87796e87d3d363145050dcbe95,30-39,Male,Middle Eastern,sad,5,4,"[-3.54001522064209, -6.1185760498046875, -5.960340976715088, 0.3429890275001526, 9.499526977539062, -2.0501549243927, -0.6515094637870789]",tensor(0.9998)
surprise_cb6e70edbf0ebc19747920dfa74e8450,50-59,Male,Middle Eastern,surprise,6,6,"[-3.4691808223724365, -2.2405812740325928, -1.987119436264038, -0.3948105573654175, 1.7234466075897217, -2.176703929901123, 3.84159779548645]",tensor(0.8749)
angry_559211a62da7627c39d06079487be516,03-09,Female,White,angry,0,3,"[-1.7051540613174438, -1.8405067920684814, -3.560706615447998, 5.864964008331299, -2.5951764583587646, -3.853116273880005, 0.8432560563087463]",tensor(0.9922)
surprise_fb760c0b73b7ce0a169b8de9e1cb5157,20-29,Male,White,surprise,6,6,"[-1.651983380317688, -2.5238301753997803, 0.7393461465835571, -0.45535025000572205, -0.34185707569122314, -4.10192346572876, 4.27482271194458]",tensor(0.9507)
disgust_467b473f9bbb8676ff533e6295d50018,20-29,Female,White,disgust,1,4,"[-3.748729944229126, -3.9348998069763184, -5.684751987457275, 4.689054489135742, 5.903759956359863, -2.399196147918701, -2.9496195316314697]",tensor(0.7708)
sad_29bfc2976c35fd4f85de48da1ed8a8b6,30-39,Female,White,sad,5,4,"[-0.45302093029022217, -1.6692453622817993, -3.220041275024414, 0.37606799602508545, 4.075235843658447, -0.733366847038269, -2.4991378784179688]",tensor(0.9533)
fear_502bf4ffb2f4c5ac07ea83ae911bd68f,30-39,Female,White,fear,2,6,"[-3.0404977798461914, -1.131689190864563, 3.020303726196289, -3.4996533393859863, -2.3143351078033447, -1.0262519121170044, 3.749497652053833]",tensor(0.6656)
angry_e105b997110661f4e9059c28d94118d4,60-69,Male,White,angry,0,6,"[-1.681066870689392, -5.094688415527344, 1.626333475112915, -3.0432915687561035, 0.9465936422348022, -5.048398971557617, 5.173618793487549]",tensor(0.9571)
neutral_a05b26eb454d8ea5c9600945f8d21c23,40-49,Male,White,neutral,4,4,"[-3.6715128421783447, -4.916221618652344, -4.948616981506348, -0.11387071758508682, 6.678727149963379, -0.29907476902008057, -0.05001983419060707]",tensor(0.9967)
neutral_96b2f644b05d2d55f6c1cd9a7e770227,20-29,Male,Black,neutral,4,4,"[-2.6609413623809814, -3.2284979820251465, -3.1114401817321777, -1.463275671005249, 7.173719882965088, -1.4889020919799805, -0.15625594556331635]",tensor(0.9989)
angry_dceaa7d8f8c0bb32d03d518bd467532e,20-29,Female,Black,angry,0,4,"[-2.8827779293060303, -6.768062114715576, -5.0906500816345215, -2.006035566329956, 12.871113777160645, -4.126447677612305, -1.139466404914856]",tensor(1.0000)
sad_128bff2e7b400e8f5da20c2b3f92376c,30-39,Female,Middle Eastern,sad,5,5,"[0.05477305129170418, 2.7858426570892334, -1.063807725906372, -4.632565975189209, -1.7782506942749023, 4.788846492767334, -2.7306690216064453]",tensor(0.8706)
angry_3ebf124cbd93108ed13a923125ed638e,40-49,Male,Latino_Hispanic,angry,0,4,"[1.7336490154266357, -0.3462604880332947, -4.953962802886963, -0.38619109988212585, 4.656116485595703, -2.866731643676758, -3.964081287384033]",tensor(0.9365)
surprise_2396bd0923f7e1e69d29520c9aa9cb82,40-49,Male,White,surprise,6,0,"[3.1156346797943115, -0.10563362389802933, -4.612181186676025, -0.8150113821029663, 2.8275718688964844, -3.443596363067627, -2.219179391860962]",tensor(0.5507)
happy_963be5e5044001d5fbc06c8550459e54,40-49,Male,Black,happy,3,3,"[-1.7614781856536865, -1.912392020225525, -3.695120334625244, 7.968911647796631, -1.7987728118896484, -3.345465660095215, -2.4851136207580566]",tensor(0.9998)
neutral_dff7dab66108f922f9c088e205720477,20-29,Male,White,neutral,4,4,"[-2.631394386291504, -5.915936470031738, -5.342972278594971, 1.5810489654541016, 10.984319686889648, -2.691601276397705, -3.6877071857452393]",tensor(0.9999)
fear_0318352bd3987eb3b1ca4b5505d3b2be,20-29,Female,White,fear,2,6,"[-4.027502059936523, -2.90339994430542, -0.01625584065914154, 0.9658567905426025, -1.3806498050689697, -3.0718026161193848, 5.069981098175049]",tensor(0.9756)
surprise_af3ea195c1fdb2fef40ce077b757e2c7,00-02,Male,White,surprise,6,3,"[-3.0783731937408447, -2.0091474056243896, -3.740164279937744, 8.254928588867188, -5.376434326171875, -2.9506494998931885, 1.8379909992218018]",tensor(0.9983)
happy_303697ed00049b84a50438c89f6b7645,20-29,Female,White,happy,3,3,"[-2.759328603744507, -2.3148481845855713, -2.611546516418457, 5.920974254608154, -2.0029590129852295, -3.115002393722534, 0.5587924122810364]",tensor(0.9942)
angry_10e2b01ec907f0b1c2ac8139605f450a,50-59,Male,White,angry,0,4,"[-1.7509772777557373, -2.184616804122925, -2.936959743499756, -3.2023348808288574, 4.66334867477417, -2.075101852416992, 2.759003162384033]",tensor(0.8668)
sad_4f19a1d8998c2373b0f6796d491a30e3,40-49,Male,White,sad,5,3,"[-3.0276236534118652, -3.720581531524658, -2.517282485961914, 2.8915061950683594, 1.969874382019043, 2.1499648094177246, -3.475283145904541]",tensor(0.5307)
disgust_294e37b32ddfa47746591bb6b5f5f78d,60-69,Male,White,disgust,1,4,"[0.6546640396118164, -2.5007641315460205, -4.398072242736816, -2.6489620208740234, 4.561600685119629, -0.15542803704738617, -1.015308141708374]",tensor(0.9666)
angry_23ddb8f50e35544a8345420d71d6be40,70+,Female,Indian,angry,0,5,"[-0.28578513860702515, -1.0485538244247437, -3.1512365341186523, -2.2478697299957275, 0.6663391590118408, 6.578817844390869, -5.31821346282959]",tensor(0.9956)
happy_2955688388734274e08e3bda0a14c1c3,20-29,Female,White,happy,3,3,"[-2.880934953689575, -1.3395440578460693, -2.3414387702941895, 6.0117506980896, -2.6294100284576416, -2.414875030517578, -0.3916704058647156]",tensor(0.9969)
angry_de6a95ea97117718e7fda9770931d45a,20-29,Male,Latino_Hispanic,angry,0,0,"[3.0611352920532227, 1.5372036695480347, -1.965611457824707, 2.452098846435547, -6.338351249694824, -4.40039587020874, -0.9553244709968567]",tensor(0.5596)
happy_870c974e196978cec26d2dd7301096e8,20-29,Female,White,happy,3,3,"[-3.135342836380005, -2.6718456745147705, -3.0980215072631836, 5.466386318206787, 0.7201176881790161, -2.563404083251953, -1.5476393699645996]",tensor(0.9895)
happy_9242b1998a8a1cb92920aedc4cd88160,20-29,Male,Middle Eastern,happy,3,4,"[-3.5789363384246826, -5.887004852294922, -4.337761402130127, -0.49205487966537476, 6.335958480834961, -2.086167335510254, 1.0127551555633545]",tensor(0.9938)
happy_230fce67b4b953cabd52cf2bcd7bf974,30-39,Female,White,happy,3,3,"[-1.8287739753723145, -1.4513694047927856, -2.0807268619537354, 4.900246620178223, -3.0477468967437744, -2.474829912185669, 0.28047269582748413]",tensor(0.9855)
disgust_b62b321945f2fe7c19126f7c92c69631,30-39,Male,White,disgust,1,0,"[5.317318439483643, 4.411403179168701, -3.2699902057647705, -2.8221404552459717, -0.5851246118545532, -2.132382392883301, -4.274770736694336]",tensor(0.7102)
neutral_fc7861e3666f455b1fe0f3547e69114a,20-29,Male,White,neutral,4,5,"[-2.283036231994629, -4.115940093994141, -2.067075729370117, -3.1239962577819824, 3.146570920944214, 6.881235599517822, -2.8266167640686035]",tensor(0.9763)
angry_95fef3836ac32248feec20813f6e8b5e,30-39,Male,White,angry,0,0,"[7.565265655517578, 0.2618984580039978, 3.287348985671997, -4.729898929595947, -5.426947116851807, -5.324203968048096, 0.8202797174453735]",tensor(0.9845)
disgust_7546dbfaff5d7f18856097f33482cfee,60-69,Female,White,disgust,1,4,"[3.7799324989318848, -4.48409366607666, -4.76772403717041, -2.72442626953125, 5.26819372177124, 2.487590789794922, -5.264537334442139]",tensor(0.7763)
surprise_61f5fd25c07603aff498c528d0ebcd14,20-29,Female,White,surprise,6,4,"[-3.973642587661743, -4.316980838775635, -4.495370388031006, 0.06082252040505409, 7.6285576820373535, -6.018631935119629, 3.610441207885742]",tensor(0.9818)
neutral_902c67654f724adb9822a116f2628526,30-39,Female,White,neutral,4,4,"[-1.075805902481079, -2.2421367168426514, -4.114160060882568, -0.26954886317253113, 3.998248815536499, 1.132043480873108, -3.6409244537353516]",tensor(0.9260)
disgust_39618a16bf9fc6df5b62caef321fc63d,10-19,Female,White,disgust,1,2,"[-2.0071818828582764, 0.7523812651634216, 3.423335075378418, -4.374562740325928, -2.5834896564483643, 1.364072322845459, -0.8015395998954773]",tensor(0.8206)
sad_1b548c437ca00f2dd230f7b6d636c5dc,20-29,Male,White,sad,5,5,"[0.28750234842300415, -2.4746363162994385, -2.349597930908203, -3.7573962211608887, 2.6248316764831543, 4.922420024871826, -2.2559733390808105]",tensor(0.8989)
sad_8e3ad530f2483b616295116b3829658d,20-29,Male,White,sad,5,4,"[-1.8676509857177734, -4.26881217956543, -2.68302583694458, -0.9687814712524414, 6.105093002319336, 0.3458208441734314, -2.739147424697876]",tensor(0.9953)
fear_896f5f3cce332509f2ddfa98d9240b9f,20-29,Male,White,fear,2,4,"[-3.339695692062378, -4.125072479248047, -0.8931922316551208, -0.351265549659729, 4.022446632385254, -2.232056140899658, 1.8506503105163574]",tensor(0.8797)
sad_5025928712820bde9ccd4448fd1c0f49,50-59,Female,Middle Eastern,sad,5,3,"[-4.392611026763916, -4.738506317138672, -1.4772839546203613, 3.469341278076172, 0.5906276702880859, -0.14995262026786804, 0.8247190117835999]",tensor(0.8607)
angry_f7647ccf672ba37f0a2a52b23f576205,60-69,Male,White,angry,0,1,"[1.7243034839630127, 2.5880913734436035, -3.9792826175689697, -3.037700653076172, 1.2908209562301636, 0.44189807772636414, -3.247655153274536]",tensor(0.5495)
angry_3b783d5d773e68a4f605b62c191e50ac,20-29,Female,White,angry,0,4,"[0.8532121181488037, -4.28266716003418, -1.7930760383605957, -2.7772903442382812, 4.4183759689331055, 0.10408543050289154, -1.0646319389343262]",tensor(0.9535)
sad_075598e4db40304fb4df7b2ac2d536e8,20-29,Female,White,sad,5,5,"[-1.338011622428894, -0.024631250649690628, -2.210989236831665, 1.8376652002334595, -3.3419339656829834, 2.986898422241211, -2.812483072280884]",tensor(0.7196)
fear_50ac24d780d6d83503fb8ec97f5e014d,03-09,Female,White,fear,2,2,"[3.8814332485198975, -0.9497720003128052, 5.6441545486450195, -6.268880367279053, -4.691294193267822, -2.816533088684082, 1.4146358966827393]",tensor(0.8419)
surprise_299c94ddfaf0dacbe09475bb164b0dc9,20-29,Male,White,surprise,6,6,"[-1.7692029476165771, -3.2536427974700928, 4.208125591278076, -1.373739242553711, -4.694140434265137, -5.275782585144043, 4.548038959503174]",tensor(0.5825)
fear_d2e984036fbff030faf56ec304aace82,03-09,Male,Black,fear,2,4,"[-2.668513059616089, -3.999852418899536, 1.3863170146942139, -4.927259922027588, 3.2893171310424805, 0.5492300987243652, 1.1631361246109009]",tensor(0.7482)
sad_80415cc595943f384497a257c80b1ba6,20-29,Female,White,sad,5,5,"[-3.1486313343048096, -2.4895055294036865, -1.8003506660461426, -3.202576160430908, -0.15171074867248535, 7.92437219619751, -2.790583848953247]",tensor(0.9995)
angry_f5ed173c05be250b83183de61b15edfa,30-39,Male,Black,angry,0,0,"[7.611056804656982, -0.08713940531015396, -2.7830028533935547, -4.616569995880127, 0.986997127532959, -0.848635196685791, -4.222682476043701]",tensor(0.9980)
fear_22babc7b922196cea32894a6deb059a4,30-39,Female,White,fear,2,4,"[-3.500586748123169, -2.6078455448150635, 0.24643883109092712, -3.5253207683563232, 3.41927170753479, -0.9915698766708374, 1.626567006111145]",tensor(0.8164)
disgust_e68dddad193223f474ee9e7cdbd1a7ca,20-29,Female,White,disgust,1,6,"[-0.9994259476661682, 0.8842673301696777, -1.6407517194747925, 2.046675205230713, -3.5782666206359863, -4.282342910766602, 2.506417989730835]",tensor(0.5324)
fear_5956e585d6072023a21b425bccca0d86,00-02,Male,Black,fear,2,2,"[-1.3745856285095215, -0.7048384547233582, 4.684539794921875, -4.889588832855225, -1.9503188133239746, -2.7623019218444824, 2.3387017250061035]",tensor(0.9053)
surprise_2e3e4df045d72add769b87d1ab184956,03-09,Female,Middle Eastern,surprise,6,6,"[-4.872561454772949, -4.635601043701172, -3.0959067344665527, 3.1579744815826416, 3.282633066177368, -4.537768840789795, 3.594536781311035]",tensor(0.4201)
surprise_28b50f181d5bdeb89768e0bc322db9e2,20-29,Female,East Asian,surprise,6,2,"[-0.9412626624107361, -0.993315577507019, 3.9625282287597656, -7.213499546051025, 0.45845311880111694, 0.7593194246292114, -1.3987836837768555]",tensor(0.9175)
fear_5aa6210959fc3b7a71cad3c79302e76c,50-59,Male,White,fear,2,6,"[1.8746920824050903, -2.2712695598602295, 4.412948131561279, -8.609444618225098, -3.8670315742492676, -2.991424560546875, 5.2351861000061035]",tensor(0.6779)
happy_9ba26ed691ce0cb82bb6afe7ee540a6d,20-29,Female,East Asian,happy,3,3,"[-3.8344204425811768, -3.8546438217163086, -3.1674957275390625, 4.635920524597168, 1.8758736848831177, -3.0287840366363525, 0.9014059901237488]",tensor(0.9187)
angry_09838c68ed8eff22bd21750d28e05119,30-39,Male,White,angry,0,0,"[9.40848159790039, -0.5221218466758728, -3.0945959091186523, -3.4608240127563477, -0.8170275092124939, -2.348088264465332, -4.418673038482666]",tensor(0.9999)
fear_1eda9926a70495e7d5190e6a9923a7d3,30-39,Female,White,fear,2,5,"[-4.350131988525391, -4.801215171813965, -1.7482306957244873, 1.436900019645691, 2.125121831893921, 3.3429818153381348, -1.9238942861557007]",tensor(0.6865)
disgust_aae0342cfc35b34f059c7a2ea145fa85,30-39,Female,White,disgust,1,3,"[-1.7413114309310913, -1.9092410802841187, -3.8951029777526855, 6.474161624908447, 0.055427685379981995, -2.621626853942871, -2.783813953399658]",tensor(0.9976)
happy_75ff4d7b2d2837b3cb6d5d8990a26ecf,20-29,Female,East Asian,happy,3,3,"[-3.2955586910247803, -3.2766025066375732, -4.21950101852417, 6.461364269256592, 1.0193259716033936, -1.7573708295822144, -2.4746079444885254]",tensor(0.9952)
angry_3256e6dc5763bf8fbaba2b95a599ba2b,20-29,Male,White,angry,0,5,"[0.8221963047981262, 0.5128567814826965, -1.2402746677398682, -4.437890529632568, -0.06444425880908966, 1.7704851627349854, -1.5080039501190186]",tensor(0.5207)
neutral_0c745d231192e862ce9589648c1fbff7,50-59,Female,White,neutral,4,3,"[-5.423226833343506, -6.080540180206299, -4.957801342010498, 6.803374767303467, 4.089195251464844, -2.0973002910614014, -1.7078919410705566]",tensor(0.9375)
fear_ce6a7cce74bf81cb3084a84ecfa9a5c8,00-02,Male,White,fear,2,4,"[-2.167750597000122, -3.578683853149414, -3.432586669921875, -0.2691848576068878, 3.9618279933929443, -5.463935375213623, 3.751492977142334]",tensor(0.5470)
happy_bb70e9d284fe39fa3541d9694cacfce5,03-09,Male,East Asian,happy,3,3,"[-2.3866701126098633, -2.669188976287842, -4.3524956703186035, 4.632376194000244, 0.24387523531913757, 1.9069552421569824, -3.971775770187378]",tensor(0.9261)
disgust_86910ba8e39b66f9f3a2902bc1601105,20-29,Male,White,disgust,1,4,"[-2.8501949310302734, -4.854528427124023, -3.8954854011535645, 0.30208060145378113, 5.8244123458862305, 3.043215274810791, -3.35254168510437]",tensor(0.9378)
happy_315054f264de66a1f135b55db1f5ca3e,30-39,Male,East Asian,happy,3,5,"[-1.348347783088684, -1.5430642366409302, -2.325563430786133, -0.7495090365409851, 1.4642417430877686, 3.3370890617370605, -4.628097057342529]",tensor(0.8395)
fear_30ceacd62d16c0c1d584833c9514f354,00-02,Male,White,fear,2,2,"[-3.0105602741241455, -3.5746572017669678, 3.085582733154297, -3.874634265899658, 0.6554741263389587, -0.7591627836227417, 1.3137953281402588]",tensor(0.7789)
sad_daa5f6f8187db69afd54b209e28b5a5e,70+,Male,Southeast Asian,sad,5,0,"[2.200247287750244, -1.8424261808395386, -1.0269914865493774, -4.759176731109619, -0.1440058797597885, 1.3668285608291626, 0.15189117193222046]",tensor(0.5822)
surprise_200eb349345c1e1051129c7f044949c3,20-29,Male,White,surprise,6,6,"[-1.5540673732757568, -1.300054907798767, -0.18757487833499908, -2.2862820625305176, 0.8742730021476746, -3.0570123195648193, 3.0130395889282227]",tensor(0.8406)
disgust_15a862cef1d25ad9ebc46795ebeeeffa,40-49,Male,Middle Eastern,disgust,1,3,"[-0.8567725419998169, -1.440799593925476, -2.865126848220825, 2.290893077850342, 1.1981351375579834, -2.3028411865234375, -2.248093605041504]",tensor(0.6999)
fear_1ef8973c1fd3af74bbae7c6aacfe0ab2,50-59,Male,Middle Eastern,fear,2,1,"[2.012153387069702, 2.330012559890747, -2.5765926837921143, 0.4201095700263977, -2.0770764350891113, -2.0950629711151123, -2.309814453125]",tensor(0.5216)
surprise_e333d860678491350efc5fe2ff9a19c3,00-02,Male,White,surprise,6,4,"[-4.530673027038574, -4.993541717529297, -2.153656482696533, 1.3272533416748047, 4.627270221710205, -3.5651235580444336, 3.2778921127319336]",tensor(0.7705)
neutral_fbd4ad03c81438a26f96f2b9b3723904,40-49,Male,White,neutral,4,4,"[-0.4641513228416443, -3.1670210361480713, -3.960188150405884, -1.1909247636795044, 4.5077128410339355, 2.199949026107788, -2.456245183944702]",tensor(0.8998)
disgust_d837fb3dc77dc3b3591fde9dfd192e83,50-59,Male,White,disgust,1,1,"[1.5223047733306885, 6.945621490478516, 0.9164800047874451, -6.430652141571045, -2.514065980911255, 0.16905713081359863, -3.5776758193969727]",tensor(0.9920)
angry_f0eb827834bda652c3ab17598e8d6fd1,40-49,Male,White,angry,0,6,"[1.0625646114349365, -1.9793117046356201, -2.088318347930908, -2.057770252227783, -0.7390310764312744, -0.6092561483383179, 1.1676281690597534]",tensor(0.4275)
happy_a51eda8e8d2edcd8982959b3bb74b00d,60-69,Female,White,happy,3,3,"[-2.4177796840667725, -1.1439297199249268, -2.3428070545196533, 6.495728015899658, -2.949601411819458, -2.1444358825683594, -1.2531750202178955]",tensor(0.9986)
surprise_c1586b6f4d586c35fe6f9343b4276ae3,60-69,Male,White,surprise,6,6,"[-4.565328121185303, -4.970327377319336, -3.1444458961486816, -2.024536609649658, 3.400578498840332, -0.8799039125442505, 6.315817832946777]",tensor(0.9476)
angry_d65e4af6a4cabd67c92390e8bacb2b59,50-59,Male,White,angry,0,4,"[-2.203164577484131, -2.605077028274536, -3.06870174407959, -0.23941749334335327, 4.709272861480713, -2.0115861892700195, -0.2205502986907959]",tensor(0.9827)
angry_e60430f7bc941eca278f8c26a64b154e,00-02,Male,White,angry,0,0,"[9.539518356323242, -1.6927751302719116, -3.82730770111084, -5.514881610870361, 1.1569626331329346, 0.5877113342285156, -3.920440435409546]",tensor(0.9996)
fear_e12ffa693205affbe1dd1f0bf666e925,20-29,Male,White,fear,2,6,"[-3.8550865650177, -5.394604682922363, -4.120283603668213, 0.9474305510520935, 4.401699542999268, -3.6675169467926025, 4.616105079650879]",tensor(0.5455)
sad_6f428357c26b5ccbfd1441357a72d682,03-09,Female,White,sad,5,5,"[-3.0521440505981445, -3.3167989253997803, 0.08639930188655853, -1.5904062986373901, -2.9976890087127686, 9.481704711914062, -2.32303524017334]",tensor(0.9999)
happy_6f40c07af2018efd783653d33224d84f,20-29,Male,White,happy,3,3,"[-2.664774179458618, -2.166691541671753, -2.9793596267700195, 5.655879974365234, 0.20771607756614685, -2.1505722999572754, -1.8311903476715088]",tensor(0.9939)
sad_6f47b1e471762dc70001ce0aa2d4b813,00-02,Male,White,sad,5,5,"[-1.425216794013977, -2.6315720081329346, -0.36407628655433655, -4.367222309112549, -0.34856486320495605, 7.285856246948242, -2.3978559970855713]",tensor(0.9988)
fear_76c0efeb14c9d624564f027dcc7e1aa0,40-49,Male,White,fear,2,4,"[-2.711449384689331, -4.6232590675354, 0.3829156160354614, -3.675072193145752, 2.548842668533325, 1.7316840887069702, 1.324035882949829]",tensor(0.5382)
angry_2bfb6e160a87202f7d658454aa758517,40-49,Male,East Asian,angry,0,5,"[-2.938816785812378, -2.04061222076416, -1.691171646118164, -2.9084463119506836, 1.099015474319458, 4.913550853729248, -2.1096420288085938]",tensor(0.9746)
disgust_acb919ac75499cfb91316c65408e3df2,50-59,Male,Latino_Hispanic,disgust,1,3,"[-3.7947072982788086, -2.2169618606567383, -3.390064239501953, 5.3407883644104, 1.5608216524124146, -2.4325735569000244, -1.536945104598999]",tensor(0.9755)
disgust_5276aea8bd68f7a8cb32b592588cc954,50-59,Male,White,disgust,1,3,"[-1.1683933734893799, -1.083715796470642, -2.852970838546753, 4.030022621154785, -2.484647750854492, 0.4538208544254303, -3.396115779876709]",tensor(0.9591)
sad_ad83ab63723531a458f5f28aa86e150b,00-02,Female,White,sad,5,6,"[-3.5603878498077393, -4.318935394287109, 0.22722232341766357, -2.386145830154419, 2.84015154838562, -1.453957200050354, 3.6628966331481934]",tensor(0.6753)
neutral_6668fdf4314d7b994e5a8c89531ee940,20-29,Female,White,neutral,4,4,"[-3.946131706237793, -4.927833080291748, -4.859127521514893, 3.7258307933807373, 6.678080081939697, 0.12953528761863708, -4.619460582733154]",tensor(0.9490)
fear_32b05344f82741c2a276c5a3dfc60961,20-29,Female,White,fear,2,4,"[-2.9975831508636475, -2.66542649269104, -3.096269130706787, 1.5299667119979858, 4.4102959632873535, -0.42993542551994324, -2.0155065059661865]",tensor(0.9366)
angry_5fefaa2c16b921679183e7ab696713d3,50-59,Male,Middle Eastern,angry,0,4,"[2.912081003189087, -6.176068305969238, -5.250023365020752, -3.0002293586730957, 7.623593807220459, -0.0890144556760788, -3.4177212715148926]",tensor(0.9906)
neutral_fe150cfe861dbd0d6869695751f4f425,30-39,Male,Latino_Hispanic,neutral,4,4,"[-1.992121934890747, -2.284764051437378, -4.215751647949219, 2.5836305618286133, 4.502468585968018, -0.8409290313720703, -4.895328521728516]",tensor(0.8662)
happy_39d4c07f12174217d94ce08c139853db,03-09,Male,East Asian,happy,3,3,"[-2.2943997383117676, -1.5831769704818726, -1.906387209892273, 5.332512378692627, -2.646660089492798, -1.555155634880066, -1.547231674194336]",tensor(0.9954)
happy_43811295f9c521bdd31e6c3e3d5f874c,30-39,Male,White,happy,3,3,"[-2.4533586502075195, -1.9797312021255493, -2.6116323471069336, 7.243873119354248, -2.208317518234253, -2.0515248775482178, -1.520888090133667]",tensor(0.9995)
surprise_164bc821696dac10af109ba176b1656e,20-29,Female,Black,surprise,6,3,"[-3.4234697818756104, -2.4516727924346924, -1.9784541130065918, 4.758908748626709, -2.4205172061920166, -4.411343097686768, 3.719808340072632]",tensor(0.7370)
happy_6c5224ec954e54c74872cf20db92d4c8,20-29,Female,White,happy,3,3,"[-1.6806824207305908, -1.4500935077667236, -2.881298542022705, 5.693393230438232, -1.6025913953781128, -1.9227670431137085, -1.6576552391052246]",tensor(0.9966)
fear_412250715894213c148b276362e260c0,30-39,Male,Latino_Hispanic,fear,2,0,"[2.424246072769165, -0.09392599016427994, 1.727716326713562, -5.541494846343994, 0.9458432197570801, -1.521713376045227, -2.5625038146972656]",tensor(0.5454)
disgust_4fdd36c06dde19f43fa55026aac5a0b1,00-02,Male,White,disgust,1,0,"[7.602539539337158, 2.3452184200286865, -3.595993995666504, -2.8805999755859375, -2.3553807735443115, 0.03865474462509155, -4.967065334320068]",tensor(0.9942)
happy_84a58f1a05a023392d919b2f10526c28,20-29,Female,Black,happy,3,3,"[-2.455096960067749, -2.500469446182251, -3.1594789028167725, 6.357988357543945, 0.12304860353469849, -2.126983165740967, -2.0557851791381836]",tensor(0.9973)
happy_0cee22a77cbfa31103ccd4bc2506de66,03-09,Female,Middle Eastern,happy,3,3,"[-3.0783069133758545, -1.8726872205734253, -2.9411890506744385, 6.165149211883545, -0.4152292013168335, -2.2523910999298096, -1.698883295059204]",tensor(0.9975)
angry_81221c6a1aff365c85b256867e1a6c8a,40-49,Male,White,angry,0,0,"[7.073565483093262, 4.4187331199646, 0.052141040563583374, -5.562224864959717, -3.6725308895111084, -2.816528797149658, -2.045015573501587]",tensor(0.9334)
surprise_3fb89cdf9f3d9579812e74c46d87cda7,00-02,Female,White,surprise,6,6,"[-3.182284116744995, -4.32139253616333, 0.03842473030090332, -0.32676392793655396, 1.4125421047210693, -1.9936941862106323, 3.841609239578247]",tensor(0.8850)
